seconds,sensor_accX_m_s_,sensor_accY_m_s_,sensor_accZ_m_s_,sensor_gyroX___s_,sensor_gyroY___s_,sensor_gyroZ___s_,sensor_magX__T_,sensor_magY__T_,sensor_magZ__T_,sensor_yaw___,sensor_pitch___,sensor_roll___,label1
0.0,4.90178155899048,-1.6383136510849,8.19156837463379,0.37347799539566,-0.121951997280121,0.282013982534409,-1284.30004882812,13.5000009536743,-815.700012207031,1.93034379682391,0.531666555036879,0.199047507641245,ST
0.0333333333333333,4.84196758270264,-1.56773269176483,8.1544828414917,0.388722002506256,-0.106707997620106,0.335367977619171,-1289.10009765625,10.5,-825.300048828125,1.93304608280268,0.528633509059589,0.191295992750555,ST
0.0666666666666667,4.85452842712402,-1.60063064098358,8.21788597106934,0.205793991684914,-0.236281991004944,0.434453994035721,-1286.70007324219,12.9000005722046,-844.500061035156,1.93139045194358,0.526305045254474,0.192246107027918,ST
0.1,4.87247276306152,-1.64967834949493,8.22386741638184,0.137196004390717,-0.213415995240211,0.426831990480423,-1286.70007324219,5.10000038146973,-837.300048828125,1.92779380275077,0.526452257557845,0.197134461216785,ST
0.133333333333333,4.94843673706055,-1.73880159854889,8.18678283691406,0.0914639979600906,-0.266770005226135,0.236281991004944,-1289.10009765625,12.9000005722046,-815.700012207031,1.92217100006319,0.532752398114796,0.206931724266901,ST
0.166666666666667,4.88084650039673,-1.65027642250061,8.27829837799072,0.236281991004944,-0.274392008781433,0.236281991004944,-1289.10009765625,8.10000038146973,-813.300048828125,1.92551273707471,0.526179179873848,0.198592350581075,ST
0.2,4.92690372467041,-1.69394087791443,8.14072608947754,0.327746003866196,-0.266770005226135,0.403965979814529,-1286.70007324219,10.5,-813.300048828125,1.92141052128829,0.533703973262296,0.203957162886301,ST
0.233333333333333,4.88264083862305,-1.64369690418243,8.19276428222656,0.236281991004944,-0.182927995920181,0.449698001146317,-1274.70007324219,14.1000003814697,-834.900024414062,1.92256990752882,0.529925817744531,0.199258126134092,ST
0.266666666666667,4.90716505050659,-1.69095015525818,8.25377464294434,0.228659987449646,-0.160062000155449,0.510673999786377,-1284.30004882812,10.5,-822.900024414062,1.92005227473651,0.527991010868959,0.201621870967233,ST
0.3,4.87665987014771,-1.70710003376007,8.1903715133667,0.160062000155449,-0.190549999475479,0.358233988285065,-1293.90002441406,13.5000009536743,-818.100036621094,1.91738563164219,0.527950239164338,0.204892439597501,ST
0.333333333333333,4.90776300430298,-1.70470750331879,8.15209102630615,0.175305992364883,-0.236281991004944,0.243903994560242,-1291.5,12.9000005722046,-810.900024414062,1.91598999711757,0.532049317727142,0.205935241026634,ST
0.366666666666667,4.90836143493652,-1.7286331653595,8.18319416046143,0.205793991684914,-0.236281991004944,0.266770005226135,-1284.30004882812,11.7000007629395,-822.900024414062,1.91416455957252,0.531194744016804,0.207746747329494,ST
0.4,4.84675264358521,-1.69095015525818,8.25915813446045,0.221037998795509,-0.266770005226135,0.37347799539566,-1293.90002441406,8.70000076293945,-830.100036621094,1.91539100791014,0.523714704310645,0.203008981138819,ST
0.433333333333333,4.88922071456909,-1.67898726463318,8.28727054595947,0.335367977619171,-0.228659987449646,0.518296003341675,-1284.30004882812,14.7000007629395,-825.300048828125,1.9151017262578,0.524328198115238,0.20042691362273,ST
0.466666666666667,4.89938926696777,-1.69932413101196,8.11620235443115,0.358233988285065,-0.198172003030777,0.487807989120483,-1281.90002441406,12.3000001907349,-808.500061035156,1.91113978521262,0.532131712501729,0.20524461674805,ST
0.5,4.96578311920166,-1.68556690216064,8.19934368133545,0.365855991840363,-0.144817993044853,0.358233988285065,-1289.10009765625,15.9000005722046,-820.500061035156,1.91107011956351,0.534857498925852,0.203055869460284,ST
0.533333333333333,4.90118360519409,-1.65386533737183,8.20293235778809,0.243903994560242,-0.282013982534409,0.259148001670837,-1301.10009765625,13.5000009536743,-825.300048828125,1.91187859523222,0.531166674704954,0.199691301720126,ST
0.566666666666667,4.86828565597534,-1.6203693151474,8.20173645019531,0.274392008781433,-0.228659987449646,0.426831990480423,-1293.90002441406,15.3000001907349,-832.500061035156,1.91249160671386,0.528202454987195,0.195873659193272,ST
0.6,4.95262384414673,-1.7124832868576,8.17302513122559,0.205793991684914,-0.198172003030777,0.442075997591019,-1298.70007324219,9.30000019073486,-813.300048828125,1.90665687136831,0.534286668535585,0.204851182452694,ST
0.633333333333333,4.83000469207764,-1.6544634103775,8.18977355957031,0.190549999475479,-0.0990860015153885,0.335367977619171,-1291.5,12.3000001907349,-820.500061035156,1.90796928502392,0.526114102629309,0.200393715559566,ST
0.666666666666667,4.89340782165527,-1.67719292640686,8.25078392028809,0.259148001670837,-0.144817993044853,0.327746003866196,-1284.30004882812,9.90000057220459,-815.700012207031,1.90688963661443,0.526524158906505,0.200437481649611,ST
0.7,4.82701396942139,-1.66822075843811,8.24360656738281,0.274392008781433,-0.259148001670837,0.342989981174469,-1291.5,11.7000007629395,-810.900024414062,1.9060865883895,0.522266209202687,0.19973340678739,ST
0.733333333333333,4.89221143722534,-1.70889449119568,8.1491003036499,0.228659987449646,-0.205793991684914,0.403965979814529,-1279.5,15.9000005722046,-827.700012207031,1.90198914428576,0.529795093405211,0.205495668325409,ST
0.766666666666667,4.90118360519409,-1.68437063694,8.30820560455322,0.152439996600151,-0.213415995240211,0.335367977619171,-1293.90002441406,5.70000028610229,-825.300048828125,1.90322940080193,0.525529570261117,0.201212766375863,ST
0.8,4.91254806518555,-1.72923135757446,8.18857765197754,0.243903994560242,-0.236281991004944,0.327746003866196,-1286.70007324219,13.5000009536743,-820.500061035156,1.89945696445959,0.529962714092848,0.20668401308896,ST
0.833333333333333,4.90776300430298,-1.71966099739075,8.17063331604004,0.259148001670837,-0.198172003030777,0.320124000310898,-1303.5,10.5,-818.100036621094,1.89818172350385,0.531278439109674,0.207216756919059,ST
0.866666666666667,4.85093927383423,-1.68556690216064,8.25856018066406,0.320124000310898,-0.190549999475479,0.358233988285065,-1286.70007324219,11.1000003814697,-830.100036621094,1.8994692383458,0.524004051367067,0.202245161792193,ST
0.9,4.85991144180298,-1.69992232322693,8.17900657653809,0.221037998795509,-0.152439996600151,0.381099998950958,-1289.10009765625,10.5,-813.300048828125,1.89732764825142,0.526417682838618,0.204400755572351,ST
0.933333333333333,4.77676963806152,-1.71547400951385,8.2741117477417,0.167683988809586,-0.137196004390717,0.365855991840363,-1284.30004882812,14.7000007629395,-827.700012207031,1.896313546331,0.516991294350201,0.204502716049206,ST
0.966666666666667,4.71217012405396,-1.75196075439453,8.17960548400879,0.236281991004944,-0.228659987449646,0.342989981174469,-1289.10009765625,9.30000019073486,-820.500061035156,1.89273280105202,0.514023432700891,0.209665254166938,ST
1.0,4.62484169006348,-1.78725123405457,8.24899005889893,0.160062000155449,-0.426831990480423,0.205793991684914,-1286.70007324219,11.1000003814697,-830.100036621094,1.89052418987411,0.504354542154833,0.212628139651935,ST
1.03333333333333,4.17862701416016,-1.67659473419189,8.19455909729004,0.342989981174469,-0.0838419944047928,0.114329993724823,-1291.5,18.9000015258789,-815.700012207031,1.89413771446464,0.47165818574389,0.203583675008194,ST
1.06666666666667,4.12419557571411,-1.54021811485291,8.51994895935059,0.525918006896973,-0.0838419944047928,-0.0381099991500378,-1284.30004882812,7.50000047683716,-818.100036621094,1.90278508833652,0.450146473951564,0.18303455679456,ST
1.1,4.27911472320557,-1.53662931919098,8.56122016906738,0.297257989645004,-1.00610399246216,-0.259148001670837,-1281.90002441406,22.5,-815.700012207031,1.90474455383299,0.457221743248418,0.178229450263251,ST
1.13333333333333,4.21511363983154,-1.58089184761047,8.07612609863281,0.175305992364883,-1.03659200668335,-0.213415995240211,-1281.90002441406,15.9000005722046,-813.300048828125,1.89933704232798,0.471589818076793,0.189993017151233,ST
1.16666666666667,4.44480037689209,-1.63173401355743,8.75681304931641,0.121951997280121,-0.434453994035721,0.182927995920181,-1284.30004882812,18.3000011444092,-830.100036621094,1.90074923028954,0.465152621300816,0.185396849629255,ST
1.2,4.57579374313354,-1.72025918960571,8.46731185913086,0.236281991004944,-0.78506600856781,0.365855991840363,-1286.70007324219,10.5,-827.700012207031,1.89396709572078,0.483607353974177,0.197420721934722,ST
1.23333333333333,4.47710037231445,-1.52227389812469,8.3991231918335,0.289635986089706,-0.0990860015153885,0.37347799539566,-1286.70007324219,7.50000047683716,-820.500061035156,1.89984087674361,0.483197805748099,0.182209321547169,ST
1.26666666666667,4.34132146835327,-1.62934148311615,8.4350118637085,0.289635986089706,0.342989981174469,0.365855991840363,-1298.70007324219,9.90000057220459,-813.300048828125,1.89578454017558,0.470238623700639,0.188999949516704,ST
1.3,3.81435775756836,-1.69394087791443,7.95889043807983,0.388722002506256,0.708845973014832,-0.0685980021953583,-1277.10009765625,8.10000038146973,-818.100036621094,1.88879043796491,0.443835847010935,0.204917214540649,ST
1.33333333333333,2.83938479423523,-1.49117040634155,8.57079029083252,0.922261953353882,1.10518991947174,-0.411587983369827,-1298.70007324219,8.70000076293945,-818.100036621094,1.89996774505228,0.339947174406106,0.177084929701072,ST
1.36666666666667,2.90757298469543,-1.47502052783966,8.58335208892822,1.2347639799118,0.0076219998300075,-0.243903994560242,-1286.70007324219,6.90000009536743,-818.100036621094,1.90201021781117,0.325429970242784,0.16952481824105,ST
1.4,3.03318309783936,-1.54261076450348,7.94513320922852,1.06708002090454,-0.670735955238342,-0.160062000155449,-1279.5,13.5000009536743,-825.300048828125,1.89588470190375,0.352858201752219,0.185740145285222,ST
1.43333333333333,3.1707558631897,-1.57790112495422,8.36323547363281,0.861285984516144,-1.06708002090454,0.243903994560242,-1279.5,5.10000038146973,-822.900024414062,1.89438537477472,0.357267029206561,0.185355828988679,ST
1.46666666666667,3.59304475784302,-1.66941702365875,8.28427982330322,0.548784017562866,-2.23324584960938,0.0838419944047928,-1291.5,1.5,-810.900024414062,1.88895755669521,0.39659549311102,0.195781906972561,ST
1.5,4.01234292984009,-1.81715834140778,8.1371374130249,0.640248000621796,-2.85824990272522,0.457319974899292,-1293.90002441406,9.90000057220459,-827.700012207031,1.87854203315569,0.441825213782714,0.214586141817936,ST
1.53333333333333,4.83239698410034,-2.19398832321167,7.83028984069824,0.221037998795509,-3.08691000938416,0.0685980021953583,-1293.90002441406,15.3000001907349,-806.100036621094,1.8550879390713,0.521345530617748,0.261256004972546,ST
1.56666666666667,5.00884914398193,-2.03248977661133,8.79987907409668,0.221037998795509,-3.71953582763672,-0.282013982534409,-1298.70007324219,11.7000007629395,-820.500061035156,1.86704982821854,0.514552004743375,0.234004624698867,ST
1.6,5.45984888076782,-1.97566628456116,8.79030895233154,0.754577994346619,-4.34454011917114,0.228659987449646,-1305.90002441406,6.90000009536743,-796.500061035156,1.86895393398398,0.545417378452316,0.223366149715049,ST
1.63333333333333,6.28528642654419,-2.05163049697876,8.5666036605835,0.83841997385025,-3.7881338596344,0.274392008781433,-1310.70007324219,10.5,-789.300048828125,1.86020991784731,0.612500791766183,0.232967868561605,ST
1.66666666666667,6.33433389663696,-1.88175773620605,8.86029148101807,1.2423859834671,-2.70580983161926,0.403965979814529,-1322.70007324219,4.5,-794.100036621094,1.86803534893367,0.614295434855813,0.213261681946843,ST
1.7,5.92759704589844,-1.40743041038513,8.89139556884766,1.87501192092896,-2.5000159740448,0.586893975734711,-1303.5,7.50000047683716,-813.300048828125,1.89014259763053,0.592141262395351,0.166477703856644,ST
1.73333333333333,6.32177305221558,-1.4881796836853,8.76877593994141,2.31708788871765,-2.30184388160706,1.34909391403198,-1308.30004882812,5.10000038146973,-791.700012207031,1.88401897768606,0.615579687596569,0.166210094886084,ST
1.76666666666667,6.34211015701294,-1.51509618759155,8.38596439361572,2.19513607025146,-1.58537602424622,1.15092194080353,-1317.90002441406,15.9000005722046,-789.300048828125,1.87354734328442,0.636826814508634,0.174551506087205,ST
1.8,6.00655174255371,-1.48698341846466,8.67187690734863,2.20275783538818,-0.472563982009888,1.34147191047668,-1313.10009765625,8.70000076293945,-794.100036621094,1.87115288257958,0.60694974434253,0.169089565208766,ST
1.83333333333333,6.0071496963501,-1.46724474430084,8.70118618011475,2.26373386383057,0.0914639979600906,1.31098401546478,-1320.30004882812,11.1000003814697,-786.900024414062,1.86778788346135,0.599136438200493,0.165532669579356,ST
1.86666666666667,5.82591247558594,-1.66582822799683,8.30940246582031,1.92836594581604,0.533540010452271,0.92988395690918,-1308.30004882812,9.30000019073486,-794.100036621094,1.85022590242354,0.600707255620216,0.189418372905783,ST
1.9,5.60998296737671,-1.60302317142487,8.84832859039307,1.97409796714783,1.46342396736145,0.868907988071442,-1317.90002441406,2.10000014305115,-791.700012207031,1.85231273644882,0.564192283384583,0.179044671423815,ST
1.93333333333333,5.1691517829895,-1.31711077690125,9.00982761383057,2.62959003448486,1.95123195648193,1.08994603157043,-1305.90002441406,6.90000009536743,-782.100036621094,1.86332235300455,0.523058701515003,0.148845012409374,ST
1.96666666666667,5.29715394973755,-1.27763342857361,8.05040645599365,2.56099200248718,3.75002384185791,1.93598794937134,-1310.70007324219,5.10000038146973,-808.500061035156,1.85538540350733,0.559977037020274,0.153182200015688,ST
2.0,5.20683479309082,-1.02103006839752,9.20302772521973,2.32470989227295,4.73326206207275,1.54726600646973,-1303.5,7.50000047683716,-810.900024414062,1.8699069228182,0.51379353631178,0.115449801892762,ST
2.03333333333333,4.82402324676514,-0.592759668827057,8.49542427062988,2.65245604515076,4.74850606918335,0.937505960464478,-1313.10009765625,6.30000019073486,-813.300048828125,1.88542594947332,0.508428500546443,0.075641570919979,ST
2.06666666666667,4.66790771484375,-0.0448607243597507,8.45415306091309,2.53812599182129,5.91467189788818,1.07470202445984,-1284.30004882812,8.10000038146973,-815.700012207031,1.90941263859234,0.4971547407315,0.0166661859996283,ST
2.1,5.21461057662964,0.402550220489502,8.3871603012085,1.70732796192169,5.06100797653198,0.548784017562866,-1284.30004882812,10.5,-822.900024414062,1.93334989184585,0.538696714920171,-0.0386058081996069,ST
2.13333333333333,4.72891855239868,1.22738933563232,7.72681093215942,1.22714197635651,6.46345567703247,0.434453994035721,-1293.90002441406,9.30000019073486,-837.300048828125,1.97875307807112,0.534347947974373,-0.134071937608123,ST
2.16666666666667,3.94654726982117,1.27464270591736,8.20711994171143,0.861285984516144,8.63572597503662,0.853663980960846,-1272.30004882812,3.90000009536743,-839.700012207031,1.9810972093276,0.450150585301555,-0.14984462534874,ST
2.2,2.26337289810181,1.55995690822601,8.0593786239624,0.632625997066498,9.3674373626709,0.609759986400604,-1260.30004882812,7.50000047683716,-837.300048828125,1.98802591943595,0.293013055748374,-0.182984074343412,ST
2.23333333333333,2.119220495224,0.955832481384277,9.51765060424805,0.0838419944047928,10.2668333053589,1.36433792114258,-1255.5,-0.900000035762787,-861.300048828125,1.96451878968419,0.219371973157618,-0.115724857799946,ST
2.26666666666667,2.99310731887817,0.418700069189072,10.035044670105,-0.655492007732391,8.46804141998291,1.01372599601746,-1243.5,3.90000009536743,-858.900024414062,1.94558506470168,0.265778424934971,-0.0528273326417718,ST
2.3,2.95482635498047,-0.225499898195267,9.234130859375,-0.891773998737335,6.76071405410767,-0.388722002506256,-1236.30004882812,-0.300000011920929,-875.700012207031,1.92883054967,0.292551100409609,0.012399088000468,ST
2.33333333333333,2.93269491195679,-0.130395174026489,8.67606353759766,-1.14329993724823,5.34302186965942,-2.25611186027527,-1236.30004882812,11.1000003814697,-875.700012207031,1.93427999865277,0.312351286690082,0.0151384147472073,ST
2.36666666666667,1.29617583751678,-1.1095552444458,10.2043190002441,-1.13567793369293,5.15247201919556,-2.04269599914551,-1229.10009765625,6.90000009536743,-880.500061035156,1.92243685677175,0.152107836622012,0.0931732368763459,ST
2.4,0.905588448047638,-0.658555388450623,9.56131553649902,-0.922261953353882,3.62807202339172,-1.90549993515015,-1226.70007324219,6.90000009536743,-882.900024414062,1.93063683414074,0.0989022206583145,0.0738240999497304,ST
2.43333333333333,0.576011657714844,-0.610105812549591,8.74903678894043,-0.152439996600151,3.29270386695862,-0.922261953353882,-1188.30004882812,3.30000019073486,-894.900024414062,1.93359537579584,0.0678140086610443,0.0705556984793329,ST
2.46666666666667,-0.156713455915451,-1.12091994285583,12.0310478210449,-0.472563982009888,2.9116039276123,-0.602137982845306,-1193.10009765625,8.10000038146973,-887.700012207031,1.93492699182533,-0.0006479429070313,0.0890421366460641,ST
2.5,0.656162858009338,-0.446214646100998,9.1509895324707,-0.152439996600151,1.15092194080353,-0.92988395690918,-1205.10009765625,7.50000047683716,-885.300048828125,1.93814202688311,0.0554325453124208,0.057046993642639,ST
2.53333333333333,0.358287632465363,-0.0831418707966805,9.56191349029541,0.350611984729767,2.37806391716003,0.533540010452271,-1202.70007324219,6.90000009536743,-914.100036621094,1.93890367614988,0.0377474492681762,0.017975816591413,ST
2.56666666666667,0.508421540260315,-0.241649761795998,9.51705265045166,0.0609759986400604,1.2576299905777,1.69970595836639,-1190.70007324219,6.90000009536743,-899.700012207031,1.93466924040945,0.0485630858835268,0.0239996277387068,ST
2.6,1.05273163318634,-1.15800476074219,8.94462966918945,-1.11281192302704,0.228659987449646,1.61586391925812,-1193.10009765625,8.70000076293945,-899.700012207031,1.92430815041845,0.103638105371661,0.11171259203788,ST
2.63333333333333,1.16996765136719,-1.13946235179901,9.04571628570557,-1.10518991947174,-1.05945801734924,0.556405961513519,-1193.10009765625,4.5,-904.500061035156,1.92162626528034,0.124165957368184,0.124216008135048,ST
2.66666666666667,1.60302317142487,-0.767417430877686,9.43989276885986,-0.221037998795509,-1.31860601902008,-0.0609759986400604,-1197.90002441406,8.10000038146973,-887.700012207031,1.92634644843826,0.160757061711594,0.0901847650235594,ST
2.7,2.40632915496826,-1.4821982383728,8.60907173156738,-0.92988395690918,0.6250039935112,-0.746955990791321,-1202.70007324219,11.1000003814697,-909.300048828125,1.91551748613175,0.246306165292055,0.154999558726106,ST
2.73333333333333,0.834409415721893,-1.09579789638519,10.7749471664429,-0.419209986925125,2.12653803825378,-1.10518991947174,-1176.30004882812,4.5,-890.100036621094,1.92653476950052,0.106352533199598,0.111757648853682,ST
2.76666666666667,-0.0328978635370731,-0.721958577632904,9.80296516418457,0.518296003341675,2.5152599811554,-0.823175966739655,-1193.10009765625,5.10000038146973,-892.500061035156,1.93096484851214,0.0127736985457502,0.0795469850871783,ST
2.8,0.0305052921175957,-0.392979919910431,9.12407302856445,0.396344006061554,3.04117798805237,-0.426831990480423,-1195.5,6.90000009536743,-890.100036621094,1.93259902296248,0.0010461385521322,0.0498453414481645,ST
2.83333333333333,-0.329576790332794,0.109460160136223,10.1941509246826,0.937505960464478,2.62196803092957,-0.518296003341675,-1181.10009765625,13.5000009536743,-894.900024414062,1.93327542543999,-0.0292378832581665,0.0001940117126173,ST
2.86666666666667,0.809287428855896,0.0352904349565506,8.53729438781738,1.30336201190948,1.35671591758728,-0.472563982009888,-1176.30004882812,6.30000019073486,-890.100036621094,1.93449984718402,0.0717197617227906,-0.0053252990960496,ST
2.9,1.35658824443817,-0.581993103027344,9.22037410736084,0.396344006061554,1.41769194602966,-0.945127964019775,-1173.90002441406,8.70000076293945,-887.700012207031,1.93121980866451,0.129794578096673,0.0492275284985742,ST
2.93333333333333,1.02880585193634,-0.71059387922287,9.59182071685791,0.213415995240211,1.33385002613068,-1.93598794937134,-1166.70007324219,9.30000019073486,-918.900024414062,1.93347685270113,0.109563917526543,0.0683506692080371,ST
2.96666666666667,0.416905641555786,-1.01145970821381,9.65462589263916,-0.129574000835419,1.6920839548111,-1.70732796192169,-1164.30004882812,5.70000028610229,-909.300048828125,1.93569783035468,0.0518956767127526,0.0983646446492403,ST
3.0,0.729136288166046,-1.04794645309448,9.66120529174805,-0.403965979814529,0.708845973014832,-1.76830399036407,-1164.30004882812,7.50000047683716,-904.500061035156,1.93971445060475,0.0700346077073534,0.106726231370537,ST
3.03333333333333,0.622068703174591,-1.30574607849121,9.10433387756348,-0.243903994560242,0.350611984729767,-1.29574000835419,-1161.90002441406,6.90000009536743,-904.500061035156,1.94095987735781,0.0677214125866774,0.136287935198982,ST
3.06666666666667,0.244640469551086,-1.38350474834442,9.96386528015137,-0.716467976570129,0.525918006896973,-1.02134799957275,-1157.10009765625,9.90000057220459,-906.900024414062,1.94349872097726,0.0320149892979846,0.138601423714177,ST
3.1,-0.215929612517357,-1.04854464530945,9.63668155670166,-0.0381099991500378,0.724089980125427,-0.724089980125427,-1154.70007324219,8.10000038146973,-921.300048828125,1.94560378411832,-0.0122111074375628,0.114530632109177,ST
3.13333333333333,-0.180639177560806,-0.885849714279175,9.24370193481445,0.586893975734711,1.29574000835419,-0.0914639979600906,-1154.70007324219,-3.30000019073486,-926.100036621094,1.94589706326401,-0.0197754890191558,0.098555640098552,ST
3.16666666666667,-0.270958751440048,-0.970187902450562,9.39742469787598,0.617381989955902,0.510673999786377,0.0076219998300075,-1137.90002441406,6.30000019073486,-904.500061035156,1.94609178329178,-0.0275892620374027,0.101145835560891,ST
3.2,-0.282921612262726,-1.14604198932648,9.44886493682861,0.419209986925125,0.556405961513519,0.114329993724823,-1149.90002441406,-1.5,-911.700012207031,1.9464299819215,-0.030076914758337,0.116172087708237,ST
3.23333333333333,-0.25839775800705,-1.48758161067963,9.97223949432373,0.137196004390717,0.518296003341675,0.541162014007568,-1154.70007324219,7.50000047683716,-899.700012207031,1.9460817424647,-0.0273401938928862,0.141440459698406,ST
3.26666666666667,0.229088753461838,-1.20645439624786,9.47817325592041,-0.6250039935112,-1.57013201713562,0.411587983369827,-1140.30004882812,4.5,-906.900024414062,1.94449948722205,0.016961111039871,0.130159093285175,ST
3.3,0.433653652667999,-0.946262180805206,9.84304046630859,0.259148001670837,-1.75305998325348,1.15092194080353,-1145.10009765625,12.3000001907349,-902.100036621094,1.94217877629816,0.0406658979261271,0.102460986595047,ST
3.33333333333333,0.772800743579865,-1.02043187618256,9.93754768371582,1.06708002090454,-1.50915598869324,1.95123195648193,-1161.90002441406,12.3000001907349,-892.500061035156,1.93670316938153,0.0733680601486233,0.100975501829604,ST
3.36666666666667,0.798520863056183,-0.970786035060883,9.05827713012695,1.03659200668335,-1.16616594791412,1.57013201713562,-1173.90002441406,3.90000009536743,-923.700012207031,1.93238299898071,0.085987462240742,0.104344148890861,ST
3.4,0.573020994663239,-1.09938681125641,9.35136699676514,0.884151995182037,-0.533540010452271,1.22714197635651,-1166.70007324219,2.70000004768372,-897.300048828125,1.92860356713653,0.0664121568686638,0.113375966615191,ST
3.43333333333333,0.311632484197617,-1.42597281932831,9.25745868682861,0.541162014007568,-0.815553963184357,0.693601965904236,-1171.5,7.50000047683716,-916.500061035156,1.92483270241587,0.039865424626569,0.145494776406982,ST
3.46666666666667,0.0783567279577255,-1.34701800346375,9.78442287445068,0.266770005226135,-0.121951997280121,0.914639949798584,-1161.90002441406,4.5,-899.700012207031,1.92282425265215,0.0139790220028023,0.138110658291541,ST
3.5,-0.0203368607908487,-1.21542656421661,9.90764045715332,0.266770005226135,0.0914639979600906,1.92836594581604,-1159.5,9.30000019073486,-904.500061035156,1.91840587457313,0.0005195411039229,0.12474477429009,ST
3.53333333333333,-0.0197387188673019,-1.00667464733124,9.79638576507568,0.525918006896973,0.3125019967556,2.18751406669617,-1178.70007324219,7.50000047683716,-918.900024414062,1.91316612349765,-0.0023499168836685,0.105627595049766,ST
3.56666666666667,-0.565245091915131,-0.610105812549591,9.48894023895264,1.19665396213531,0.762199997901917,2.96495795249939,-1171.5,3.30000019073486,-892.500061035156,1.90545919167683,-0.0499872513594686,0.0702478411431531,ST
3.6,-0.479710668325424,-1.2058562040329,9.15876483917236,0.830797970294952,1.32622802257538,3.27745985984802,-1152.30004882812,2.10000014305115,-914.100036621094,1.90077424867641,-0.0538236414440796,0.117297773112898,ST
3.63333333333333,-0.750071287155151,-1.34103655815125,9.16235446929932,0.396344006061554,1.44817996025085,2.33233189582825,-1157.10009765625,3.30000019073486,-904.500061035156,1.89736109639167,-0.077818501651443,0.138916751117805,ST
3.66666666666667,-1.03777801990509,-1.45348739624023,10.2031230926514,0.495429992675781,0.899396002292633,2.08842802047729,-1152.30004882812,3.30000019073486,-909.300048828125,1.89270688529083,-0.0982944268705544,0.140088805225597,ST
3.7,-1.08084440231323,-1.03119850158691,9.77724456787109,1.265251994133,-0.594515979290009,1.97409796714783,-1149.90002441406,11.1000003814697,-899.700012207031,1.88527239974919,-0.106760455258199,0.11007885955817,ST
3.73333333333333,-1.05332982540131,-1.20765066146851,9.88909816741943,0.868907988071442,-0.518296003341675,2.59148001670837,-1157.10009765625,4.5,-926.100036621094,1.87991636042119,-0.105282428053016,0.117830458627556,ST
3.76666666666667,-1.05990934371948,-0.860727727413177,10.4399871826172,0.182927995920181,-0.800309956073761,2.38568592071533,-1157.10009765625,11.1000003814697,-911.700012207031,1.87113099057637,-0.100895775741919,0.0883859503434749,ST
3.8,-0.623264968395233,-1.06828331947327,9.21199989318848,0.335367977619171,-0.297257989645004,2.32470989227295,-1164.30004882812,10.5,-909.300048828125,1.86750535667596,-0.0734426625536971,0.109582122041774,ST
3.83333333333333,-0.779380261898041,-1.08742392063141,9.20183181762695,0.617381989955902,0.381099998950958,2.29422187805176,-1161.90002441406,7.50000047683716,-899.700012207031,1.86289071187673,-0.0826956439299675,0.114898015775659,ST
3.86666666666667,-1.00488018989563,-0.799717128276825,9.83885383605957,1.44055795669556,0.327746003866196,2.34757590293884,-1152.30004882812,13.5000009536743,-904.500061035156,1.85525448868763,-0.0984485142154453,0.085609514477122,ST
3.9,-0.438438802957535,-1.1155366897583,8.49662113189697,1.12043392658234,-0.708845973014832,2.04269599914551,-1154.70007324219,6.30000019073486,-909.300048828125,1.8532155182691,-0.0594377319565951,0.120243558966336,ST
3.93333333333333,-0.516197383403778,-0.549095273017883,9.07382869720459,0.724089980125427,-1.21951997280121,2.11891603469849,-1171.5,6.30000019073486,-911.700012207031,1.84536928591011,-0.0558569684587674,0.0712993204214303,ST
3.96666666666667,-0.0005981429712846,-0.698032855987549,9.74374866485596,0.922261953353882,-1.77592599391937,3.3460578918457,-1171.5,-0.900000035762787,-909.300048828125,1.83693985523464,-0.0078131211016916,0.0700432662662251,ST
4.0,0.293090045452118,-0.339745193719864,9.53021240234375,1.03659200668335,-1.6692179441452,2.75154185295105,-1159.5,6.90000009536743,-899.700012207031,1.83062360752573,0.0250923690535801,0.0411796682949411,ST
4.03333333333333,0.21712589263916,-0.317015767097473,8.83217906951904,1.00610399246216,-0.381099998950958,2.68294382095337,-1169.10009765625,8.10000038146973,-887.700012207031,1.82430593267491,0.0250600341349134,0.0355555155540043,ST
4.06666666666667,-0.30624920129776,-0.402550220489502,10.051194190979,0.609759986400604,0.914639949798584,1.92074394226074,-1161.90002441406,0.300000011920929,-904.500061035156,1.81995013014816,-0.0206281920186804,0.0382643285958054,ST
4.1,-0.61249840259552,-0.223705470561981,9.92618274688721,0.975615978240967,0.426831990480423,1.39482593536377,-1159.5,3.90000009536743,-902.100036621094,1.81622686041126,-0.0544972970538761,0.0240568289767393,ST
4.13333333333333,-0.424681514501572,-0.293090045452118,9.95668792724609,0.350611984729767,0.37347799539566,0.846041977405548,-1142.70007324219,6.30000019073486,-918.900024414062,1.81431139615287,-0.045063448270911,0.0280082109906991,ST
4.16666666666667,-0.593955993652344,0.171667039394379,9.95728588104248,0.731711983680725,0.0381099991500378,0.777444005012512,-1161.90002441406,3.90000009536743,-904.500061035156,1.81071609766564,-0.0567135867152808,-0.0091920895625705,ST
4.2,-0.105871304869652,-0.203368604183197,9.40400409698486,1.02134799957275,0.0228659994900227,1.01372599601746,-1176.30004882812,-0.300000011920929,-909.300048828125,1.80936636903549,-0.0204602290446561,0.013949375620876,ST
4.23333333333333,-0.221312895417213,0.109460160136223,9.76707649230957,0.78506600856781,-0.0076219998300075,0.617381989955902,-1166.70007324219,-3.30000019073486,-906.900024414062,1.80748164565133,-0.0222274004538117,-0.0075628606579543,ST
4.26666666666667,-0.0239257179200649,0.122619308531284,9.14859676361084,0.891773998737335,-0.190549999475479,0.693601965904236,-1159.5,8.10000038146973,-904.500061035156,1.80568868691105,-0.0056161122496605,-0.0137291237823634,ST
4.3,-0.0945065915584564,0.01914057508111,9.08280086517334,0.297257989645004,-0.0152439996600151,0.282013982534409,-1159.5,8.10000038146973,-926.100036621094,1.80511106582604,-0.0094155218495683,-0.0048667076020628,ST
4.33333333333333,-0.290697485208511,0.0388792939484119,9.31488037109375,-0.411587983369827,0.0533539988100529,-0.137196004390717,-1164.30004882812,5.70000028610229,-914.100036621094,1.80542995860147,-0.0268827541415643,-0.0037359557815062,ST
4.36666666666667,-0.15312460064888,-0.619077980518341,8.9715461730957,-0.762199997901917,0.144817993044853,-0.815553963184357,-1171.5,8.70000076293945,-909.300048828125,1.80870945333929,-0.0190709841384668,0.0562027607756711,ST
4.4,-0.30923992395401,-0.781174719333649,9.45424747467041,-1.12043392658234,-0.221037998795509,-1.65397393703461,-1154.70007324219,3.90000009536743,-911.700012207031,1.81295969581929,-0.0293915116079214,0.0787679127244455,ST
4.43333333333333,-1.00248765945435,-0.435448080301285,9.83705902099609,-0.0914639979600906,-0.358233988285065,-1.28049600124359,-1159.5,8.10000038146973,-911.700012207031,1.81441486114093,-0.0887342919924901,0.0503305326081851,ST
4.46666666666667,-0.186620607972145,-0.963010191917419,9.80954456329346,-0.449698001146317,-0.525918006896973,-0.510673999786377,-1171.5,12.9000005722046,-904.500061035156,1.81791882056258,-0.0298530275739577,0.0905820290736173,ST
4.5,0.273949474096298,-0.830222427845001,10.270712852478,-0.655492007732391,-2.03507399559021,-0.907018005847931,-1166.70007324219,3.90000009536743,-911.700012207031,1.81964871193085,0.0195153860954475,0.0833705513600992,ST
4.53333333333333,0.73451954126358,-0.824241042137146,9.42075157165527,-0.0609759986400604,-2.17989206314087,-0.533540010452271,-1171.5,2.70000004768372,-916.500061035156,1.82039689203781,0.0716291639831431,0.0867200596321113,ST
4.56666666666667,1.27763342857361,-1.17236018180847,8.77057075500488,-0.152439996600151,-0.708845973014832,-0.304879993200302,-1178.70007324219,6.30000019073486,-930.900024414062,1.817236628557,0.129952076771078,0.123692838598435,ST
4.6,0.701023578643799,-1.18432307243347,9.89567756652832,-0.182927995920181,-0.449698001146317,-0.205793991684914,-1164.30004882812,5.70000028610229,-902.100036621094,1.81804895238581,0.0803247903113978,0.120088485724814,ST
4.63333333333333,0.890634894371033,-1.18791198730469,8.38656234741211,0.274392008781433,-0.297257989645004,0.3125019967556,-1171.5,7.50000047683716,-914.100036621094,1.81574082515943,0.100193302975616,0.136209275631044,ST
4.66666666666667,0.314025074243546,-1.44391715526581,9.76468372344971,0.0533539988100529,0.205793991684914,0.609759986400604,-1173.90002441406,9.30000019073486,-918.900024414062,1.81379429174606,0.0451810385192967,0.144666876576386,ST
4.7,-0.154919028282166,-1.07605922222137,10.70436668396,0.449698001146317,-0.426831990480423,1.15092194080353,-1171.5,7.50000047683716,-902.100036621094,1.81154177150701,-0.0039928026069371,0.107020777844709,ST
4.73333333333333,0.0083740018308162,-0.791343152523041,9.98300647735596,1.52439999580383,0.0076219998300075,1.81403601169586,-1169.10009765625,6.90000009536743,-911.700012207031,1.80733659285562,-0.0003767396624032,0.0825976136688684,ST
4.76666666666667,-0.409727931022644,-0.307445496320724,10.426230430603,1.95885396003723,0.304879993200302,2.4923939704895,-1166.70007324219,6.90000009536743,-914.100036621094,1.80098400928713,-0.0320422638514604,0.0373842554954911,ST
4.8,-0.0837400183081627,-0.260790348052979,10.2509746551514,1.50915598869324,-0.0838419944047928,2.98020195960999,-1149.90002441406,2.10000014305115,-909.300048828125,1.79392910639098,-0.0129798533233999,0.025656657896511,ST
4.83333333333333,0.227294325828552,-0.272753208875656,9.28078651428223,1.02134799957275,-0.571649968624115,2.53050398826599,-1183.5,8.10000038146973,-902.100036621094,1.78805566641392,0.0176335050532891,0.0272336450077115,ST
4.86666666666667,0.261986613273621,-0.149535745382309,9.61813926696777,0.586893975734711,-0.472563982009888,2.80489587783813,-1152.30004882812,5.10000038146973,-909.300048828125,1.78137208500884,0.0261142892657327,0.0168838816400527,ST
4.9,0.281725347042084,0.0945065915584564,9.7060661315918,1.35671591758728,-0.937505960464478,3.49849796295166,-1178.70007324219,0.900000035762787,-911.700012207031,1.77338088082228,0.0298414362867791,-0.0067911704495546,ST
4.93333333333333,0.483897656202316,0.270958751440048,8.98171520233154,1.28811800479889,-0.975615978240967,3.67380380630493,-1171.5,3.90000009536743,-909.300048828125,1.76565141316623,0.0504414010862816,-0.0270231336140141,ST
4.96666666666667,0.375633776187897,0.430064797401428,8.96377086639404,1.09756803512573,0.0,2.85062789916992,-1173.90002441406,4.5,-902.100036621094,1.75963326989259,0.0436261142178623,-0.0453440794445389,ST
5.0,-0.0669920146465302,0.407933503389359,9.5684928894043,0.503051996231079,0.289635986089706,1.87501192092896,-1181.10009765625,10.5,-902.100036621094,1.75482960410999,0.0011964090665933,-0.0437587225776532,ST
5.03333333333333,-0.206359326839447,0.171667039394379,10.0685405731201,-0.0533539988100529,0.3125019967556,0.937505960464478,-1178.70007324219,2.70000004768372,-909.300048828125,1.75262696099967,-0.0172677421315911,-0.0214684302841481,ST
5.06666666666667,0.0813474431633949,-0.0005981429712846,9.26583290100098,-0.327746003866196,0.0838419944047928,0.0609759986400604,-1169.10009765625,14.1000003814697,-902.100036621094,1.75260098715559,0.0034137974815213,-0.0038186904164143,ST
5.1,-0.240453481674194,0.142358019948006,9.98180961608887,-0.205793991684914,-0.274392008781433,-0.967993974685669,-1178.70007324219,9.30000019073486,-914.100036621094,1.75477290017076,-0.0181692005710384,-0.0118533748333341,NLL
5.13333333333333,-0.196789041161537,0.072973445057869,9.87354564666748,-0.320124000310898,-0.762199997901917,-0.792688012123108,-1157.10009765625,5.70000028610229,-914.100036621094,1.75673266221842,-0.01852642050583,-0.007764199895945,NLL
5.16666666666667,0.0496458671987057,0.0179442893713713,9.60856914520264,-0.632625997066498,-1.2423859834671,-0.868907988071442,-1164.30004882812,8.10000038146973,-906.900024414062,1.75896431377779,0.0029900527021287,-0.0019338859269315,NLL
5.2,-0.0089721446856856,0.0412718653678894,9.56789493560791,-0.457319974899292,-0.87652999162674,-0.846041977405548,-1178.70007324219,8.70000076293945,-897.300048828125,1.76110098773286,0.0009910300841126,-0.0032519388414519,NLL
5.23333333333333,-0.279930919408798,0.084936298429966,9.10672664642334,-0.449698001146317,-0.0304879993200302,-0.442075997591019,-1166.70007324219,6.30000019073486,-916.500061035156,1.7620586883194,-0.0242956073437644,-0.0074649580713947,NLL
5.26666666666667,-0.718967854976654,-0.0209350045770407,9.20900917053223,-1.14329993724823,0.114329993724823,0.342989981174469,-1171.5,6.30000019073486,-906.900024414062,1.7615564523711,-0.0678970592816968,0.0020105406523452,NLL
5.3,-1.69812786579132,0.18482618033886,9.38486289978027,-1.2347639799118,0.121951997280121,1.89787793159485,-1171.5,6.30000019073486,-918.900024414062,1.75492568624602,-0.158011672377646,-0.0141226463067046,NLL
5.33333333333333,-1.4241783618927,0.135180309414864,8.96735954284668,-2.85824990272522,0.0533539988100529,4.53508996963501,-1169.10009765625,10.5,-909.300048828125,1.74391310772601,-0.157585454628414,-0.0119027723516611,NLL
5.36666666666667,-2.27653217315674,0.522178828716278,9.2640380859375,-3.19361782073975,-0.739333987236023,7.48480367660522,-1181.10009765625,17.1000003814697,-916.500061035156,1.71937771025997,-0.222525895960614,-0.0448985267887643,NLL
5.4,-0.0544310100376606,-1.11374223232269,8.72511196136475,-5.96040391921997,-0.3125019967556,11.8598318099976,-1169.10009765625,17.7000007629395,-904.500061035156,1.71007873596753,-0.050747989852901,0.0991336548227383,NLL
5.43333333333333,-0.262584775686264,-1.39845824241638,10.3568458557129,-4.32167387008667,-0.647870004177094,11.5549516677856,-1173.90002441406,18.9000015258789,-897.300048828125,1.6828033266497,-0.0307939349701026,0.133567157031839,NLL
5.46666666666667,0.215929612517357,-2.37881469726562,10.7869100570679,-3.7805118560791,-0.289635986089706,12.1799554824829,-1166.70007324219,23.1000003814697,-897.300048828125,1.65574998596946,0.0067139018725668,0.205439575381121,NLL
5.5,-1.17594909667969,-1.50432956218719,10.5015964508057,-1.36433792114258,-1.49391198158264,11.8140993118286,-1176.30004882812,24.9000015258789,-899.700012207031,1.62615232918404,-0.0876596130534293,0.156041545341968,NLL
5.53333333333333,-0.539524972438812,-1.89850580692291,9.12168025970459,-0.731711983680725,-1.58537602424622,14.0168581008911,-1159.5,28.5000019073486,-918.900024414062,1.59470085043642,-0.0646031735803952,0.19607732193745,NLL
5.56666666666667,1.16458439826965,-2.41649770736694,9.42134952545166,-1.53964400291443,-2.04269599914551,9.96195411682129,-1157.10009765625,30.9000015258789,-911.700012207031,1.5693653952071,0.085777893782528,0.244029707484372,NLL
5.6,0.874485015869141,-2.18980145454407,8.94881725311279,0.0990860015153885,0.78506600856781,6.83693361282349,-1142.70007324219,27.3000011444092,-897.300048828125,1.55431382262435,0.0895612893912941,0.241420677243645,NLL
5.63333333333333,0.253014475107193,-2.20654940605164,9.42194843292236,0.556405961513519,1.58537602424622,5.10673999786377,-1157.10009765625,34.5,-899.700012207031,1.54424809594048,0.0350874882669336,0.231903417518424,NLL
5.66666666666667,-0.420494496822357,-1.72324991226196,9.2640380859375,0.92988395690918,0.236281991004944,3.66618180274963,-1147.5,29.1000003814697,-902.100036621094,1.535921280386,-0.0308890054107461,0.191667561978138,NLL
5.7,0.33137121796608,-1.7405960559845,8.10603332519531,0.990859985351562,-0.144817993044853,2.20275783538818,-1154.70007324219,26.7000007629395,-892.500061035156,1.53060912839293,0.0268557995277149,0.206587050203201,NLL
5.73333333333333,-0.580198705196381,-1.24054849147797,9.46680927276611,2.79727387428284,-0.175305992364883,-0.663114011287689,-1142.70007324219,32.1000022888184,-904.500061035156,1.53157870850126,-0.0426835865995234,0.14185130941853,NLL
5.76666666666667,0.0663938671350479,-0.986337780952454,9.18149471282959,2.62196803092957,-0.0152439996600151,-1.11281192302704,-1152.30004882812,33.9000015258789,-894.900024414062,1.53354143991095,-0.0026624175751027,0.11040746707094,NLL
5.8,0.458775669336319,-0.857737004756927,9.06366062164307,1.6920839548111,0.160062000155449,-1.64635193347931,-1149.90002441406,35.1000022888184,-897.300048828125,1.53780025497491,0.0408816400279873,0.0947362312751577,NLL
5.83333333333333,0.39238178730011,-1.13407909870148,10.3951263427734,0.602137982845306,1.12043392658234,-2.31708788871765,-1161.90002441406,30.3000011444092,-899.700012207031,1.54339980757029,0.0367986085158898,0.10532009560656,NLL
5.86666666666667,0.268566191196442,-1.32967185974121,10.2940406799316,0.236281991004944,1.01372599601746,-2.94971394538879,-1152.30004882812,24.3000011444092,-902.100036621094,1.54981818448914,0.0271543419859194,0.123334236396647,NLL
5.9,-0.398961365222931,-1.40503787994385,9.38725566864014,-0.297257989645004,0.922261953353882,-3.16313004493713,-1137.90002441406,29.1000003814697,-897.300048828125,1.55781110293975,-0.0303263891607436,0.144547506217398,NLL
5.93333333333333,-0.640611112117767,-1.32309222221375,9.82988166809082,-0.800309956073761,0.861285984516144,-3.05642199516296,-1152.30004882812,27.9000015258789,-899.700012207031,1.56528155876973,-0.0593827978204979,0.137000325020879,NLL
5.96666666666667,-1.02342259883881,-0.827829897403717,8.81004810333252,-0.342989981174469,0.121951997280121,-2.35519790649414,-1145.10009765625,26.7000007629395,-887.700012207031,1.5678692049284,-0.103712998181174,0.103240708747972,NLL
6.0,-1.16697692871094,-1.45887064933777,9.72939395904541,-0.663114011287689,0.182927995920181,-1.60061991214752,-1147.5,23.7000007629395,-899.700012207031,1.57549354685935,-0.115157888248647,0.140798631967376,NLL
6.03333333333333,-1.1376678943634,-1.9128612279892,9.41716289520264,-1.00610399246216,-0.106707997620106,-1.60824191570282,-1133.10009765625,31.5000019073486,-923.700012207031,1.58451172528335,-0.116805078382546,0.190020157893497,NLL
6.06666666666667,-1.06230187416077,-2.24901747703552,9.56131553649902,-2.04269599914551,-0.182927995920181,-2.11129403114319,-1142.70007324219,24.9000015258789,-906.900024414062,1.59266182763784,-0.108707236426476,0.225914182768813,NLL
6.1,-0.770408153533936,-2.69642853736877,9.69709396362305,-2.25611186027527,0.0304879993200302,-1.91312193870544,-1145.10009765625,26.1000003814697,-892.500061035156,1.60069020219453,-0.081189515885167,0.267136466753933,NLL
6.13333333333333,-0.400755792856216,-2.44640469551086,9.59301662445068,-1.36433792114258,-0.25152599811554,-2.60672402381897,-1140.30004882812,26.1000003814697,-890.100036621094,1.60583805991712,-0.0459811943788789,0.254804363582476,NLL
6.16666666666667,-0.141161739826202,-2.4816951751709,9.05349159240723,-0.0228659994900227,0.304879993200302,-2.09605002403259,-1152.30004882812,27.3000011444092,-897.300048828125,1.61146936227579,-0.0198753341981364,0.265524643108774,NLL
6.2,-0.614292860031128,-2.41948843002319,9.2161865234375,0.121951997280121,0.243903994560242,-2.69056582450867,-1152.30004882812,25.5000019073486,-902.100036621094,1.61734604087457,-0.0547710174413409,0.258505625722221,NLL
6.23333333333333,-0.634031534194946,-2.34232783317566,8.99188327789307,-0.37347799539566,0.342989981174469,-1.55488801002502,-1140.30004882812,23.7000007629395,-897.300048828125,1.62081632239512,-0.0653480781463822,0.256230257234031,NLL
6.26666666666667,-0.971982300281525,-2.09888362884521,9.00384616851807,-0.304879993200302,0.480185985565186,-0.830797970294952,-1142.70007324219,32.1000022888184,-894.900024414062,1.62115871696521,-0.0971922939295815,0.235061103607013,NLL
6.3,-1.08204066753387,-2.29507446289062,8.97453689575195,-0.396344006061554,0.792688012123108,0.274392008781433,-1145.10009765625,26.1000003814697,-906.900024414062,1.62222866514889,-0.113600932489494,0.247817496149855,NLL
6.33333333333333,-0.607713282108307,-2.7682056427002,9.22037410736084,-1.14329993724823,0.701223969459534,0.198172003030777,-1147.5,25.5000019073486,-899.700012207031,1.62540010086928,-0.0742869705205111,0.284447169114916,NLL
6.36666666666667,-1.08263874053955,-2.82981443405151,9.08339881896973,-0.449698001146317,-0.0685980021953583,-0.0381099991500378,-1142.70007324219,30.9000015258789,-914.100036621094,1.62667941168074,-0.105794884428008,0.299303726883257,NLL
6.4,-1.52347016334534,-2.85254383087158,8.52951908111572,-0.0533539988100529,0.480185985565186,0.426831990480423,-1152.30004882812,26.7000007629395,-916.500061035156,1.62855696265502,-0.157572560654797,0.318548737602095,NLL
6.43333333333333,-1.88953363895416,-2.67190456390381,9.16115760803223,-0.0152439996600151,-0.160062000155449,1.55488801002502,-1149.90002441406,23.7000007629395,-899.700012207031,1.61969194775173,-0.189588526064879,0.28926557197151,NLL
6.46666666666667,-1.23337078094482,-2.67489528656006,9.04870700836182,0.175305992364883,-0.823175966739655,2.21800184249878,-1137.90002441406,26.1000003814697,-906.900024414062,1.61402733246389,-0.141767042395387,0.287033655472993,NLL
6.5,-1.73341834545135,-2.23286771774292,8.96137809753418,1.6844619512558,-0.358233988285065,2.31708788871765,-1140.30004882812,21.9000015258789,-911.700012207031,1.60345016743061,-0.177110055977741,0.249978656250466,NLL
6.53333333333333,-1.19688403606415,-2.13537049293518,9.69709396362305,1.92074394226074,-0.945127964019775,2.53050398826599,-1145.10009765625,27.9000015258789,-902.100036621094,1.59345452167263,-0.131003057925817,0.220172799310556,NLL
6.56666666666667,-1.0335910320282,-2.00019001960754,9.0851936340332,2.30184388160706,-2.11891603469849,1.85976791381836,-1147.5,33.3000030517578,-911.700012207031,1.5881304406608,-0.112420963968861,0.213817180549201,NLL
6.6,-0.825437307357788,-1.88056147098541,9.21319580078125,1.82165801525116,-1.82165801525116,1.05183601379395,-1137.90002441406,29.1000003814697,-916.500061035156,1.5840521918418,-0.0903805905503907,0.201128464774066,NLL
6.63333333333333,-0.442027658224106,-1.70231485366821,9.36392784118652,1.31098401546478,-1.93598794937134,0.510673999786377,-1152.30004882812,20.7000007629395,-899.700012207031,1.58077910638004,-0.0516710946676605,0.181667507733561,NLL
6.66666666666667,-0.294286340475082,-1.91226303577423,9.27001953125,0.907018005847931,-1.16616594791412,0.106707997620106,-1147.5,27.3000011444092,-909.300048828125,1.58080795707646,-0.0336690648592561,0.197766144947589,NLL
6.7,0.244042336940765,-2.20654940605164,8.92190074920654,0.503051996231079,-0.282013982534409,-1.99696397781372,-1164.30004882812,26.7000007629395,-904.500061035156,1.58549045686002,0.0153690619107909,0.232738377290227,NLL
6.73333333333333,-0.368456065654755,-1.98583471775055,9.11928749084473,1.09756803512573,-0.320124000310898,-3.7805118560791,-1154.70007324219,24.3000011444092,-899.700012207031,1.59373812139175,-0.0268115774472929,0.216658625674888,NLL
6.76666666666667,-0.530552804470062,-1.89611327648163,9.63488674163818,1.37195992469788,0.198172003030777,-3.91770792007446,-1161.90002441406,21.9000015258789,-914.100036621094,1.60204700488825,-0.0476702148317845,0.197136100878321,NLL
6.8,-0.0065795728005468,-2.03727507591248,9.54755783081055,1.57013201713562,-0.190549999475479,-3.10977602005005,-1142.70007324219,30.3000011444092,-909.300048828125,1.60973309206584,-0.0079137652117713,0.205729954302024,NLL
6.83333333333333,0.154320880770683,-1.9828439950943,9.52303409576416,1.58537602424622,-0.579271972179413,-2.78965187072754,-1164.30004882812,24.3000011444092,-902.100036621094,1.61611235564645,0.0132371842237411,0.203065378449439,NLL
6.86666666666667,0.272155046463013,-2.02232146263123,8.29145812988281,1.59299790859222,-0.37347799539566,-3.38416790962219,-1164.30004882812,24.9000015258789,-892.500061035156,1.62351909808579,0.0303570949730771,0.230721594353038,NLL
6.9,0.104675017297268,-2.1030707359314,9.29454326629639,1.14329993724823,0.221037998795509,-4.55795574188232,-1161.90002441406,19.5,-906.900024414062,1.63398876987333,0.016008628272112,0.222454591068121,NLL
6.93333333333333,-0.460570096969604,-1.70470750331879,10.1618509292603,2.080806016922,0.0381099991500378,-6.3719916343689,-1171.5,23.1000003814697,-906.900024414062,1.6480752779145,-0.0308147967014178,0.174823072785941,NLL
6.96666666666667,0.0155517170205712,-2.05462121963501,9.14919471740723,2.10367202758789,0.0990860015153885,-6.59302997589111,-1169.10009765625,18.9000015258789,-906.900024414062,1.66367198872605,-0.0032427048791696,0.20877726832133,NLL
7.0,0.0197387188673019,-1.11374223232269,9.80715179443359,2.43903994560242,-0.205793991684914,-6.84455585479736,-1154.70007324219,15.3000001907349,-906.900024414062,1.67910446597953,0.0026789119124419,0.129003562289898,NLL
7.03333333333333,-0.420494496822357,-0.677695989608765,9.55892276763916,3.41465592384338,0.403965979814529,-5.17533779144287,-1176.30004882812,17.1000003814697,-923.700012207031,1.69071125254589,-0.0349043185634556,0.0772018523529621,NLL
7.06666666666667,0.24882747232914,-0.729734420776367,8.74664497375488,3.20123982429504,0.525918006896973,-2.76678586006165,-1173.90002441406,15.3000001907349,-921.300048828125,1.69762037193142,0.0165876724317213,0.0775684954931661,NLL
7.1,0.274547636508942,-0.849363029003143,9.21439266204834,2.40092992782593,0.472563982009888,-1.47104597091675,-1173.90002441406,12.3000001907349,-904.500061035156,1.7010857010849,0.0269608940720244,0.0859691172464058,NLL
7.13333333333333,0.123815596103668,-0.785959839820862,9.14859676361084,1.80641400814056,0.800309956073761,-0.411587983369827,-1164.30004882812,12.9000005722046,-906.900024414062,1.70225142408144,0.0146364317756863,0.0831090349238888,NLL
7.16666666666667,-0.436644375324249,-0.538926839828491,9.64086818695068,1.51677799224854,1.63872992992401,0.914639949798584,-1169.10009765625,14.1000003814697,-906.900024414062,1.70020361564144,-0.0355004291704809,0.0592104754035562,NLL
7.2,-1.0856294631958,-0.438438802957535,10.6188325881958,1.37958192825317,1.73781597614288,1.84452390670776,-1164.30004882812,4.5,-918.900024414062,1.69533143474027,-0.0909805277650414,0.0427924023557804,NLL
7.23333333333333,-0.486290246248245,-0.956430613994598,9.92498588562012,0.792688012123108,1.28049600124359,3.16313004493713,-1161.90002441406,8.70000076293945,-914.100036621094,1.69131941532162,-0.0588940740859802,0.0845660496125665,NLL
7.26666666666667,-0.0640012994408607,-0.952243626117706,9.40460205078125,0.602137982845306,3.04879999160767,2.54574799537659,-1157.10009765625,11.1000003814697,-916.500061035156,1.68620617781166,-0.020271262809111,0.0971943803777348,NLL
7.3,-1.01145970821381,-0.403148353099823,10.4154634475708,0.807931959629059,2.53050398826599,1.57775402069092,-1142.70007324219,15.9000005722046,-916.500061035156,1.68058427282825,-0.085006413728039,0.0492814335676914,NLL
7.33333333333333,-0.951047301292419,-0.324193477630615,9.34418964385986,0.769822001457214,-0.434453994035721,1.21951997280121,-1149.90002441406,8.70000076293945,-906.900024414062,1.67673196907904,-0.0975387572830493,0.0363910932352054,NLL
7.36666666666667,-0.401353925466537,-0.499449372291565,8.99606990814209,-0.0838419944047928,-1.16616594791412,1.79117000102997,-1147.5,6.30000019073486,-914.100036621094,1.6732822506504,-0.0518440803122752,0.0522176430687418,NLL
7.4,-0.559263706207275,0.0083740018308162,9.72161769866943,0.0152439996600151,-1.30336201190948,1.85214591026306,-1145.10009765625,15.3000001907349,-909.300048828125,1.66633826230674,-0.0546650310149166,0.0084463924964081,NLL
7.43333333333333,-0.654966533184052,0.404344648122787,9.84004974365234,0.967993974685669,-0.708845973014832,1.63110792636871,-1154.70007324219,12.9000005722046,-902.100036621094,1.66032330137851,-0.0630220233974705,-0.0325712712461359,NLL
7.46666666666667,-0.213537037372589,0.321800917387009,9.11330604553223,1.27287399768829,-0.0685980021953583,1.18903195858002,-1152.30004882812,16.5,-911.700012207031,1.65754261171846,-0.0312384162940131,-0.036591631107147,NLL
7.5,-0.821848452091217,0.474327385425568,9.53380107879639,0.6250039935112,0.0762199983000755,-0.25152599811554,-1145.10009765625,15.9000005722046,-923.700012207031,1.65758851068836,-0.0749865610036382,-0.0479113912454717,NLL
7.53333333333333,-1.03538548946381,0.495860517024994,9.91122913360596,-0.381099998950958,-0.457319974899292,-1.08232402801514,-1147.5,11.1000003814697,-918.900024414062,1.6601051887479,-0.0982045409233034,-0.0489263569007836,ST
7.56666666666667,-0.39836323261261,0.267968058586121,10.2749004364014,-0.861285984516144,-1.09756803512573,-1.64635193347931,-1142.70007324219,6.90000009536743,-899.700012207031,1.66566271202895,-0.0472131146907043,-0.0285011349269209,ST
7.6,-0.105871304869652,0.0233275759965181,9.88491058349609,-0.716467976570129,-1.10518991947174,-2.53812599182129,-1149.90002441406,10.5,-909.300048828125,1.6725604032787,-0.0156959615980172,-0.0059086546265758,ST
7.63333333333333,0.166881889104843,-0.146545022726059,9.17252254486084,-1.07470202445984,-0.259148001670837,-3.3613018989563,-1152.30004882812,11.7000007629395,-911.700012207031,1.68079400672295,0.0125406424326686,0.0135851515107085,ST
7.66666666666667,0.0167480036616325,-0.25839775800705,8.99427604675293,-1.57013201713562,0.350611984729767,-3.3460578918457,-1159.5,10.5,-933.300048828125,1.68912946120014,0.0032627439656007,0.0284294999461055,ST
7.7,-0.590367138385773,-0.611900269985199,9.22575759887695,-1.51677799224854,1.21951997280121,-3.15550804138184,-1157.10009765625,10.5,-906.900024414062,1.69794732462953,-0.0540289626438255,0.0622368248283818,ST
7.73333333333333,-0.852353751659393,-0.771006286144257,9.86995697021484,-0.960371971130371,1.64635193347931,-2.9344699382782,-1145.10009765625,7.50000047683716,-911.700012207031,1.7057473203226,-0.0814539749874154,0.0764280107305437,ST
7.76666666666667,-0.824241042137146,-0.667527556419373,9.81133937835693,0.160062000155449,0.983237981796265,-3.03355598449707,-1152.30004882812,8.10000038146973,-918.900024414062,1.71233625282142,-0.0842460884960662,0.0697825988519144,ST
7.8,-0.673509001731873,-0.750071287155151,9.79758167266846,0.411587983369827,0.564027965068817,-2.98020195960999,-1147.5,13.5000009536743,-911.700012207031,1.71972073773074,-0.0721042768346118,0.0748195348663495,ST
7.83333333333333,-0.872690618038177,-0.563450694084167,10.3293313980103,0.586893975734711,0.3125019967556,-3.08691000938416,-1137.90002441406,15.3000001907349,-916.500061035156,1.72585919561293,-0.082039904150958,0.0578744775287295,ST
7.86666666666667,-0.608311414718628,-0.416307508945465,9.77365589141846,0.716467976570129,0.449698001146317,-3.40703392028809,-1135.5,11.7000007629395,-923.700012207031,1.73335123124182,-0.0660734040409515,0.0446230044462029,ST
7.9,-0.349913626909256,-0.510814070701599,9.1988410949707,0.510673999786377,0.967993974685669,-3.47563195228577,-1145.10009765625,5.70000028610229,-923.700012207031,1.74246430473761,-0.0441218723282485,0.0530619477939849,ST
7.93333333333333,-0.628648281097412,-0.51440292596817,9.18807411193848,0.381099998950958,1.01372599601746,-3.50611996650696,-1140.30004882812,11.1000003814697,-923.700012207031,1.75155287978682,-0.0653531317754846,0.0551967560053212,ST
7.96666666666667,-0.991721034049988,-0.575413525104523,9.59899806976318,0.0457319989800453,0.472563982009888,-2.9268479347229,-1130.70007324219,11.1000003814697,-930.900024414062,1.75928778685077,-0.0969198113628427,0.0593942987026552,ST
8.0,-0.558067381381989,-0.594554126262665,9.40280723571777,-0.198172003030777,0.0685980021953583,-1.99696397781372,-1133.10009765625,12.3000001907349,-916.500061035156,1.76411991519133,-0.0667015707585625,0.062881861280374,ST
8.03333333333333,0.0687864422798157,-1.03538548946381,9.31368446350098,-0.205793991684914,-0.411587983369827,-1.53964400291443,-1135.5,8.70000076293945,-914.100036621094,1.76918789024413,-0.0051269944087495,0.102522600638868,ST
8.06666666666667,-0.113049022853374,-1.01744115352631,8.96137809753418,-0.6250039935112,-1.02897000312805,-1.47104597091675,-1130.70007324219,14.7000007629395,-914.100036621094,1.77236057315446,-0.0093929665870145,0.111815187633266,ST
8.1,0.0992917343974113,-1.05871307849884,9.16953182220459,-1.14329993724823,-0.83841997385025,-0.87652999162674,-1135.5,14.1000003814697,-918.900024414062,1.77414780366492,0.0079946781712824,0.115910233378114,ST
8.13333333333333,0.0867307335138321,-1.18910825252533,9.48415470123291,-0.602137982845306,-0.449698001146317,-0.792688012123108,-1130.70007324219,15.3000001907349,-930.900024414062,1.77577981876447,0.0096115881160915,0.123780151344009,ST
8.16666666666667,-0.117236025631428,-1.4941611289978,9.3717041015625,0.182927995920181,0.0228659994900227,-0.78506600856781,-1133.10009765625,8.70000076293945,-928.500061035156,1.77755398241933,-0.007801937609864,0.150929531479301,ST
8.2,-0.454588651657104,-1.51509618759155,9.63309288024902,0.617381989955902,0.25152599811554,-0.830797970294952,-1128.30004882812,-0.300000011920929,-914.100036621094,1.77964165292887,-0.0389364492703404,0.154154816874472,ST
8.23333333333333,-0.79672646522522,-1.25669836997986,10.5075778961182,1.28049600124359,0.274392008781433,-0.160062000155449,-1130.70007324219,8.10000038146973,-923.700012207031,1.77865551443452,-0.0682079789179086,0.124357641337621,ST
8.26666666666667,-0.989328503608704,-1.16398620605469,9.91541576385498,1.95123195648193,0.236281991004944,0.67835795879364,-1133.10009765625,4.5,-914.100036621094,1.7768272730204,-0.0930547923181154,0.115574472981176,ST
8.3,-1.14065861701965,-1.35120499134064,10.0135116577148,1.81403601169586,0.274392008781433,1.30336201190948,-1128.30004882812,7.50000047683716,-911.700012207031,1.77557982661417,-0.109120722711399,0.12767070549723,ST
8.33333333333333,-0.932504892349243,-1.16219174861908,9.85620021820068,1.2423859834671,0.114329993724823,0.983237981796265,-1123.5,10.5,-911.700012207031,1.7724866424109,-0.0967723445014277,0.117287677273657,ST
8.36666666666667,-0.610703945159912,-1.45049667358398,9.88431262969971,0.983237981796265,-0.0304879993200302,0.853663980960846,-1125.90002441406,8.70000076293945,-911.700012207031,1.77237110646132,-0.0671771982247227,0.139429260370471,ST
8.4,-0.451597929000854,-1.30275535583496,8.86567497253418,1.41006994247437,-0.327746003866196,0.708845973014832,-1116.30004882812,5.70000028610229,-923.700012207031,1.77094801909295,-0.0530357167965777,0.142663015739522,ST
8.43333333333333,-0.675303399562836,-1.26267981529236,8.61086654663086,1.49391198158264,-0.236281991004944,1.08994603157043,-1135.5,10.5,-923.700012207031,1.76861454158422,-0.0724137540696837,0.142822697772527,ST
8.46666666666667,-1.17415463924408,-1.01803934574127,9.21499061584473,1.56251001358032,-0.266770005226135,1.47866797447205,-1130.70007324219,3.90000009536743,-921.300048828125,1.76255168775895,-0.116308946458481,0.113449308638583,ST
8.5,-1.18851006031036,-1.02402079105377,9.83466720581055,1.60824191570282,-0.640248000621796,2.24848985671997,-1116.30004882812,9.30000019073486,-914.100036621094,1.75600565353291,-0.11849023170752,0.102643475155891,ST
8.53333333333333,-0.656760990619659,-1.20166921615601,10.0852890014648,1.30336201190948,-1.59299790859222,3.27745985984802,-1140.30004882812,6.30000019073486,-928.500061035156,1.74943652674779,-0.0737312492539409,0.113154227799618,ST
8.56666666666667,-0.35709136724472,-1.10835897922516,9.57088565826416,1.49391198158264,-1.19665396213531,3.17837381362915,-1140.30004882812,5.70000028610229,-923.700012207031,1.74202686366357,-0.043274591801164,0.112536795401866,ST
8.6,-0.515001118183136,-0.979758203029633,9.93993949890137,1.40244793891907,-0.632625997066498,3.24697184562683,-1135.5,8.10000038146973,-930.900024414062,1.7334889105055,-0.0496229973448689,0.0985618042908204,ST
8.63333333333333,-0.476719945669174,-0.849961161613464,9.54516506195068,1.95123195648193,-0.724089980125427,3.24697184562683,-1125.90002441406,11.7000007629395,-926.100036621094,1.72512137411844,-0.0490799219094186,0.0875188479049037,ST
8.66666666666667,-0.82663357257843,-0.469542235136032,8.89498424530029,2.30184388160706,0.0304879993200302,2.80489587783813,-1149.90002441406,6.30000019073486,-911.700012207031,1.71608717603193,-0.0860139747995685,0.0545319890868489,ST
8.7,-1.26208162307739,-0.16568560898304,9.29514217376709,2.43903994560242,0.350611984729767,3.07166600227356,-1142.70007324219,2.70000004768372,-911.700012207031,1.70591291967481,-0.126296743702522,0.0208693494011478,ST
8.73333333333333,-0.91874760389328,-0.273351341485977,9.59301662445068,1.2500079870224,-1.50153398513794,3.67380380630493,-1133.10009765625,4.5,-916.500061035156,1.69744534851391,-0.098558787696932,0.0248205934476459,ST
8.76666666666667,-0.492271661758423,-0.110058307647705,9.0134162902832,0.518296003341675,-2.12653803825378,3.3613018989563,-1147.5,8.10000038146973,-923.700012207031,1.68859482785591,-0.0599732224528948,0.0135129709449358,ST
8.8,-0.37025049328804,-0.146545022726059,9.59660625457764,0.541162014007568,-1.06708002090454,3.04879999160767,-1147.5,2.10000014305115,-914.100036621094,1.68120614367375,-0.040907123375148,0.0139746500948307,ST
8.83333333333333,-0.533543527126312,-0.111254595220089,9.96506214141846,0.945127964019775,-0.78506600856781,2.84300589561462,-1145.10009765625,9.30000019073486,-914.100036621094,1.67456745390181,-0.049905029632015,0.0102256684716533,ST
8.86666666666667,-0.406737208366394,-0.123815596103668,9.71683216094971,1.00610399246216,-1.10518991947174,2.59910202026367,-1149.90002441406,11.7000007629395,-928.500061035156,1.6686844694743,-0.0419547408517129,0.0106707171218003,ST
8.9,-0.349913626909256,0.116039738059044,9.10194206237793,0.967993974685669,-0.800309956073761,2.47714996337891,-1140.30004882812,3.30000019073486,-916.500061035156,1.66226073299589,-0.0380091454597126,-0.0095173903188475,ST
8.93333333333333,-0.32239904999733,0.0083740018308162,9.38845252990723,0.884151995182037,-0.358233988285065,2.36281991004944,-1149.90002441406,2.70000004768372,-918.900024414062,1.65677970084016,-0.0344510695095078,-0.0038185646994512,ST
8.96666666666667,0.0508421510457993,-0.072973445057869,8.84294605255127,-0.152439996600151,-0.708845973014832,1.30336201190948,-1157.10009765625,7.50000047683716,-921.300048828125,1.65385366313991,-0.0008805001035786,0.0061569087050605,ST
9.0,0.084936298429966,-0.139965459704399,8.75023365020752,-0.663114011287689,-1.09756803512573,0.769822001457214,-1161.90002441406,4.5,-918.900024414062,1.65191236123425,0.0093759068304734,0.0151964038443966,ST
9.03333333333333,-0.285314202308655,-0.110656447708607,9.59182071685791,-0.358233988285065,-0.891773998737335,0.533540010452271,-1154.70007324219,7.50000047683716,-909.300048828125,1.65055770409603,-0.0214847776302513,0.0126943330162332,ST
9.06666666666667,-0.252416342496872,-0.28411790728569,9.99317455291748,-0.0990860015153885,-1.41006994247437,0.823175966739655,-1140.30004882812,11.7000007629395,-897.300048828125,1.64881840822554,-0.0225621372841368,0.025552430485489,ST
9.1,0.2613884806633,-0.440831363201141,9.88371467590332,-0.564027965068817,-2.30184388160706,0.846041977405548,-1164.30004882812,6.90000009536743,-935.700012207031,1.64643562095626,0.0220325305018206,0.0424178438734285,ST
9.13333333333333,0.556272983551025,-0.589170813560486,9.86995697021484,-0.823175966739655,-2.4923939704895,0.762199997901917,-1157.10009765625,8.10000038146973,-923.700012207031,1.64383792325414,0.0531797552297987,0.0575752170877428,ST
9.16666666666667,1.23396897315979,-1.1538177728653,9.93635082244873,-1.20427596569061,-2.02745199203491,0.967993974685669,-1169.10009765625,4.5,-899.700012207031,1.63751612620539,0.111411014204741,0.105673454541865,ST
9.2,1.37572884559631,-1.28959619998932,9.25028133392334,-0.891773998737335,-0.846041977405548,0.3125019967556,-1164.30004882812,11.7000007629395,-921.300048828125,1.6333793253899,0.140345535864868,0.133196159189521,ST
9.23333333333333,0.363072782754898,-0.919943869113922,9.86038684844971,-0.167683988809586,0.25152599811554,0.259148001670837,-1171.5,7.50000047683716,-899.700012207031,1.63606613510299,0.0536483976414735,0.100021507896127,ST
9.26666666666667,-0.403746515512466,-0.515599250793457,10.2778902053833,1.21189796924591,0.769822001457214,1.06708002090454,-1152.30004882812,8.10000038146973,-911.700012207031,1.63437273634967,-0.0216722563120546,0.0585143108840152,ST
9.3,-0.364867210388184,-0.099889874458313,9.29753398895264,1.41769194602966,0.800309956073761,1.38720393180847,-1176.30004882812,8.10000038146973,-906.900024414062,1.62983051570341,-0.0375047112500326,0.0166349158001693,ST
9.33333333333333,-0.425279647111893,-0.0161498598754406,10.3909397125244,0.716467976570129,0.922261953353882,2.40855193138123,-1164.30004882812,5.70000028610229,-904.500061035156,1.6236763482716,-0.041590748137103,0.0032634046378078,ST
9.36666666666667,-0.468944102525711,-0.287706762552261,10.1181869506836,0.205793991684914,-0.0533539988100529,2.30184388160706,-1161.90002441406,4.5,-918.900024414062,1.61925057361,-0.0453290062805833,0.0229291881777339,ST
9.4,-0.0526365824043751,-0.375035643577576,10.0284652709961,-0.213415995240211,-0.320124000310898,1.82165801525116,-1169.10009765625,6.90000009536743,-904.500061035156,1.61498575135393,-0.0115869297000178,0.0352105568280674,ST
9.43333333333333,-0.21712589263916,-0.0741697251796722,9.97044563293457,0.792688012123108,0.243903994560242,1.33385002613068,-1164.30004882812,9.90000057220459,-923.700012207031,1.61158608153506,-0.0200982204936514,0.0118972262017327,ST
9.46666666666667,-0.425279647111893,0.108862020075321,9.03554725646973,1.41006994247437,0.861285984516144,0.754577994346619,-1166.70007324219,4.5,-892.500061035156,1.60928870110463,-0.0428016086050123,-0.0092222435833558,ST
9.5,-0.69264954328537,0.214733332395554,9.62112998962402,0.92988395690918,0.907018005847931,0.731711983680725,-1159.5,12.3000001907349,-906.900024414062,1.6069229225424,-0.0679473152853556,-0.0213739648503336,ST
9.53333333333333,-0.693845868110657,0.489280939102173,9.18149471282959,0.655492007732391,0.0533539988100529,0.221037998795509,-1166.70007324219,8.70000076293945,-902.100036621094,1.6045679890763,-0.0740727123399361,-0.0485115162097709,ST
9.56666666666667,-0.725547432899475,0.686069965362549,9.56310939788818,1.02134799957275,0.320124000310898,0.632625997066498,-1154.70007324219,12.3000001907349,-906.900024414062,1.6016349132237,-0.075674224625067,-0.0690289917496413,ST
9.6,-0.413914948701859,0.553880393505096,9.74554347991943,0.602137982845306,-0.236281991004944,0.190549999475479,-1161.90002441406,8.70000076293945,-909.300048828125,1.60186266711112,-0.0476043889732365,-0.0597160777324463,ST
9.63333333333333,-0.179442897439003,0.355895072221756,9.07741737365723,-1.05945801734924,-1.07470202445984,-0.358233988285065,-1159.5,3.90000009536743,-906.900024414062,1.60336407549856,-0.0238917711616046,-0.0418281287437325,ST
9.66666666666667,-0.192602038383484,0.273949474096298,9.5391845703125,-1.36433792114258,-0.221037998795509,-0.564027965068817,-1142.70007324219,3.90000009536743,-906.900024414062,1.60488632689743,-0.0206462254645185,-0.0294355378040975,ST
9.7,-0.0855344459414482,-0.0783567279577255,9.86995697021484,-1.05945801734924,0.411587983369827,-0.731711983680725,-1164.30004882812,6.90000009536743,-914.100036621094,1.60702498237302,-0.0116638835632483,0.0018964858455875,ST
9.73333333333333,-0.352306216955185,-0.480906963348389,9.39024639129639,-0.78506600856781,0.731711983680725,-1.31860601902008,-1164.30004882812,2.10000014305115,-926.100036621094,1.61096590252621,-0.0332214516001908,0.0423683606682503,ST
9.76666666666667,-0.728538155555725,-0.52935653924942,9.55413722991943,-0.739333987236023,1.08994603157043,-1.49391198158264,-1147.5,10.5,-928.500061035156,1.61501990176717,-0.0687784505269257,0.0538808007874554,ST
9.8,-0.811680018901825,-0.598142981529236,9.48236083984375,-0.762199997901917,0.990859985351562,-1.30336201190948,-1145.10009765625,6.90000009536743,-918.900024414062,1.61895290896568,-0.0837849315610772,0.0627286000209781,ST
9.83333333333333,-1.04435765743256,-0.47851437330246,9.45963096618652,-0.541162014007568,1.02897000312805,-0.891773998737335,-1147.5,5.70000028610229,-918.900024414062,1.62017711840593,-0.105932191923437,0.0538890719963468,ST
9.86666666666667,-0.744687974452972,-0.307445496320724,10.1098127365112,-0.0228659994900227,0.198172003030777,-0.243903994560242,-1142.70007324219,-0.900000035762787,-923.700012207031,1.61899992656678,-0.0788849156672183,0.0341568649692442,ST
9.9,-0.0412718653678894,-0.70162171125412,8.85789966583252,0.0304879993200302,-0.388722002506256,-0.0533539988100529,-1161.90002441406,9.30000019073486,-914.100036621094,1.62083378600746,-0.0190871950307421,0.0699668807913265,ST
9.93333333333333,0.0257201474159956,-0.729734420776367,8.99188327789307,-0.548784017562866,-0.282013982534409,-0.708845973014832,-1154.70007324219,6.30000019073486,-921.300048828125,1.62268807104521,-0.0001132497420603,0.0800551849827654,ST
9.96666666666667,-0.358885794878006,-0.748875021934509,9.39742469787598,-0.525918006896973,-0.327746003866196,-0.556405961513519,-1140.30004882812,11.1000003814697,-921.300048828125,1.62389205273152,-0.029886601864673,0.0803780974308909,ST
10.0,-0.160900458693504,-0.788950562477112,9.25387001037598,-1.22714197635651,-0.708845973014832,-0.564027965068817,-1142.70007324219,9.30000019073486,-909.300048828125,1.6251496179449,-0.0186415576847169,0.0859151187635918,ST
10.0333333333333,0.0400755777955055,-0.834409415721893,9.29753398895264,-1.73781597614288,-0.990859985351562,-0.381099998950958,-1161.90002441406,11.1000003814697,-906.900024414062,1.62587304845382,0.0016614844982105,0.0913584375270147,ST
10.0666666666667,0.129198879003525,-0.582591235637665,9.65402793884277,-1.17378795146942,-1.36433792114258,-0.228659987449646,-1157.10009765625,9.30000019073486,-914.100036621094,1.62637939950556,0.0133965279690584,0.0671932463961314,ST
10.1,0.267968058586121,-0.849363029003143,9.47518253326416,-0.769822001457214,-0.861285984516144,-0.472563982009888,-1145.10009765625,12.3000001907349,-906.900024414062,1.62699588532361,0.026625780718289,0.0862616605043225,ST
10.1333333333333,-0.149535745382309,-0.320604622364044,10.003342628479,-0.724089980125427,-0.922261953353882,-1.12043392658234,-1161.90002441406,12.3000001907349,-911.700012207031,1.63011883131145,-0.0065362917720718,0.0421920054804361,ST
10.1666666666667,-0.235070183873177,-0.379820793867111,10.2126932144165,-0.419209986925125,-0.46494197845459,-1.08994603157043,-1164.30004882812,13.5000009536743,-916.500061035156,1.6326749278997,-0.0193299075940604,0.0386950583358747,ST
10.2,0.221911042928696,-0.640611112117767,10.8832111358643,-0.426831990480423,0.121951997280121,-2.01982998847961,-1147.5,11.7000007629395,-906.900024414062,1.63766620615467,0.0132321776630686,0.0558055274230267,ST
10.2333333333333,0.303856641054153,-0.646592557430267,9.82390022277832,-0.37347799539566,0.342989981174469,-2.76678586006165,-1157.10009765625,9.30000019073486,-906.900024414062,1.64449592537946,0.0276454583290749,0.0645053249123168,ST
10.2666666666667,-0.0974973067641258,-0.881662726402283,10.1193828582764,-0.807931959629059,0.640248000621796,-2.86587190628052,-1142.70007324219,5.70000028610229,-909.300048828125,1.65097366934532,-0.0026657184599878,0.083486476918808,ST
10.3,-0.0783567279577255,-1.1496307849884,9.75092697143555,-1.40244793891907,0.365855991840363,-3.24697184562683,-1157.10009765625,9.30000019073486,-923.700012207031,1.65862178259943,-0.006950860720689,0.112503023300176,ST
10.3333333333333,-0.0556272976100445,-1.35240125656128,9.14859676361084,-1.6920839548111,0.548784017562866,-3.26983785629272,-1157.10009765625,11.7000007629395,-906.900024414062,1.66642319288808,-0.0063614115996317,0.142238016887348,ST
10.3666666666667,-0.174059599637985,-1.75076448917389,9.06964206695557,-1.41769194602966,1.48628997802734,-2.79727387428284,-1149.90002441406,13.5000009536743,-921.300048828125,1.67378590579777,-0.0177105444588256,0.182944263978646,ST
10.4,-0.856540739536285,-2.12879085540771,9.76468372344971,-1.44817996025085,1.61586391925812,-2.33233189582825,-1135.5,12.9000005722046,-921.300048828125,1.68088012685404,-0.0733760704175212,0.210458148953088,ST
10.4333333333333,-0.872092425823212,-2.10606145858765,9.32923603057861,-1.50153398513794,1.17378795146942,-1.79879200458527,-1133.10009765625,8.70000076293945,-909.300048828125,1.68614755416018,-0.0884476234841663,0.222019073892359,ST
10.4666666666667,-1.22021162509918,-2.23944735527039,8.59172534942627,-0.754577994346619,1.09756803512573,-0.663114011287689,-1145.10009765625,14.1000003814697,-930.900024414062,1.69099626552556,-0.128143208477436,0.249499417827073,ST
10.5,-1.47083353996277,-2.57739806175232,8.86627292633057,-1.14329993724823,1.40244793891907,0.0304879993200302,-1125.90002441406,12.3000001907349,-930.900024414062,1.69544958229429,-0.15424224768356,0.278224320368437,ST
10.5333333333333,-2.09948182106018,-2.04206013679504,9.63010215759277,-0.602137982845306,1.50915598869324,0.327746003866196,-1121.10009765625,11.1000003814697,-928.500061035156,1.68555133478613,-0.201803687137724,0.223083299153792,ST
10.5666666666667,-1.71188521385193,-2.37044048309326,9.56610012054443,0.411587983369827,-0.0533539988100529,1.82927989959717,-1140.30004882812,20.1000003814697,-906.900024414062,1.68422974092853,-0.177535690646523,0.238513264115947,ST
10.6,-1.20765066146851,-2.50861167907715,9.01999568939209,0.907018005847931,-0.891773998737335,2.24086785316467,-1125.90002441406,17.1000003814697,-938.100036621094,1.68262252307794,-0.136142619277891,0.263970580438597,ST
10.6333333333333,-1.27703523635864,-1.87398195266724,9.48355674743652,1.59299790859222,-1.265251994133,3.01068997383118,-1137.90002441406,14.1000003814697,-918.900024414062,1.66708592491257,-0.131369909293811,0.203680860083655,ST
10.6666666666667,-0.877475738525391,-1.60900461673737,9.1928596496582,3.01831197738647,-1.93598794937134,4.2149658203125,-1135.5,11.1000003814697,-926.100036621094,1.65354832063234,-0.0988276542104434,0.173643513869088,ST
10.7,-0.768015563488007,-1.79801774024963,8.96078014373779,3.44514393806458,-1.6615959405899,4.42838191986084,-1142.70007324219,5.10000038146973,-930.900024414062,1.64489593675338,-0.085710610349034,0.187734683663314,ST
10.7333333333333,-1.1556122303009,-0.99889874458313,9.46441650390625,3.74240183830261,-0.731711983680725,4.10063600540161,-1128.30004882812,11.7000007629395,-911.700012207031,1.62905227290978,-0.113615311747664,0.116000091796365,ST
10.7666666666667,-0.97557121515274,-0.337352633476257,9.58882999420166,4.53508996963501,-1.22714197635651,4.37502813339233,-1130.70007324219,5.70000028610229,-906.900024414062,1.61147189617224,-0.102221192644149,0.0423816959402239,ST
10.8,-0.531749129295349,-0.0077758585102856,8.45415306091309,3.88721990585327,-2.38568592071533,4.16923379898071,-1135.5,7.50000047683716,-928.500061035156,1.59860386274092,-0.0665147775803442,0.002252490350906,ST
10.8333333333333,-0.741697311401367,0.253612607717514,9.84363842010498,2.38568592071533,-2.4923939704895,3.83386588096619,-1140.30004882812,6.30000019073486,-926.100036621094,1.58788975084454,-0.0699743831184833,-0.0245576164056468,ST
10.8666666666667,0.150732025504112,0.135180309414864,8.78911304473877,1.84452390670776,-3.16313004493713,3.02593398094177,-1152.30004882812,6.90000009536743,-914.100036621094,1.58075652000912,0.0072202546949967,-0.0196687926681685,ST
10.9,0.35410064458847,0.189013183116913,9.62292385101318,1.20427596569061,-4.06252574920654,2.27897787094116,-1159.5,11.7000007629395,-904.500061035156,1.57520649334344,0.0377884262385645,-0.021302357719762,ST
10.9333333333333,1.53902184963226,-0.458177506923676,9.98480033874512,-0.152439996600151,-4.11588001251221,0.914639949798584,-1166.70007324219,10.5,-909.300048828125,1.56773352932636,0.140665504441704,0.0355402709527134,ST
10.9666666666667,1.98404026031494,-0.671714544296265,9.09596061706543,-0.907018005847931,-3.52136397361755,-0.655492007732391,-1176.30004882812,6.30000019073486,-906.900024414062,1.56375371065957,0.204316468817311,0.0670923429441891,ST
11.0,1.63711726665497,0.0622068680822849,10.2952365875244,-0.83841997385025,-1.59299790859222,-0.807931959629059,-1176.30004882812,10.5,-909.300048828125,1.57708670895238,0.167937119645517,0.0071686670446203,ST
11.0333333333333,0.891831159591675,0.516197383403778,10.7468347549438,0.426831990480423,-0.731711983680725,0.106707997620106,-1176.30004882812,7.50000047683716,-902.100036621094,1.58273255701869,0.100949404687654,-0.037530269923948,ST
11.0666666666667,0.66034984588623,0.0945065915584564,9.0253791809082,0.190549999475479,1.34147191047668,0.640248000621796,-1171.5,9.90000057220459,-911.700012207031,1.5792391475432,0.0768138111715814,-0.0160978549493818,ST
11.1,-0.10527316480875,-0.0029907147400081,9.92079925537109,-0.754577994346619,1.97409796714783,-0.182927995920181,-1169.10009765625,7.50000047683716,-914.100036621094,1.5791165141038,0.0042716786424896,-0.0019519150307936,ST
11.1333333333333,-0.0167480036616325,-0.512010395526886,10.4328098297119,-1.89025592803955,0.3125019967556,-0.236281991004944,-1154.70007324219,9.30000019073486,-906.900024414062,1.57960813168036,-0.0008453143086838,0.0413918114680097,ST
11.1666666666667,-0.513206660747528,-0.105871304869652,8.87524509429932,-1.12043392658234,0.0762199983000755,-1.04421401023865,-1173.90002441406,14.7000007629395,-918.900024414062,1.58144026054899,-0.0463499643221791,0.0194897109038548,ST
11.2,-0.128002598881721,-0.569432079792023,9.78621673583984,-0.899396002292633,1.44817996025085,-0.426831990480423,-1159.5,13.5000009536743,-914.100036621094,1.58356336751695,-0.0217659534173907,0.0516117061639364,ST
11.2333333333333,-0.684873700141907,-0.43425178527832,9.93395805358887,-1.05945801734924,0.365855991840363,-0.541162014007568,-1173.90002441406,9.30000019073486,-914.100036621094,1.58455403917932,-0.0597660932457727,0.0468018772500974,ST
11.2666666666667,-0.533543527126312,-0.40853163599968,9.51406192779541,-1.49391198158264,-0.0304879993200302,-0.586893975734711,-1166.70007324219,8.10000038146973,-906.900024414062,1.58564199902164,-0.0566545925419882,0.0458257602103967,ST
11.3,-0.540721237659454,-0.901401460170746,9.00265026092529,-1.47104597091675,1.09756803512573,-0.640248000621796,-1159.5,9.30000019073486,-902.100036621094,1.58990039457009,-0.0606612628702651,0.092320385101005,ST
11.3333333333333,-0.644798099994659,-1.49117040634155,9.83227443695068,-2.11129403114319,0.777444005012512,-1.16616594791412,-1152.30004882812,7.50000047683716,-902.100036621094,1.59557112600439,-0.0648143559534875,0.141822877243623,ST
11.3666666666667,-0.427074074745178,-1.51330173015594,9.43809795379639,-1.71494996547699,-0.228659987449646,-1.55488801002502,-1169.10009765625,17.1000003814697,-918.900024414062,1.59971868958962,-0.0480733831179126,0.158030010643047,ST
11.4,-0.547898948192596,-1.46066510677338,9.12945652008057,-0.388722002506256,0.320124000310898,-1.44817996025085,-1166.70007324219,14.1000003814697,-916.500061035156,1.60313788432158,-0.0570714966813467,0.159178861154921,ST
11.4333333333333,-0.78177285194397,-1.46784281730652,9.34239482879639,0.403965979814529,1.08232402801514,-1.05183601379395,-1166.70007324219,12.9000005722046,-914.100036621094,1.6060170103024,-0.0795286083805175,0.155945174895168,ST
11.4666666666667,-0.662742435932159,-1.26866126060486,9.27360820770264,0.480185985565186,0.602137982845306,-0.739333987236023,-1154.70007324219,10.5,-914.100036621094,1.60685002869726,-0.0728857386574668,0.138702297278914,ST
11.5,-0.466551512479782,-1.1095552444458,9.22994422912598,0.609759986400604,0.236281991004944,-0.579271972179413,-1145.10009765625,2.70000004768372,-914.100036621094,1.60730745688616,-0.0549534684196804,0.122677772288605,ST
11.5333333333333,-0.214733332395554,-1.314120054245,9.44587421417236,0.6250039935112,-0.137196004390717,0.160062000155449,-1171.5,11.1000003814697,-911.700012207031,1.60744589023503,-0.028893304183405,0.13422248164776,ST
11.5666666666667,-0.400157660245895,-1.03658175468445,9.60677433013916,0.87652999162674,0.358233988285065,0.640248000621796,-1145.10009765625,11.1000003814697,-916.500061035156,1.60527604690069,-0.039781222074502,0.110970599541763,ST
11.6,-0.922934591770172,-0.891233026981354,9.85978889465332,1.84452390670776,1.77592599391937,1.07470202445984,-1152.30004882812,6.90000009536743,-911.700012207031,1.60198993477422,-0.0873363201645083,0.0906262991443704,ST
11.6333333333333,-0.774595141410828,-0.885849714279175,10.6756553649902,1.62348592281342,0.396344006061554,0.731711983680725,-1159.5,13.5000009536743,-911.700012207031,1.59985199667377,-0.0753881062161816,0.0816643145332409,ST
11.6666666666667,0.0598142966628075,-0.867307305335999,9.71085071563721,0.907018005847931,-0.792688012123108,0.236281991004944,-1154.70007324219,8.10000038146973,-914.100036621094,1.59942308033804,-0.0082629983784735,0.0863794813982388,ST
11.7,1.0856294631958,-0.745286166667938,8.548659324646,0.167683988809586,-1.42531394958496,-0.0076219998300075,-1159.5,14.7000007629395,-923.700012207031,1.59909857792516,0.105323624715223,0.0866529553357613,ST
11.7333333333333,0.803904175758362,-0.811081886291504,8.95180797576904,0.213415995240211,-0.777444005012512,-0.137196004390717,-1159.5,7.50000047683716,-923.700012207031,1.59894240604901,0.0930474176941058,0.0894188875083116,ST
11.7666666666667,0.293688207864761,-0.523973226547241,8.88541412353516,0.594515979290009,0.144817993044853,-0.853663980960846,-1157.10009765625,6.90000009536743,-914.100036621094,1.60257356303512,0.0449779946074155,0.0641425979719395,ST
11.8,-0.0167480036616325,-0.551487803459167,8.92848014831543,0.556405961513519,0.205793991684914,-1.02897000312805,-1164.30004882812,1.5,-921.300048828125,1.60529637488982,0.00530329480197,0.0612339228634733,ST
11.8333333333333,-0.33137121796608,-0.607115089893341,9.34000205993652,-0.495429992675781,-0.304879993200302,-1.56251001358032,-1145.10009765625,9.30000019073486,-916.500061035156,1.60887133002726,-0.0266216324399597,0.0648950508811586,ST
11.8666666666667,-0.52038437128067,-0.811680018901825,10.8939781188965,-1.47104597091675,-1.17378795146942,-1.34147191047668,-1152.30004882812,9.90000057220459,-914.100036621094,1.61197887659407,-0.0416059555317849,0.0745729153126405,ST
11.9,0.0269164331257343,-0.850559294223785,9.90524768829346,-1.71494996547699,-1.81403601169586,-1.265251994133,-1145.10009765625,15.3000001907349,-904.500061035156,1.61471272724879,-0.0035658504654656,0.0858405280048378,ST
11.9333333333333,0.072973445057869,-1.20226740837097,9.68154239654541,-1.61586391925812,-0.0533539988100529,-1.05945801734924,-1159.5,13.5000009536743,-921.300048828125,1.61710057405713,0.0054832823461804,0.118192741123582,ST
11.9666666666667,-0.204564899206161,-1.33326065540314,10.1893653869629,-1.48628997802734,0.480185985565186,-1.09756803512573,-1149.90002441406,11.1000003814697,-911.700012207031,1.61986837417631,-0.0155629121944067,0.129963482360918,ST
12.0,-0.334960073232651,-1.57730305194855,9.66957950592041,-1.16616594791412,0.320124000310898,-0.914639949798584,-1152.30004882812,13.5000009536743,-918.900024414062,1.62277344829429,-0.0311122109637755,0.157733004321946,ST
12.0333333333333,-0.305052906274796,-1.53782558441162,9.33102989196777,-0.914639949798584,0.221037998795509,-1.02897000312805,-1157.10009765625,9.30000019073486,-940.500061035156,1.62560542849803,-0.0321439615193894,0.163849780161861,ST
12.0666666666667,-0.546104550361633,-1.71128702163696,9.08160495758057,0.221037998795509,0.495429992675781,-0.434453994035721,-1149.90002441406,15.3000001907349,-909.300048828125,1.62766954460674,-0.0548161255892593,0.181964238327355,ST
12.1,-0.561058104038239,-1.86919677257538,9.341796875,0.274392008781433,0.0533539988100529,0.190549999475479,-1154.70007324219,9.30000019073486,-906.900024414062,1.6279723227994,-0.0582365801557837,0.194302782220121,ST
12.1333333333333,-0.83261501789093,-1.76811063289642,10.1720190048218,0.0152439996600151,-0.67835795879364,1.01372599601746,-1161.90002441406,11.7000007629395,-916.500061035156,1.62400936123048,-0.0758138499762764,0.175933975701029,ST
12.1666666666667,-0.161498606204987,-1.82493424415588,9.73896408081055,0.198172003030777,-1.2500079870224,1.74543797969818,-1157.10009765625,12.3000001907349,-906.900024414062,1.6199300653134,-0.0270209116380212,0.182979156380099,ST
12.2,0.126806303858757,-2.18800687789917,9.71563625335693,0.685979962348938,-0.800309956073761,2.0579400062561,-1154.70007324219,14.7000007629395,-906.900024414062,1.6152616362368,0.0052244678973252,0.212775966160851,ST
12.2333333333333,0.1722651720047,-1.81117689609528,9.35555458068848,1.40244793891907,0.160062000155449,0.899396002292633,-1157.10009765625,14.7000007629395,-909.300048828125,1.61346825998993,0.0150190342437781,0.193628912319297,ST
12.2666666666667,-0.0137572884559631,-1.73282015323639,8.38895511627197,1.71494996547699,0.716467976570129,1.37958192825317,-1159.5,7.50000047683716,-914.100036621094,1.61025855435811,-0.0004201394058848,0.19959588889823,ST
12.3,-0.222509190440178,-1.62096750736237,9.07203483581543,1.49391198158264,0.960371971130371,1.86738991737366,-1152.30004882812,15.9000005722046,-921.300048828125,1.60626614444899,-0.0211631996400414,0.179286587418406,ST
12.3333333333333,-0.394774347543716,-1.43315052986145,9.16414833068848,1.79879200458527,0.83841997385025,2.31708788871765,-1161.90002441406,11.7000007629395,-923.700012207031,1.60046754533208,-0.0404547634453298,0.156755101536416,ST
12.3666666666667,-1.40503787994385,-1.33086812496185,10.8186120986938,2.83538389205933,1.19665396213531,2.9116039276123,-1140.30004882812,6.90000009536743,-906.900024414062,1.59229250849744,-0.112728569788631,0.125076943856422,ST
12.4,-1.13467717170715,-1.00906717777252,10.2569561004639,2.86587190628052,0.388722002506256,3.29270386695862,-1157.10009765625,4.5,-921.300048828125,1.58272012033457,-0.111307317225766,0.0989982067453209,ST
12.4333333333333,-0.843381583690643,-0.61548912525177,9.72341251373291,2.85062789916992,-0.282013982534409,3.56709599494934,-1135.5,9.90000057220459,-916.500061035156,1.57183518406825,-0.0913700217050886,0.0659418423935052,ST
12.4666666666667,-0.500645637512207,-0.461766362190247,9.25985145568848,2.30184388160706,-0.952749967575073,2.30184388160706,-1145.10009765625,11.7000007629395,-906.900024414062,1.56559457321957,-0.0603347619092146,0.0496271895456508,ST
12.5,0.291295617818832,-0.57361912727356,9.14919471740723,2.05031800270081,-1.59299790859222,1.84452390670776,-1142.70007324219,6.30000019073486,-906.900024414062,1.56143273676736,0.0152661009878942,0.0571166561457444,ST
12.5333333333333,0.519786238670349,-0.702817976474762,9.85560131072998,1.51677799224854,-2.36281991004944,1.32622802257538,-1157.10009765625,2.10000014305115,-923.700012207031,1.55764655613513,0.0482133336170383,0.0663166467733313,ST
12.5666666666667,1.23815596103668,-0.610105812549591,8.72630786895752,0.868907988071442,-2.12653803825378,0.960371971130371,-1161.90002441406,5.70000028610229,-909.300048828125,1.554624319852,0.127035982298462,0.0681024047963065,ST
12.6,1.24413740634918,-0.732127010822296,8.87823581695557,0.510673999786377,-1.74543797969818,0.815553963184357,-1152.30004882812,14.1000003814697,-906.900024414062,1.550889594586,0.138741344141816,0.0788858485976817,ST
12.6333333333333,0.183031752705574,-0.206957474350929,10.7833213806152,1.00610399246216,-2.10367202758789,1.08232402801514,-1159.5,8.70000076293945,-916.500061035156,1.55219547503389,0.039211440205542,0.0272034614841366,ST
12.6666666666667,0.650779545307159,-0.214135184884071,10.0003519058228,1.37195992469788,-1.97409796714783,1.34909391403198,-1166.70007324219,9.90000057220459,-902.100036621094,1.54905238775058,0.062830928531943,0.0206789273607755,ST
12.7,0.868503570556641,-0.259594053030014,9.6342887878418,0.510673999786377,-0.830797970294952,0.510673999786377,-1173.90002441406,6.30000019073486,-906.900024414062,1.54742678614677,0.0855631845522914,0.0250214913477174,ST
12.7333333333333,-0.22968690097332,0.35410064458847,9.37828350067139,1.15092194080353,0.434453994035721,0.388722002506256,-1169.10009765625,5.10000038146973,-916.500061035156,1.54843232223106,-0.0077245711809937,-0.0295239141327209,ST
12.7666666666667,-1.12510693073273,0.314623206853867,8.89857292175293,2.01982998847961,2.14178204536438,0.792688012123108,-1169.10009765625,5.70000028610229,-904.500061035156,1.54627981085273,-0.104809704565144,-0.0370807643635814,ST
12.8,-1.56773269176483,0.412120521068573,8.94522857666016,1.2347639799118,2.19513607025146,0.807931959629059,-1164.30004882812,3.30000019073486,-918.900024414062,1.54340058320675,-0.162504298721478,-0.04613430426929,ST
12.8333333333333,-1.36914920806885,0.324791640043259,8.95719146728516,-0.350611984729767,1.6844619512558,0.457319974899292,-1159.5,5.70000028610229,-909.300048828125,1.54336343473832,-0.156009781658403,-0.0377399558349832,ST
12.8666666666667,-0.493467956781387,0.05742172524333,9.57327842712402,-2.30184388160706,-0.693601965904236,-0.144817993044853,-1169.10009765625,8.10000038146973,-911.700012207031,1.54645761318999,-0.0680495914915891,-0.0079421196408047,ST
12.9,-0.426475942134857,-0.091515876352787,9.56370830535889,-2.71343183517456,-0.769822001457214,-0.807931959629059,-1154.70007324219,5.70000028610229,-904.500061035156,1.54916099114564,-0.0473797417935771,0.0106352258097913,ST
12.9333333333333,0.154320880770683,-0.483897656202316,10.9448204040527,-2.62196803092957,-0.602137982845306,-0.83841997385025,-1164.30004882812,9.90000057220459,-921.300048828125,1.55160124942572,0.0025610930606316,0.0410895598487438,ST
12.9666666666667,0.525169551372528,-0.824241042137146,9.77545070648193,-2.21800184249878,-0.922261953353882,-1.57013201713562,-1157.10009765625,8.70000076293945,-916.500061035156,1.5543215520282,0.0446362080547667,0.0784540342940932,ST
13.0,0.613096535205841,-0.964804589748383,9.06784725189209,-2.32470989227295,-0.365855991840363,-2.01982998847961,-1157.10009765625,9.30000019073486,-921.300048828125,1.55780678684648,0.0633710165946997,0.103520788615106,ST
13.0333333333333,0.405540943145752,-1.02342259883881,8.52054691314697,-1.51677799224854,0.594515979290009,-2.00458598136902,-1152.30004882812,10.5,-921.300048828125,1.56190245792679,0.0499717488370404,0.118269536055188,ST
13.0666666666667,0.299669623374939,-1.00368392467499,8.75442028045654,-0.647870004177094,0.945127964019775,-1.45580196380615,-1159.5,9.90000057220459,-916.500061035156,1.56598893590138,0.0355586664760538,0.115692812687569,ST
13.1,-0.272753208875656,-0.797324597835541,9.35316181182861,0.167683988809586,1.32622802257538,-0.564027965068817,-1145.10009765625,8.10000038146973,-904.500061035156,1.56781296233326,-0.017789232225236,0.0909953200394256,ST
13.1333333333333,-0.36725977063179,-0.873288750648499,10.1074199676514,-0.236281991004944,1.2423859834671,-0.0762199983000755,-1145.10009765625,8.70000076293945,-921.300048828125,1.56813773988993,-0.0341933945781225,0.0874932763158058,ST
13.1666666666667,-0.409727931022644,-0.981552600860596,9.97762298583984,-0.800309956073761,1.37958192825317,0.129574000835419,-1157.10009765625,8.10000038146973,-928.500061035156,1.56842849156548,-0.041542383999489,0.0971862992550422,ST
13.2,-0.667527556419373,-1.45707631111145,10.266526222229,-1.22714197635651,1.80641400814056,0.0609759986400604,-1145.10009765625,12.3000001907349,-909.300048828125,1.57052398259994,-0.06221878658417,0.133866310521248,ST
13.2333333333333,-0.436046212911606,-2.04086375236511,10.1445045471191,-2.080806016922,1.2347639799118,-0.510673999786377,-1135.5,5.70000028610229,-921.300048828125,1.57511562415826,-0.0471540929418294,0.190748096592365,ST
13.2666666666667,-0.123217448592186,-1.69154834747314,9.19764423370361,-1.85214591026306,0.289635986089706,-1.44817996025085,-1145.10009765625,9.90000057220459,-914.100036621094,1.57822089825021,-0.0200473768517158,0.186306606956555,ST
13.3,-0.216527760028839,-1.9086742401123,9.11151218414307,-0.868907988071442,0.182927995920181,-0.922261953353882,-1133.10009765625,14.1000003814697,-921.300048828125,1.58099269961016,-0.0227458479647098,0.204618955840066,ST
13.3333333333333,-0.364269077777863,-2.04684519767761,9.06066989898682,-0.114329993724823,0.182927995920181,-0.67835795879364,-1133.10009765625,11.7000007629395,-916.500061035156,1.58301769829039,-0.0359282684914031,0.218824817195777,ST
13.3666666666667,-0.534141659736633,-2.02949905395508,9.32026386260986,0.25152599811554,-0.0609759986400604,0.0838419944047928,-1147.5,12.3000001907349,-906.900024414062,1.58265365841619,-0.0518498087569942,0.214939742012131,ST
13.4,-0.738108456134796,-2.27174711227417,9.72879505157471,0.297257989645004,-0.0152439996600151,0.480185985565186,-1142.70007324219,14.1000003814697,-926.100036621094,1.58228159303459,-0.0694626798393312,0.226024033220797,ST
13.4333333333333,-0.73451954126358,-2.38060903549194,10.0715312957764,-0.0304879993200302,-0.503051996231079,0.78506600856781,-1135.5,15.9000005722046,-918.900024414062,1.5805932223047,-0.0701412868517422,0.230840321953202,ST
13.4666666666667,-0.709397554397583,-2.21671795845032,9.83586311340332,0.861285984516144,-0.0228659994900227,1.12805593013763,-1121.10009765625,10.5,-921.300048828125,1.57758744540461,-0.0705428243524529,0.222206020510951,ST
13.5,-0.878073871135712,-2.1832218170166,9.54038047790527,1.74543797969818,1.02897000312805,1.05945801734924,-1128.30004882812,14.7000007629395,-916.500061035156,1.57602512410293,-0.0873884629449436,0.221884415159744,ST
13.5333333333333,-1.40683221817017,-1.82493424415588,10.0523910522461,1.95885396003723,0.945127964019775,1.41769194602966,-1145.10009765625,10.5,-923.700012207031,1.56953901121595,-0.129763432830445,0.184157785793625,ST
13.5666666666667,-1.01923561096191,-1.70829629898071,9.73836612701416,2.05031800270081,0.152439996600151,1.90549993515015,-1137.90002441406,14.7000007629395,-923.700012207031,1.56449926966993,-0.108846452747025,0.17260789467566,ST
13.6,-0.833213150501251,-1.35359752178192,9.25626277923584,2.62196803092957,0.114329993724823,2.41617393493652,-1137.90002441406,8.70000076293945,-909.300048828125,1.55688633624759,-0.0933193152665521,0.146354639046904,ST
13.6333333333333,-0.815867006778717,-1.1735565662384,8.82679557800293,2.73629784584045,0.175305992364883,2.67532205581665,-1130.70007324219,17.1000003814697,-921.300048828125,1.54963905775012,-0.0924843728749404,0.130431710675178,ST
13.6666666666667,-1.05452609062195,-0.903794050216675,8.36562728881836,2.27897787094116,0.0457319989800453,2.58385801315308,-1125.90002441406,5.70000028610229,-916.500061035156,1.54163273951567,-0.119427522785226,0.108019278687783,ST
13.7,-1.26626861095428,-0.852353751659393,9.02717399597168,1.78354799747467,-0.0609759986400604,2.80489587783813,-1145.10009765625,11.1000003814697,-906.900024414062,1.53397225377078,-0.135163866211497,0.0939436013506266,ST
13.7333333333333,-0.992917358875275,-0.87089616060257,9.2879638671875,1.35671591758728,-0.6250039935112,2.55336999893188,-1118.70007324219,15.3000001907349,-918.900024414062,1.52808078967708,-0.111362864420519,0.0912606505191143,ST
13.7666666666667,-0.961813926696777,-0.587974548339844,9.10493278503418,1.56251001358032,-0.693601965904236,2.60672402381897,-1135.5,7.50000047683716,-926.100036621094,1.51979585239647,-0.105617890955316,0.06729898163369,ST
13.8,-1.22499680519104,-0.561058104038239,9.61993312835693,1.64635193347931,-0.396344006061554,2.9420919418335,-1137.90002441406,16.5,-914.100036621094,1.51230966743003,-0.121947988751533,0.0573002901917938,ST
13.8333333333333,-1.1597992181778,-0.339147061109543,9.64744758605957,1.69970595836639,-0.807931959629059,2.97257995605469,-1133.10009765625,3.90000009536743,-916.500061035156,1.50342495483724,-0.119107219483925,0.0367260990271881,ST
13.8666666666667,-0.862522184848785,-0.35110992193222,9.43690204620361,1.84452390670776,-0.967993974685669,2.9116039276123,-1130.70007324219,6.90000009536743,-916.500061035156,1.49685371687775,-0.0955189777705359,0.0341020547086927,ST
13.9,-0.610105812549591,-0.381615221500397,9.30052471160889,1.6615959405899,-1.14329993724823,2.68294382095337,-1140.30004882812,3.90000009536743,-921.300048828125,1.49044616281545,-0.0686461471846457,0.0371749697873605,ST
13.9333333333333,-0.286510497331619,-0.279930919408798,9.98659515380859,0.884151995182037,-2.17227005958557,1.61586391925812,-1137.90002441406,7.50000047683716,-914.100036621094,1.48622712680854,-0.0337676565803343,0.0285267421588872,ST
13.9666666666667,0.32538977265358,-0.395970642566681,9.65342903137207,0.891773998737335,-2.79727387428284,1.50915598869324,-1140.30004882812,8.70000076293945,-921.300048828125,1.48212681373525,0.0270735140142524,0.0377432374631312,ST
14.0,0.438438802957535,-0.334361910820007,9.39144325256348,0.884151995182037,-2.78202986717224,1.6920839548111,-1154.70007324219,8.10000038146973,-916.500061035156,1.47803035739814,0.046474634353208,0.0348908612273936,ST
14.0333333333333,0.0520384386181831,-0.267968058586121,9.91601371765137,0.983237981796265,-2.15702605247498,1.80641400814056,-1147.5,3.30000019073486,-921.300048828125,1.47388380188136,0.0164811864088886,0.0273001406625281,ST
14.0666666666667,0.435448080301285,-0.053234726190567,9.95250129699707,0.548784017562866,-2.0731840133667,1.33385002613068,-1147.5,7.50000047683716,-909.300048828125,1.47121328266344,0.0410982666850166,0.0090730821660847,ST
14.1,1.03717994689941,0.168676316738129,8.63359546661377,0.25152599811554,-1.72257196903229,0.663114011287689,-1161.90002441406,7.50000047683716,-902.100036621094,1.47135444059177,0.106126380499573,-0.0140000919436293,NLR
14.1333333333333,0.137572884559631,0.340343356132507,9.63727951049805,0.0609759986400604,-0.823175966739655,0.282013982534409,-1154.70007324219,2.10000014305115,-914.100036621094,1.47193561772023,0.0339544631237034,-0.0310811007737186,NLR
14.1666666666667,-0.321800917387009,0.44322395324707,10.0458116531372,-0.106707997620106,-0.853663980960846,0.388722002506256,-1161.90002441406,11.7000007629395,-906.900024414062,1.47119811517082,-0.0174838058886719,-0.0413202606965274,NLR
14.2,-0.230883181095123,0.233873903751373,9.42852783203125,-0.411587983369827,-0.403965979814529,0.342989981174469,-1157.10009765625,6.90000009536743,-916.500061035156,1.47061874742004,-0.0227650694405954,-0.0268075915017216,NLR
14.2333333333333,-0.216527760028839,0.350511789321899,10.3442850112915,-0.846041977405548,-0.0914639979600906,0.541162014007568,-1161.90002441406,5.70000028610229,-911.700012207031,1.46915735898159,-0.0210926197781505,-0.0314144934117666,NLR
14.2666666666667,0.0735715851187706,0.169872596859932,10.5135593414307,-0.609759986400604,-0.87652999162674,-0.0076219998300075,-1164.30004882812,14.1000003814697,-914.100036621094,1.46933647410018,0.0035565517069236,-0.0178305385449879,NLR
14.3,0.068188302218914,0.0065795728005468,9.44049072265625,-0.0762199983000755,-0.0609759986400604,-0.853663980960846,-1157.10009765625,0.300000011920929,-916.500061035156,1.47141061219979,0.0066868055966811,-0.0034689628813501,NLR
14.3333333333333,-0.184228032827377,0.253612607717514,9.93156623840332,-0.289635986089706,0.121951997280121,-1.57013201713562,-1154.70007324219,8.10000038146973,-909.300048828125,1.47496135855199,-0.0136581320522196,-0.0206618609434479,NLR
14.3666666666667,-0.30624920129776,0.0855344459414482,9.04093074798584,-0.487807989120483,-0.0381099991500378,-1.63110792636871,-1154.70007324219,8.10000038146973,-914.100036621094,1.47890408400375,-0.0297651791207313,-0.0109840629719328,NLR
14.4,0.0538328662514687,-0.0843381583690643,8.7221212387085,-1.42531394958496,0.205793991684914,-1.83690190315247,-1159.5,9.30000019073486,-899.700012207031,1.48337000337777,-0.0013578678365518,0.0075174108968149,NLR
14.4333333333333,0.297875195741653,-0.183031752705574,9.03973484039307,-1.50153398513794,0.25152599811554,-1.90549993515015,-1147.5,12.3000001907349,-911.700012207031,1.48765894388902,0.0257094627112226,0.0197237906120291,NLR
14.4666666666667,0.311632484197617,-0.878672003746033,9.64445686340332,-1.60061991214752,0.487807989120483,-1.85214591026306,-1157.10009765625,9.90000057220459,-911.700012207031,1.4904250315447,0.0303508825945943,0.0786546163647126,NLR
14.5,-0.0604124404489994,-1.30754053592682,10.087082862854,-1.60824191570282,1.21189796924591,-2.25611186027527,-1152.30004882812,11.1000003814697,-918.900024414062,1.49562083802953,-0.0008255024189755,0.122202573674588,NLR
14.5333333333333,0.0550291538238525,-1.16338813304901,10.3197603225708,-1.52439999580383,1.21189796924591,-2.60672402381897,-1159.5,6.30000019073486,-906.900024414062,1.50192259462148,0.0028153724391666,0.11638277886885,NLR
14.5666666666667,0.249425619840622,-1.32369041442871,9.92438793182373,-1.02134799957275,1.01372599601746,-2.63721203804016,-1140.30004882812,5.70000028610229,-914.100036621094,1.50810240619116,0.0195109357093402,0.130692905096098,NLR
14.6,0.0418700091540813,-1.08024621009827,8.96197605133057,-0.320124000310898,1.17378795146942,-2.84300589561462,-1142.70007324219,10.5,-918.900024414062,1.51505447029532,0.0065088342774499,0.12252498738137,NLR
14.6333333333333,-0.209948182106018,-0.996506214141846,9.26463603973389,-0.0685980021953583,1.60824191570282,-2.33233189582825,-1152.30004882812,6.90000009536743,-911.700012207031,1.52125977952464,-0.0195902399627897,0.109875174419348,NLR
14.6666666666667,-0.314623206853867,-0.849363029003143,9.65402793884277,0.243903994560242,1.22714197635651,-1.97409796714783,-1147.5,8.70000076293945,-918.900024414062,1.52590065723958,-0.0316344288294148,0.0914406113995563,NLR
14.7,0.0239257179200649,-1.17116391658783,9.39323711395264,-0.144817993044853,0.152439996600151,-2.21037983894348,-1133.10009765625,9.30000019073486,-914.100036621094,1.5317752530852,-0.0034505596673213,0.118462931122934,NLR
14.7333333333333,1.08323693275452,-1.36795294284821,9.86277961730957,0.823175966739655,1.37195992469788,-4.83234786987305,-1137.90002441406,9.30000019073486,-916.500061035156,1.54320223971131,0.0872469121961683,0.132736084089059,NLR
14.7666666666667,0.336754500865936,-1.46425402164459,9.26224422454834,2.24086785316467,1.64635193347931,-7.67535400390625,-1145.10009765625,7.50000047683716,-928.500061035156,1.56193249903728,0.0432424387887956,0.149069394269352,NLR
14.8,0.712388277053833,-2.00198459625244,9.00922966003418,1.78354799747467,2.35519790649414,-9.16926574707031,-1123.5,4.5,-926.100036621094,1.58045127154967,0.0693389082430222,0.20126752494151,NLR
14.8333333333333,-0.327782362699509,-1.65805232524872,9.74255275726318,2.42379593849182,3.61282801628113,-12.3247737884521,-1137.90002441406,6.30000019073486,-916.500061035156,1.61052389510055,-0.0142927849702705,0.171610051135889,NLR
14.8666666666667,-1.81835460662842,-0.977963745594025,10.3478736877441,3.20123982429504,2.81251788139343,-13.3385000228882,-1116.30004882812,0.300000011920929,-911.700012207031,1.63730654712731,-0.14252845739473,0.107646653934476,NLR
14.9,-0.560459971427917,-2.16826820373535,9.23293495178223,2.61434602737427,1.53202199935913,-11.5930614471436,-1106.70007324219,0.900000035762787,-916.500061035156,1.67698873372261,-0.0734577087696815,0.206521753648486,NLR
14.9333333333333,-1.08981645107269,-1.34462535381317,9.70427131652832,3.68904781341553,1.82927989959717,-13.4528293609619,-1104.30004882812,0.300000011920929,-930.900024414062,1.70369954400436,-0.10267501870359,0.148277217542513,NLR
14.9666666666667,-0.542515695095062,-1.98643279075623,9.04152870178223,3.39178991317749,0.0685980021953583,-10.5259819030762,-1101.90002441406,0.900000035762787,-918.900024414062,1.7323797387627,-0.0649519704893695,0.198939708703884,NLR
15.0,-0.900803327560425,-1.37572884559631,10.2402076721191,5.02289772033691,0.868907988071442,-12.1342239379883,-1087.5,-5.70000028610229,-911.700012207031,1.75918971887316,-0.0817787227352961,0.13863676863444,NLR
15.0333333333333,-2.00557327270508,-0.354698777198792,9.93336009979248,5.97564792633057,-0.685979962348938,-12.6830081939697,-1097.10009765625,-8.10000038146973,-926.100036621094,1.77847890587459,-0.173085159911146,0.0510772346475591,NLR
15.0666666666667,-1.9188426733017,-0.0035888578277081,8.66290473937988,4.26832008361816,-3.13264203071594,-9.05493545532227,-1092.30004882812,-14.7000007629395,-902.100036621094,1.79235710108986,-0.204305996486153,0.0072492771292703,NLR
15.1,0.895420014858246,0.141161739826202,9.51047325134277,1.36433792114258,-0.990859985351562,1.61586391925812,-1092.30004882812,-13.5000009536743,-906.900024414062,1.77914903980241,0.095640850373874,-0.0169547983411198,NLR
15.1333333333333,-0.147741317749023,1.53842377662659,10.3843603134155,-0.335367977619171,-1.21189796924591,1.31098401546478,-1087.5,-20.1000003814697,-882.900024414062,-2.61351155367703,1.31112251237365,-2.32288168291742,NLR
15.1666666666667,-0.543711960315704,1.13647162914276,10.4202489852905,0.571649968624115,-0.754577994346619,1.21189796924591,-1094.70007324219,-20.7000007629395,-885.300048828125,1.69299673884334,0.0011192098311476,-0.111047870207393,NLR
15.2,-0.272753208875656,0.563450694084167,9.69470119476318,0.693601965904236,-0.746955990791321,2.85062789916992,-1097.10009765625,-20.7000007629395,-899.700012207031,1.68648882849614,-0.0217693310223264,-0.0680127026785453,NLR
15.2333333333333,-0.0364867225289345,1.24413740634918,9.66359806060791,1.02134799957275,-0.556405961513519,2.02745199203491,-1101.90002441406,-11.7000007629395,-890.100036621094,1.68101349791939,-0.005870950862863,-0.118820336039197,NLR
15.2666666666667,-0.0909177288413048,1.53842377662659,8.48764896392822,1.2576299905777,-0.922261953353882,1.52439999580383,-1092.30004882812,-23.1000003814697,-887.700012207031,1.67751439923667,-0.0080020929851984,-0.168878684908643,NLR
15.3,-0.434849947690964,1.63532292842865,9.53978252410889,0.403965979814529,-0.335367977619171,2.29422187805176,-1101.90002441406,-14.1000003814697,-899.700012207031,1.67181129505568,-0.0380296214520533,-0.170322365052216,NLR
15.3333333333333,0.531150937080383,1.1998747587204,8.57617378234863,0.0152439996600151,0.106707997620106,2.01220798492432,-1097.10009765625,-15.9000005722046,-899.700012207031,1.6621975203437,0.0602485840261127,-0.139274359309422,NLR
15.3666666666667,-0.0472532957792282,1.65984678268433,9.89926624298096,0.106707997620106,1.44817996025085,-0.167683988809586,-1109.10009765625,-20.7000007629395,-904.500061035156,1.66279133571952,0.0063735824711941,-0.160871314647133,NLR
15.4,-0.378026366233826,1.75734400749207,10.051194190979,0.853663980960846,0.807931959629059,-1.18903195858002,-1082.70007324219,-18.3000011444092,-897.300048828125,1.66521637351459,-0.0307006098652139,-0.172104640032585,NLR
15.4333333333333,-0.22968690097332,1.65924859046936,9.03076267242432,0.449698001146317,-0.129574000835419,-1.36433792114258,-1097.10009765625,-20.1000003814697,-890.100036621094,1.66834224781514,-0.0261898160836628,-0.180582418994945,NLR
15.4666666666667,-0.868503570556641,1.78545677661896,10.6493377685547,0.274392008781433,0.282013982534409,-1.72257196903229,-1089.90002441406,-13.5000009536743,-899.700012207031,1.67295800778616,-0.0714170974452714,-0.168970787532983,NLR
15.5,-0.398961365222931,1.87996339797974,9.94053840637207,-0.564027965068817,-0.861285984516144,-0.503051996231079,-1089.90002441406,-21.3000011444092,-887.700012207031,1.67361791212106,-0.0444181322286378,-0.182669191360196,NLR
15.5333333333333,0.726743698120117,1.67480027675629,9.16953182220459,-1.10518991947174,-0.655492007732391,0.365855991840363,-1082.70007324219,-18.3000011444092,-904.500061035156,1.67304819351047,0.0541460795492352,-0.179546300313142,NLR
15.5666666666667,0.69264954328537,1.69095015525818,8.86328220367432,-1.49391198158264,-0.46494197845459,1.83690190315247,-1082.70007324219,-16.5,-892.500061035156,1.66961770683343,0.0731915623574586,-0.184463561001976,NLR
15.6,0.424681514501572,1.34641981124878,8.45534896850586,-1.93598794937134,-0.685979962348938,3.58996200561523,-1099.5,-19.5,-902.100036621094,1.66022846260306,0.05584721449687,-0.159903227662632,NLR
15.6333333333333,-0.0675901547074318,0.903794050216675,9.29693603515625,-2.63721203804016,-0.137196004390717,6.83693361282349,-1085.10009765625,-15.3000001907349,-906.900024414062,1.64171872882457,0.0047288709713351,-0.103421199403819,NLR
15.6666666666667,1.2118376493454,-0.426475942134857,10.3819675445557,-1.97409796714783,0.891773998737335,7.77443981170654,-1104.30004882812,-10.5,-887.700012207031,1.59779006195524,0.112670144151809,0.0439178659168704,NLR
15.7,-0.745884299278259,0.62147057056427,9.62950325012207,2.5076379776001,0.228659987449646,0.160062000155449,-1109.10009765625,-15.3000001907349,-892.500061035156,1.60010943347435,-0.055066977855553,-0.0564158047489545,NLR
15.7333333333333,-0.332567483186722,0.840390861034393,8.99846267700195,2.21800184249878,-0.884151995182037,0.106707997620106,-1101.90002441406,-9.30000019073486,-899.700012207031,1.59872547056654,-0.0392311150843283,-0.0888219724737521,NLR
15.7666666666667,-0.258995920419693,1.07546103000641,9.3118896484375,1.92836594581604,-0.815553963184357,0.190549999475479,-1104.30004882812,-17.7000007629395,-897.300048828125,1.59781360644349,-0.0286515745162076,-0.112751983677961,NLR
15.8,-0.257799625396729,1.16817319393158,9.17252254486084,1.18140995502472,-0.92988395690918,1.16616594791412,-1106.70007324219,-18.9000015258789,-914.100036621094,1.59497198440594,-0.0264854373506672,-0.125923806763525,NLR
15.8333333333333,-0.0400755777955055,1.10417187213898,9.54695987701416,0.594515979290009,-1.00610399246216,2.67532205581665,-1106.70007324219,-20.7000007629395,-897.300048828125,1.58875751455831,-0.0059922449720612,-0.117860364365569,NLR
15.8666666666667,0.513804793357849,1.11015331745148,9.98599720001221,0.800309956073761,-0.106707997620106,4.19210004806519,-1104.30004882812,-21.9000015258789,-899.700012207031,1.57847989668042,0.0417547263560203,-0.11298122778466,NLR
15.9,0.821848452091217,0.938486337661743,9.21558856964111,1.27287399768829,0.609759986400604,4.1997218132019,-1113.90002441406,-12.9000005722046,-906.900024414062,1.568070606535,0.0788675098325115,-0.105187357431911,NLR
15.9333333333333,0.827829897403717,0.902597725391388,9.17431735992432,1.11281192302704,1.28049600124359,3.60520601272583,-1109.10009765625,-14.7000007629395,-892.500061035156,1.55894157155173,0.0861441334605142,-0.100618158845613,NLR
15.9666666666667,-0.415111213922501,1.62336003780365,9.62292385101318,1.95123195648193,1.6692179441452,0.282013982534409,-1111.5,-13.5000009536743,-887.700012207031,1.55953343710791,-0.0187141593798632,-0.156417086765873,NLR
16.0,-1.05332982540131,1.61917304992676,9.89687347412109,2.0655620098114,1.56251001358032,0.556405961513519,-1106.70007324219,-22.5,-902.100036621094,1.55738118898025,-0.0923104380871276,-0.164299801969396,NLR
16.0333333333333,-0.75246387720108,1.58627510070801,9.60378360748291,2.03507399559021,0.472563982009888,-0.274392008781433,-1111.5,-16.5,-902.100036621094,1.55811780415792,-0.0802903890464225,-0.166757413332195,NLR
16.0666666666667,-1.35060679912567,1.97805881500244,9.5924186706543,2.04269599914551,-0.129574000835419,-0.602137982845306,-1104.30004882812,-17.7000007629395,-894.900024414062,1.55672934813197,-0.125560482860485,-0.198697750863591,NLR
16.1,-0.465355217456818,2.25081205368042,9.76288986206055,1.13567793369293,-1.63110792636871,0.129574000835419,-1106.70007324219,-17.1000003814697,-892.500061035156,1.55524532990846,-0.0601139969373094,-0.222568398328142,NLR
16.1333333333333,0.161498606204987,2.17783856391907,9.03375339508057,0.724089980125427,-2.20275783538818,0.0457319989800453,-1109.10009765625,-27.9000015258789,-890.100036621094,1.55599783590744,0.0047608514039607,-0.234759299701085,NLR
16.1666666666667,0.587376415729523,1.92781484127045,9.12646579742432,-0.342989981174469,-2.72105383872986,-0.602137982845306,-1106.70007324219,-23.1000003814697,-892.500061035156,1.55812158481148,0.054699974511672,-0.213136763482799,NLR
16.2,-0.499449372291565,2.02650833129883,10.3233499526978,0.0609759986400604,-0.762199997901917,0.381099998950958,-1109.10009765625,-24.9000015258789,-892.500061035156,1.55644705906944,-0.0460053038340683,-0.193963261403271,NLR
16.2333333333333,-1.32129776477814,1.76392364501953,9.79698371887207,-1.73781597614288,-1.53202199935913,6.89790964126587,-1116.30004882812,-16.5,-897.300048828125,1.53284165803116,-0.123557028837844,-0.177178862243871,NLR
16.2666666666667,-1.05572235584259,1.7525589466095,9.70128059387207,-3.10215401649475,-1.94360995292664,11.3110475540161,-1130.70007324219,-15.9000005722046,-882.900024414062,1.50511976368071,-0.103839501835825,-0.175681420429842,NLR
16.3,-0.372643083333969,0.888242304325104,9.0433235168457,-4.11588001251221,-1.09756803512573,14.4665555953979,-1128.30004882812,-20.7000007629395,-887.700012207031,1.47495096612989,-0.0479567856660091,-0.10710494326866,NLR
16.3333333333333,-0.200377896428108,0.382213354110718,10.4896335601807,-3.62807202339172,-0.106707997620106,14.1159439086914,-1135.5,-11.7000007629395,-894.900024414062,1.44437244004707,-0.0234563094375071,-0.0461517299115342,NLR
16.3666666666667,0.511412262916565,0.458775669336319,10.1648416519165,-2.37806391716003,0.182927995920181,12.0046501159668,-1142.70007324219,-11.7000007629395,-902.100036621094,1.41415729349379,0.0383848840080992,-0.0414611543160449,NLR
16.4,1.16398620605469,0.162096738815308,8.89199352264404,-1.79117000102997,0.266770005226135,10.3506755828857,-1159.5,-6.90000009536743,-899.700012207031,1.38895903481796,0.111686183140308,-0.0191391866688093,NLR
16.4333333333333,0.608311414718628,0.333763778209686,9.31906795501709,-1.53202199935913,0.274392008781433,7.70584201812744,-1157.10009765625,-2.10000014305115,-894.900024414062,1.37253700582662,0.0744045581495572,-0.0293991327974332,NLR
16.4666666666667,1.18970632553101,0.0831418707966805,8.69161510467529,-2.52288198471069,-0.304879993200302,6.05186796188354,-1149.90002441406,-0.900000035762787,-897.300048828125,1.35723045303133,0.124177069020921,-0.0091330598310472,NLR
16.5,0.497056812047958,0.538328647613525,9.39981651306152,-1.63110792636871,0.411587983369827,4.1463680267334,-1159.5,-2.70000004768372,-904.500061035156,1.35121066626931,0.0659329245959083,-0.0453329123932705,NLR
16.5333333333333,0.234472051262856,0.0795530155301094,10.0535869598389,-1.18903195858002,0.564027965068817,3.25459384918213,-1147.5,2.10000014305115,-899.700012207031,1.34227372870321,0.0312242151747438,-0.0135885110241227,NLR
16.5666666666667,1.30036282539368,-0.535936117172241,9.85560131072998,-1.45580196380615,0.426831990480423,1.48628997802734,-1149.90002441406,-2.10000014305115,-904.500061035156,1.33512229433325,0.110228416142138,0.0427263081899728,NLR
16.6,0.502440094947815,0.0299071483314037,10.7426481246948,-1.2576299905777,-0.0457319989800453,-1.17378795146942,-1147.5,-1.5,-899.700012207031,1.34100806498755,0.059647968464398,0.0079930735248024,NLR
16.6333333333333,0.35709136724472,0.275145769119263,9.70247745513916,-1.17378795146942,-0.46494197845459,-0.990859985351562,-1154.70007324219,0.300000011920929,-911.700012207031,1.34482619814801,0.0420234301750525,-0.0194597095388064,NLR
16.6666666666667,0.305052906274796,0.238659039139748,9.72161769866943,-1.70732796192169,-0.205793991684914,-0.701223969459534,-1149.90002441406,7.50000047683716,-911.700012207031,1.34666388519926,0.0337753172080235,-0.0211765129741926,NLR
16.7,0.2613884806633,0.110058307647705,9.48834228515625,-2.080806016922,-0.632625997066498,-0.0838419944047928,-1154.70007324219,4.5,-911.700012207031,1.34669787900804,0.0296762511227624,-0.0106327671710301,NLR
16.7333333333333,1.43793570995331,-0.887644171714783,8.03904151916504,-3.353679895401,-1.32622802257538,0.0228659994900227,-1159.5,3.30000019073486,-916.500061035156,1.33825433681128,0.148252125422503,0.0899184626643459,NLR
16.7666666666667,1.36914920806885,-1.41520631313324,8.69281196594238,-3.13264203071594,-0.907018005847931,-0.846041977405548,-1157.10009765625,-7.50000047683716,-897.300048828125,1.33176987306657,0.154476417388869,0.151173673027307,NLR
16.8,0.939084470272064,-1.68556690216064,10.139121055603,-2.36281991004944,-0.708845973014832,-1.2500079870224,-1159.5,7.50000047683716,-906.900024414062,1.33323380295187,0.105140486282329,0.165128534321202,NLR
16.8333333333333,0.92472904920578,-1.63113594055176,9.71444034576416,-1.15092194080353,-0.365855991840363,-0.335367977619171,-1147.5,0.900000035762787,-906.900024414062,1.33386362329296,0.0965081854376202,0.167675674244765,ST
16.8666666666667,0.900803327560425,-1.87697267532349,9.52303409576416,-0.472563982009888,0.716467976570129,0.472563982009888,-1157.10009765625,2.70000004768372,-902.100036621094,1.33100044294262,0.0921199782953945,0.190519395456779,ST
16.9,0.383409649133682,-2.05103230476379,10.5297088623047,-0.518296003341675,1.09756803512573,0.609759986400604,-1154.70007324219,4.5,-902.100036621094,1.33003077870187,0.0454211244575671,0.192764850615425,ST
16.9333333333333,0.0466551519930363,-1.92960917949677,10.6511316299438,-0.289635986089706,0.411587983369827,1.11281192302704,-1166.70007324219,4.5,-916.500061035156,1.32800360107339,0.0117386373449008,0.182385566060117,ST
16.9666666666667,0.536534249782562,-1.72384798526764,9.86995697021484,0.358233988285065,-0.0304879993200302,2.31708788871765,-1147.5,3.30000019073486,-902.100036621094,1.32293984691844,0.0445582439532671,0.174435803407902,ST
17.0,0.607713282108307,-1.79741966724396,9.09536170959473,0.907018005847931,0.716467976570129,2.13416004180908,-1149.90002441406,7.50000047683716,-904.500061035156,1.31703747232448,0.0603539071964211,0.190476926969347,ST
17.0333333333333,0.177648469805717,-1.34821426868439,9.34418964385986,1.50915598869324,1.18903195858002,1.88263392448425,-1152.30004882812,6.90000009536743,-894.900024414062,1.31445822961429,0.0236309101665054,0.149089621860555,ST
17.0666666666667,0.150133892893791,-0.899607002735138,8.52353763580322,2.09605002403259,0.556405961513519,1.77592599391937,-1147.5,6.90000009536743,-906.900024414062,1.31125204825535,0.0176734215286866,0.111126706892565,ST
17.1,0.0041870009154081,-0.846372306346893,8.92548942565918,1.91312193870544,0.221037998795509,2.85824990272522,-1142.70007324219,6.30000019073486,-902.100036621094,1.30487124666857,0.0032258572171696,0.0952457440141616,ST
17.1333333333333,0.177648469805717,-0.789548695087433,9.46381855010986,1.84452390670776,-0.129574000835419,3.44514393806458,-1137.90002441406,2.10000014305115,-916.500061035156,1.29700934481514,0.0153515510980498,0.0831382649255951,ST
17.1666666666667,-0.37025049328804,-0.736912131309509,9.84961986541748,2.14940404891968,0.655492007732391,3.27745985984802,-1142.70007324219,0.300000011920929,-911.700012207031,1.28866034469005,-0.030481880098627,0.0727643662457072,ST
17.2,-0.70760315656662,-0.586180090904236,10.0051374435425,2.5152599811554,0.853663980960846,3.55947399139404,-1142.70007324219,5.10000038146973,-916.500061035156,1.27991874277352,-0.0644195228880904,0.0573972511317668,ST
17.2333333333333,-0.744687974452972,-0.540721237659454,8.73528003692627,2.59910202026367,0.602137982845306,3.87197589874268,-1142.70007324219,3.90000009536743,-918.900024414062,1.27075238209753,-0.0826485044968768,0.0568694156987575,ST
17.2666666666667,-0.82364284992218,-0.192602038383484,9.31966590881348,2.52288198471069,0.221037998795509,4.71039581298828,-1145.10009765625,8.70000076293945,-904.500061035156,1.25658996038001,-0.0877580835632764,0.0224725079269376,ST
17.3,-1.06529259681702,-0.126208171248436,9.96386528015137,2.85062789916992,-0.480185985565186,4.99240970611572,-1145.10009765625,5.70000028610229,-911.700012207031,1.2438614686253,-0.102567773886519,0.0096190562521077,ST
17.3333333333333,-0.482701390981674,0.516795516014099,10.1032333374023,3.39178991317749,-1.53964400291443,4.77899408340454,-1147.5,5.70000028610229,-904.500061035156,1.22928979847873,-0.0564193631050555,-0.0441105404245818,ST
17.3666666666667,0.349315494298935,0.717173397541046,9.69470119476318,2.84300589561462,-2.15702605247498,4.95429992675781,-1149.90002441406,1.5,-906.900024414062,1.21779517851865,0.0207538905362957,-0.0718386680368354,ST
17.4,0.747678697109222,0.667527556419373,9.21917724609375,1.6844619512558,-2.9268479347229,5.06100797653198,-1157.10009765625,3.90000009536743,-902.100036621094,1.20658758829523,0.0732277499121824,-0.0741538606667555,ST
17.4333333333333,1.63113594055176,0.61548912525177,8.50977993011475,0.0381099991500378,-2.9268479347229,4.15398979187012,-1161.90002441406,5.70000028610229,-906.900024414062,1.19730516064062,0.170047452245236,-0.0718658213010137,ST
17.4666666666667,1.0916109085083,0.273949474096298,9.78143215179443,-0.472563982009888,-2.4847719669342,3.7728898525238,-1164.30004882812,2.10000014305115,-906.900024414062,1.18284391028764,0.124845344898926,-0.0338705185262652,ST
17.5,1.08742392063141,-0.146545022726059,9.45484638214111,-1.18140995502472,-3.76526784896851,3.15550804138184,-1173.90002441406,2.10000014305115,-897.300048828125,1.17095026346486,0.121871631178417,0.0077606881693829,ST
17.5333333333333,1.45647811889648,0.150732025504112,9.05169773101807,-2.53812599182129,-5.53357172012329,2.13416004180908,-1171.5,5.10000038146973,-899.700012207031,1.16907377952568,0.159661431362121,-0.00772993129401,ST
17.5666666666667,1.0216281414032,0.87986832857132,10.0464096069336,-2.03507399559021,-5.99089193344116,1.61586391925812,-1181.10009765625,12.3000001907349,-899.700012207031,1.17505410807487,0.12133108165119,-0.0683287700602537,ST
17.6,1.92123520374298,0.585581958293915,10.0236797332764,0.449698001146317,-3.11739802360535,3.17075204849243,-1190.70007324219,7.50000047683716,-887.700012207031,1.16694339323414,0.180021044854956,-0.0603245291646838,ST
17.6333333333333,2.01992893218994,0.657957255840302,10.63258934021,0.335367977619171,-1.79879200458527,1.94360995292664,-1193.10009765625,6.90000009536743,-887.700012207031,1.16286900686813,0.188571917103857,-0.0614917827242051,ST
17.6666666666667,1.21482837200165,1.29139065742493,10.290452003479,0.586893975734711,-1.10518991947174,0.487807989120483,-1200.30004882812,10.5,-873.300048828125,1.16999536455624,0.13277453915392,-0.112906435823421,ST
17.7,1.05332982540131,1.21303391456604,9.05947303771973,-0.0228659994900227,-0.548784017562866,-0.205793991684914,-1197.90002441406,7.50000047683716,-897.300048828125,1.17269574092186,0.118896630213917,-0.129293832816924,ST
17.7333333333333,1.7364090681076,1.04375946521759,8.63539028167725,-2.13416004180908,-1.44055795669556,-1.51677799224854,-1202.70007324219,12.3000001907349,-899.700012207031,1.1759164311184,0.183946382962464,-0.119384687969156,ST
17.7666666666667,1.99480676651001,0.187218755483627,8.77356147766113,-3.69666981697083,0.868907988071442,-1.99696397781372,-1193.10009765625,8.70000076293945,-887.700012207031,1.16537923674475,0.215575071232616,-0.0331449860348757,ST
17.8,1.5743123292923,0.221312895417213,9.50628662109375,-3.31556987762451,1.6768399477005,-2.88111591339111,-1207.5,2.70000004768372,-878.100036621094,1.17161361910369,0.170184766625297,-0.0208686791855186,ST
17.8333333333333,1.29079258441925,0.0843381583690643,9.57507228851318,-2.18751406669617,2.41617393493652,-2.62959003448486,-1200.30004882812,18.9000015258789,-902.100036621094,1.17642678468467,0.137880229741672,-0.0087199276663432,ST
17.8666666666667,1.65087461471558,-0.351708054542542,10.2485818862915,-2.34757590293884,2.54574799537659,-2.9268479347229,-1190.70007324219,7.50000047683716,-887.700012207031,1.17859638343844,0.151775959697642,0.028254669199164,ST
17.9,1.47860944271088,0.0293090064078569,9.54755783081055,-1.84452390670776,2.12653803825378,-2.9420919418335,-1188.30004882812,8.10000038146973,-894.900024414062,1.19002941200967,0.150325186980806,0.0045321934451098,ST
17.9333333333333,0.473729223012924,-0.645994424819946,9.93694877624512,-1.40244793891907,3.39178991317749,-2.24848985671997,-1190.70007324219,8.70000076293945,-894.900024414062,1.19080664060625,0.0600554090946306,0.0565988905754264,ST
17.9666666666667,0.709995687007904,-1.02103006839752,9.95728588104248,-2.61434602737427,3.16313004493713,-2.04269599914551,-1178.70007324219,9.90000057220459,-894.900024414062,1.19393921206694,0.0644997291322192,0.0964205729504703,ST
18.0,1.4481041431427,-1.30754053592682,9.14321327209473,-2.62196803092957,2.56099200248718,-1.41769194602966,-1169.10009765625,10.5,-906.900024414062,1.19450707944427,0.133830989148636,0.136138937995392,ST
18.0333333333333,1.00607645511627,-1.28301668167114,9.33043193817139,-2.10367202758789,2.69056582450867,-1.6692179441452,-1176.30004882812,15.3000001907349,-909.300048828125,1.1998106451459,0.107483487131326,0.139282885339613,ST
18.0666666666667,0.48449581861496,-1.85902833938599,8.35904788970947,-2.04269599914551,3.20886182785034,-1.69970595836639,-1166.70007324219,13.5000009536743,-914.100036621094,1.20002351401023,0.0610048596446479,0.20822334814751,ST
18.1,0.377428203821182,-2.131183385849,8.61325836181641,-2.75154185295105,3.3613018989563,-2.53050398826599,-1149.90002441406,12.3000001907349,-918.900024414062,1.2063528958557,0.0422183647634725,0.239709510858903,ST
18.1333333333333,-0.0484495796263218,-2.54150938987732,9.57866191864014,-2.98782396316528,1.96647596359253,-2.40855193138123,-1147.5,3.90000009536743,-916.500061035156,1.21275607186819,0.0022230140487265,0.259795869408906,ST
18.1666666666667,-0.394176214933395,-2.75325202941895,10.3921356201172,-1.79117000102997,1.54726600646973,-1.6615959405899,-1142.70007324219,16.5,-911.700012207031,1.21734273932407,-0.0302984798875005,0.261705818600554,ST
18.2,0.122021168470383,-3.1707558631897,9.71503829956055,-0.320124000310898,2.11129403114319,-1.15854394435883,-1145.10009765625,18.3000011444092,-916.500061035156,1.22188410126996,0.0010417791539838,0.305088056260649,ST
18.2333333333333,-0.834409415721893,-2.94705033302307,10.7103481292725,-0.221037998795509,1.83690190315247,-2.43903994560242,-1137.90002441406,10.5,-914.100036621094,1.22759911625766,-0.0611691515856356,0.276400637086649,ST
18.2666666666667,-1.01923561096191,-2.51638746261597,10.1857767105103,0.0609759986400604,0.304879993200302,-1.16616594791412,-1140.30004882812,20.1000003814697,-904.500061035156,1.2284745041019,-0.0908688790580699,0.248010926691819,ST
18.3,-0.647190690040588,-2.09170603752136,9.75152492523193,1.08232402801514,-0.983237981796265,1.03659200668335,-1133.10009765625,13.5000009536743,-909.300048828125,1.22336390924113,-0.0690498555128011,0.217040787835642,ST
18.3333333333333,0.276940196752548,-2.31541132926941,8.45176029205322,1.92836594581604,-1.04421401023865,1.70732796192169,-1135.5,13.5000009536743,-906.900024414062,1.2201731586579,0.0120768778867945,0.254528139718643,ST
18.3666666666667,-0.30923992395401,-2.14015555381775,8.71374702453613,2.46190595626831,0.487807989120483,1.62348592281342,-1145.10009765625,13.5000009536743,-909.300048828125,1.21644285822742,-0.0279123049379992,0.239527055716883,ST
18.4,-0.925925314426422,-1.36675667762756,10.0912704467773,2.5152599811554,0.472563982009888,1.43293595314026,-1137.90002441406,13.5000009536743,-914.100036621094,1.20868347196201,-0.0805824673240179,0.149681267359525,ST
18.4333333333333,-0.477318078279495,-1.07366669178009,8.64256763458252,3.04117798805237,-0.83841997385025,2.27897787094116,-1152.30004882812,12.3000001907349,-918.900024414062,1.20195370081088,-0.0592167228746116,0.124386387942893,ST
18.4666666666667,-0.290697485208511,-1.21901535987854,9.34060096740723,2.30184388160706,-1.12805593013763,2.89635992050171,-1135.5,10.5,-916.500061035156,1.19531045220766,-0.0355069345524333,0.1253031936004,ST
18.5,-0.423485219478607,-0.946860313415527,9.92199516296387,2.19513607025146,-1.02897000312805,2.30184388160706,-1147.5,12.9000005722046,-926.100036621094,1.18876164684594,-0.0400437731471713,0.0976253408350507,ST
18.5333333333333,-0.300865918397903,-0.543711960315704,10.1002426147461,2.080806016922,-0.777444005012512,1.56251001358032,-1149.90002441406,14.7000007629395,-904.500061035156,1.18336129634883,-0.0303804039359125,0.0575418106712174,ST
18.5666666666667,0.177648469805717,-0.461766362190247,9.10134315490723,1.78354799747467,-0.907018005847931,1.41769194602966,-1140.30004882812,14.7000007629395,-906.900024414062,1.17964555714401,0.0123343801137301,0.0492520194600392,ST
18.6,0.223107323050499,-0.662742435932159,8.17721271514893,0.792688012123108,0.182927995920181,0.762199997901917,-1161.90002441406,11.7000007629395,-892.500061035156,1.17732489511906,0.0242025201692331,0.0741102685576374,ST
18.6333333333333,0.113647162914276,-0.981552600860596,9.75750637054443,-0.518296003341675,0.960371971130371,0.457319974899292,-1154.70007324219,9.90000057220459,-906.900024414062,1.17602767530988,0.0124102825710014,0.0963415842703726,ST
18.6666666666667,-0.349913626909256,-1.06469452381134,10.3975191116333,-0.37347799539566,0.0762199983000755,0.716467976570129,-1135.5,13.5000009536743,-918.900024414062,1.17428305116108,-0.02598391727862,0.101613986144135,ST
18.7,0.113647162914276,-1.47621691226959,8.44219017028809,0.266770005226135,0.426831990480423,0.556405961513519,-1147.5,17.1000003814697,-921.300048828125,1.17367568035774,0.0055136276488535,0.159945631019865,ST
18.7333333333333,-0.607713282108307,-1.49117040634155,9.81074142456055,0.716467976570129,0.92988395690918,-0.198172003030777,-1137.90002441406,12.9000005722046,-914.100036621094,1.17435360094907,-0.0505340193603622,0.151461769405504,ST
18.7666666666667,-0.443822085857391,-1.23516523838043,10.003342628479,0.967993974685669,-0.67835795879364,0.335367977619171,-1147.5,15.9000005722046,-914.100036621094,1.17232829067069,-0.04444963165821,0.127238631719759,ST
18.8,0.569432079792023,-0.963010191917419,8.28308391571045,1.82927989959717,-2.41617393493652,1.04421401023865,-1140.30004882812,3.30000019073486,-911.700012207031,1.16892699288917,0.0537470143561146,0.11492942145792,ST
18.8333333333333,-0.139367312192917,-0.885251581668854,10.0499982833862,2.03507399559021,-1.46342396736145,2.41617393493652,-1152.30004882812,9.30000019073486,-911.700012207031,1.16322668519004,-9.3865597998723e-06,0.0898262171628048,ST
18.8666666666667,-0.2554070353508,-0.526963949203491,11.0058307647705,1.44817996025085,-1.82927989959717,2.65245604515076,-1157.10009765625,3.30000019073486,-916.500061035156,1.15636283044816,-0.016445233194953,0.0537127472630459,ST
18.9,0.522776961326599,-0.469542235136032,9.60079288482666,1.16616594791412,-2.40092992782593,2.64483404159546,-1137.90002441406,9.90000057220459,-914.100036621094,1.14945377763028,0.0457503409318853,0.048103555144283,ST
18.9333333333333,0.934897482395172,-0.459971934556961,8.05160236358643,0.693601965904236,-1.91312193870544,1.42531394958496,-1169.10009765625,11.7000007629395,-921.300048828125,1.14536295395586,0.103918980355838,0.0544715408708768,ST
18.9666666666667,-0.314025074243546,-0.363670915365219,9.45604228973389,0.792688012123108,-0.221037998795509,1.21951997280121,-1169.10009765625,6.30000019073486,-902.100036621094,1.14312421126366,-0.0052720941921572,0.0406266804969709,ST
19.0,-0.732127010822296,-0.0352904349565506,9.77485275268555,0.891773998737335,-0.243903994560242,1.20427596569061,-1154.70007324219,12.3000001907349,-909.300048828125,1.13938940593678,-0.0604461995358389,0.0097756167417989,ST
19.0333333333333,-0.549095273017883,-0.0604124404489994,9.52183818817139,0.990859985351562,-0.0762199983000755,1.48628997802734,-1157.10009765625,8.70000076293945,-918.900024414062,1.13564693477333,-0.0580143429254728,0.0054106013207007,ST
19.0666666666667,0.0394774377346039,-0.174059599637985,9.16235446929932,-0.129574000835419,-0.602137982845306,1.30336201190948,-1166.70007324219,9.90000057220459,-904.500061035156,1.13298001237649,-0.0074373669412553,0.0163984747076931,ST
19.1,0.182433605194092,-0.0747678726911545,10.1313457489014,-0.381099998950958,-0.495429992675781,1.16616594791412,-1161.90002441406,5.10000038146973,-909.300048828125,1.13030116158083,0.0135500409579942,0.0097401938041769,ST
19.1333333333333,1.01445043087006,-0.608909547328949,9.53140830993652,-0.0762199983000755,-0.182927995920181,0.830797970294952,-1178.70007324219,12.9000005722046,-916.500061035156,1.12620039250324,0.0874130501649977,0.053016278295813,ST
19.1666666666667,1.2118376493454,-0.623863101005554,8.81064605712891,-0.190549999475479,0.167683988809586,-0.0685980021953583,-1152.30004882812,7.50000047683716,-914.100036621094,1.12489705951013,0.126252513363916,0.0673648836355892,ST
19.2,0.0460570082068443,-0.705210566520691,10.5949068069458,-0.434453994035721,1.05945801734924,-0.990859985351562,-1149.90002441406,11.1000003814697,-916.500061035156,1.12742362250793,0.0275566658712173,0.0671834285522554,DLL
19.2333333333333,-0.180639177560806,-0.415111213922501,9.4195556640625,-0.868907988071442,0.327746003866196,-0.609759986400604,-1159.5,18.9000015258789,-914.100036621094,1.12903839796345,-0.0101500279862396,0.0499173372444646,DLL
19.2666666666667,-1.1035737991333,-0.172863319516182,9.4907341003418,-1.02134799957275,0.67835795879364,1.88263392448425,-1154.70007324219,11.7000007629395,-918.900024414062,1.12320317395247,-0.096730934950156,0.025532088624908,DLL
19.3,-2.76342058181763,0.228490620851517,9.64445686340332,-0.556405961513519,-0.388722002506256,7.157057762146,-1154.70007324219,4.5,-894.900024414062,1.09798924252943,-0.247649184010626,-0.0165304102532036,DLL
19.3333333333333,0.937290012836456,-2.13836121559143,7.76389598846436,-4.51984596252441,-2.29422187805176,13.3308773040771,-1161.90002441406,21.3000011444092,-892.500061035156,1.08905406800631,0.0450007748740138,0.219132993022757,DLL
19.3666666666667,1.05033910274506,-2.1252019405365,9.41536808013916,-4.69515180587769,-1.54726600646973,10.236346244812,-1157.10009765625,14.7000007629395,-916.500061035156,1.06536369998326,0.0945314381150808,0.229133115194255,DLL
19.4,0.945065915584564,-2.60790324211121,9.74075794219971,-2.56861400604248,-0.0076219998300075,8.7957878112793,-1164.30004882812,18.3000011444092,-906.900024414062,1.04224785867342,0.0905109409767241,0.260616230608284,DLL
19.4333333333333,0.77579140663147,-2.88484358787537,10.2288427352905,-0.586893975734711,0.861285984516144,5.09149599075317,-1157.10009765625,16.5,-906.900024414062,1.02988063843487,0.0728746755244535,0.273712005453708,DLL
19.4666666666667,0.107665732502937,-2.37702012062073,9.93156623840332,0.602137982845306,0.434453994035721,2.66770005226135,-1149.90002441406,23.7000007629395,-916.500061035156,1.02545501182897,0.020816412459984,0.241541843289353,DLL
19.5,0.488682806491852,-2.4176938533783,9.20183181762695,0.983237981796265,-0.236281991004944,1.34147191047668,-1145.10009765625,20.7000007629395,-899.700012207031,1.02189086694634,0.045027190104461,0.252530796018452,DLL
19.5333333333333,-0.712986409664154,-1.70111858844757,10.1421117782593,1.42531394958496,-0.0762199983000755,0.0609759986400604,-1140.30004882812,16.5,-904.500061035156,1.02166510145027,-0.0461409437615866,0.181668613115773,DLL
19.5666666666667,-0.800315320491791,-1.77708280086517,10.2061138153076,1.70732796192169,0.0304879993200302,0.365855991840363,-1157.10009765625,20.7000007629395,-918.900024414062,1.0204500777133,-0.0717094104975569,0.171568300848201,DLL
19.6,-0.149535745382309,-1.54201257228851,9.45065879821777,1.57013201713562,-1.27287399768829,-0.480185985565186,-1152.30004882812,20.7000007629395,-906.900024414062,1.02076319490134,-0.0243779917990717,0.161396843768804,DLL
19.6333333333333,-0.235070183873177,-1.16398620605469,9.10852146148682,1.90549993515015,-1.41769194602966,-1.32622802257538,-1152.30004882812,9.30000019073486,-918.900024414062,1.02270013614962,-0.0231381064948876,0.131394008219637,DLL
19.6666666666667,0.161498606204987,-1.77708280086517,8.97992038726807,0.99848198890686,-0.899396002292633,-1.35671591758728,-1147.5,21.3000011444092,-909.300048828125,1.02607521971727,0.0128348762742147,0.183797011682915,DLL
19.7,-0.83560574054718,-1.10835897922516,9.17670917510986,0.907018005847931,0.0304879993200302,-2.54574799537659,-1161.90002441406,14.1000003814697,-902.100036621094,1.03086449567694,-0.0723863415451123,0.129808258152194,DLL
19.7333333333333,-0.652574002742767,-1.53962004184723,9.33461952209473,0.777444005012512,0.861285984516144,-0.663114011287689,-1161.90002441406,18.9000015258789,-911.700012207031,1.0347995033717,-0.0705843977935714,0.156418995689712,DLL
19.7666666666667,-0.331969350576401,-2.01873254776001,9.25686073303223,-0.0838419944047928,0.320124000310898,0.152439996600151,-1152.30004882812,20.7000007629395,-918.900024414062,1.03721652134549,-0.042699969096529,0.203081510136314,DLL
19.8,-0.87089616060257,-1.74119424819946,9.11689472198486,-0.144817993044853,-0.0685980021953583,-0.480185985565186,-1149.90002441406,18.3000011444092,-904.500061035156,1.03754151783924,-0.0830853261547476,0.191867489592369,DLL
19.8333333333333,-0.654966533184052,-2.02351760864258,9.09177303314209,0.182927995920181,0.792688012123108,0.411587983369827,-1152.30004882812,12.3000001907349,-916.500061035156,1.03870699388155,-0.0737437880267716,0.213867162025837,DLL
19.8666666666667,-0.504832684993744,-2.02591013908386,9.57686710357666,0.815553963184357,0.106707997620106,1.04421401023865,-1164.30004882812,17.7000007629395,-933.300048828125,1.03596144264198,-0.0557206296121345,0.208100692425988,DLL
19.9,0.0945065915584564,-1.79562520980835,8.55344486236572,1.09756803512573,-1.31098401546478,1.41769194602966,-1152.30004882812,12.9000005722046,-923.700012207031,1.03214719074543,-0.0012190014169334,0.205595798067337,DLL
19.9333333333333,-0.404344648122787,-1.3218959569931,9.38007831573486,1.80641400814056,-0.670735955238342,1.32622802257538,-1140.30004882812,21.3000011444092,-921.300048828125,1.02797468896054,-0.0337167958122722,0.150662182151381,DLL
19.9666666666667,-0.723752975463867,-1.23516523838043,8.98590183258057,2.46952795982361,0.0304879993200302,1.74543797969818,-1154.70007324219,17.1000003814697,-911.700012207031,1.02352980288627,-0.0707601860545471,0.135851630771422,DLL
20.0,-0.714780867099762,-1.02701151371002,9.18986892700195,1.6615959405899,-0.594515979290009,1.86738991737366,-1159.5,13.5000009536743,-909.300048828125,1.01746597555563,-0.0754816132263765,0.113087189316164,DLL
20.0333333333333,-0.450999796390533,-0.794333875179291,9.73178577423096,1.2347639799118,-1.52439999580383,2.16464805603027,-1159.5,17.1000003814697,-918.900024414062,1.0102848736385,-0.0495030912225164,0.0851210669938576,DLL
20.0666666666667,0.15312460064888,-1.45288932323456,10.04700756073,0.78506600856781,-1.60061991214752,3.17837381362915,-1157.10009765625,15.3000001907349,-906.900024414062,1.00369356508106,0.0037450056122696,0.130677396402278,DLL
20.1,0.885849714279175,-1.61139714717865,10.3993139266968,-0.297257989645004,-1.91312193870544,1.50153398513794,-1159.5,15.3000001907349,-899.700012207031,0.998557540317191,0.0729313024409244,0.15042258933851,DLL
20.1333333333333,0.687864422798157,-1.04675018787384,9.24190711975098,0.0609759986400604,-1.89025592803955,0.769822001457214,-1166.70007324219,14.1000003814697,-911.700012207031,0.998332168262904,0.0762600396259962,0.119113847040966,DLL
20.1666666666667,0.274547636508942,-1.01086163520813,9.93754768371582,0.769822001457214,-0.282013982534409,1.36433792114258,-1157.10009765625,7.50000047683716,-916.500061035156,0.99571752683613,0.0363723612095034,0.103525487534492,DLL
20.2,0.38939106464386,-1.00488018989563,9.58763408660889,1.09756803512573,-0.487807989120483,1.05183601379395,-1166.70007324219,11.7000007629395,-894.900024414062,0.992966768538126,0.0401979331765036,0.102755311671185,DLL
20.2333333333333,-0.280529052019119,-0.464757084846497,10.5697841644287,1.11281192302704,-0.663114011287689,0.800309956073761,-1164.30004882812,10.5,-899.700012207031,0.991649242080131,-0.0122209695035673,0.0542541271497387,DLL
20.2666666666667,-0.0927121639251709,-0.156115308403969,9.48056602478027,1.85214591026306,0.0,0.647870004177094,-1161.90002441406,11.7000007629395,-916.500061035156,0.989836718962289,-0.0102995546055054,0.0214881066705892,DLL
20.3,-0.57660984992981,0.0986935868859291,9.88371467590332,1.60061991214752,1.19665396213531,0.762199997901917,-1159.5,8.70000076293945,-904.500061035156,0.98731556124778,-0.0508615676359433,-0.0063098307482819,DLL
20.3333333333333,0.230883181095123,-0.111852735280991,9.73238468170166,0.144817993044853,0.419209986925125,0.510673999786377,-1166.70007324219,18.3000011444092,-902.100036621094,0.986334466561065,0.0105848204686666,0.0082887816181434,DLL
20.3666666666667,0.487486511468887,0.227892473340034,8.78672027587891,-0.0685980021953583,0.777444005012512,-0.685979962348938,-1171.5,20.1000003814697,-902.100036621094,0.988735778248539,0.0457866904678944,-0.0193596215560738,DLL
20.4,-0.107665732502937,0.177648469805717,9.74973011016846,0.350611984729767,2.11891603469849,-0.335367977619171,-1152.30004882812,14.1000003814697,-916.500061035156,0.989387965254992,-0.0025456159190159,-0.0189414656807414,DLL
20.4333333333333,-0.43425178527832,0.218322187662125,9.96386528015137,0.99848198890686,1.95123195648193,-0.609759986400604,-1149.90002441406,12.9000005722046,-909.300048828125,0.990788597697215,-0.0395150326441411,-0.0228361613543706,DLL
20.4666666666667,0.464158952236176,-0.23925718665123,8.24480247497559,-0.449698001146317,1.10518991947174,-1.92074394226074,-1137.90002441406,11.7000007629395,-916.500061035156,0.99552116022805,0.0375295347723059,0.0203193784571054,DLL
20.5,-0.0143554313108325,-0.155517175793648,8.50858402252197,-1.51677799224854,0.884151995182037,-2.86587190628052,-1147.5,14.7000007629395,-911.700012207031,1.00242888091955,0.0045943922487581,0.0207517816437158,DLL
20.5333333333333,-0.738706588745117,-0.509617805480957,9.69290637969971,-1.53964400291443,1.21189796924591,-2.9192259311676,-1142.70007324219,12.9000005722046,-906.900024414062,1.00992706487599,-0.0612224283708604,0.0484152120213464,DLL
20.5666666666667,-0.817661464214325,-0.709397554397583,9.36632061004639,-1.54726600646973,1.03659200668335,-2.56099200248718,-1135.5,23.1000003814697,-911.700012207031,1.01823067098708,-0.0840613994054674,0.0738776629569871,DLL
20.6,-0.530552804470062,-1.34701800346375,9.41835880279541,-2.34757590293884,0.739333987236023,-3.14788603782654,-1128.30004882812,17.7000007629395,-914.100036621094,1.02969757869458,-0.0616482355958989,0.132739575600948,DLL
20.6333333333333,-0.715378999710083,-1.63472473621368,10.2796850204468,-2.23324584960938,0.388722002506256,-2.70580983161926,-1140.30004882812,17.7000007629395,-918.900024414062,1.03755279794355,-0.0673480193322091,0.156700059944679,DLL
20.6666666666667,-0.163293033838272,-1.98404026031494,9.62412071228027,-1.92074394226074,-0.365855991840363,-2.66770005226135,-1133.10009765625,17.7000007629395,-904.500061035156,1.045659358552,-0.0239163168841468,0.198402748668415,DLL
20.7,-0.112450875341892,-2.17424964904785,9.31607723236084,-1.75305998325348,-0.0533539988100529,-2.71343183517456,-1161.90002441406,20.7000007629395,-918.900024414062,1.05217056856143,-0.0133231232787792,0.225555572812488,DLL
20.7333333333333,-0.798520863056183,-2.2310733795166,9.95728588104248,-1.02897000312805,0.266770005226135,-2.36281991004944,-1133.10009765625,12.3000001907349,-914.100036621094,1.0574214941801,-0.0646661289380361,0.223064258053393,DLL
20.7666666666667,-0.400755792856216,-1.96968483924866,9.64924240112305,-0.792688012123108,-0.282013982534409,-2.45428395271301,-1159.5,12.9000005722046,-914.100036621094,1.06182216182032,-0.0444082045543602,0.207001331009499,DLL
20.8,-0.404942780733109,-1.79921400547028,9.13782978057861,0.0076219998300075,-0.160062000155449,-1.41006994247437,-1133.10009765625,18.3000011444092,-916.500061035156,1.06449189303242,-0.0430372825504952,0.197019133532535,DLL
20.8333333333333,-0.650181412696838,-1.82134532928467,9.82210540771484,0.297257989645004,0.556405961513519,-0.381099998950958,-1147.5,20.7000007629395,-899.700012207031,1.06514325373548,-0.0622361422987102,0.185109641337837,DLL
20.8666666666667,-0.346324771642685,-1.57191967964172,11.3270330429077,-0.167683988809586,-1.56251001358032,-0.0457319989800453,-1135.5,15.9000005722046,-923.700012207031,1.06275480899665,-0.0337665834508463,0.146539239223629,DLL
20.9,-0.154320880770683,-1.51150727272034,10.6284027099609,0.990859985351562,-1.31860601902008,-0.129574000835419,-1137.90002441406,14.7000007629395,-909.300048828125,1.06253215861118,-0.0164374287244133,0.140946360832476,DLL
20.9333333333333,0.543113827705383,-1.57849931716919,8.30760765075684,1.65397393703461,0.198172003030777,-0.274392008781433,-1140.30004882812,23.1000003814697,-909.300048828125,1.06262113611706,0.0476537591341055,0.175982172121086,DLL
20.9666666666667,-0.900803327560425,-0.896616339683533,8.46910667419434,2.37044191360474,1.40244793891907,-0.0990860015153885,-1140.30004882812,22.5,-921.300048828125,1.06252686824358,-0.0764199888817931,0.116531777939692,DLL
21.0,-1.2238005399704,-0.959421336650848,8.26992511749268,1.6768399477005,2.20275783538818,0.480185985565186,-1142.70007324219,9.90000057220459,-906.900024414062,1.06207401889328,-0.135918946388517,0.11327981467656,DLL
21.0333333333333,-1.41341185569763,-0.823044717311859,8.37340354919434,1.20427596569061,1.2347639799118,0.525918006896973,-1140.30004882812,14.1000003814697,-914.100036621094,1.05937946481188,-0.163178443175541,0.0987131533638738,DLL
21.0666666666667,-2.34591674804688,-0.811081886291504,10.4770727157593,1.72257196903229,0.647870004177094,1.05183601379395,-1145.10009765625,19.5,-918.900024414062,1.05390203235315,-0.211230619668512,0.078094572825699,DLL
21.1,-1.25430583953857,-0.862522184848785,10.2880592346191,1.33385002613068,-0.853663980960846,0.746955990791321,-1137.90002441406,13.5000009536743,-918.900024414062,1.05301430298593,-0.138003237336352,0.0804912279266981,DLL
21.1333333333333,-0.258995920419693,-0.727940022945404,9.26224422454834,1.2423859834671,-2.69818782806396,0.419209986925125,-1123.5,9.90000057220459,-928.500061035156,1.05135412069818,-0.0413305084223467,0.0768604694056442,DLL
21.1666666666667,0.0406737215816975,-0.348717361688614,8.30940246582031,1.21189796924591,-1.36433792114258,0.0533539988100529,-1137.90002441406,10.5,-914.100036621094,1.0504316831646,-0.0014151921785836,0.0464329226786478,DLL
21.2,-0.691453278064728,-0.634629666805267,10.2970314025879,1.57775402069092,0.205793991684914,1.02897000312805,-1140.30004882812,13.5000009536743,-918.900024414062,1.04846080471166,-0.054080896598498,0.0562440545621799,DLL
21.2333333333333,-0.671116411685944,-0.686668157577515,9.88431262969971,1.2576299905777,0.266770005226135,0.419209986925125,-1135.5,5.70000028610229,-918.900024414062,1.04822630648322,-0.0653088043155666,0.0649264087741138,DLL
21.2666666666667,-0.361876487731934,-0.733323276042938,9.51824951171875,-0.0152439996600151,0.228659987449646,0.381099998950958,-1145.10009765625,18.9000015258789,-923.700012207031,1.04782841479478,-0.0425850493372725,0.0750056641733569,DLL
21.3,-0.680686712265015,-0.62147057056427,9.94053840637207,0.190549999475479,0.160062000155449,0.0762199983000755,-1133.10009765625,15.3000001907349,-911.700012207031,1.04715708301952,-0.0632976917910413,0.0647025749022907,DLL
21.3333333333333,-0.308641761541367,-1.10596632957458,9.96027660369873,0.556405961513519,0.0609759986400604,-0.114329993724823,-1135.5,20.1000003814697,-914.100036621094,1.04930136553022,-0.0374246742561953,0.100575259421074,DLL
21.3666666666667,0.24882747232914,-0.983945190906525,8.34110355377197,0.25152599811554,-0.716467976570129,-0.685979962348938,-1135.5,12.3000001907349,-921.300048828125,1.05083394339858,0.0171878353121262,0.113672953004195,DLL
21.4,0.0400755777955055,-0.78476357460022,8.98769664764404,-0.205793991684914,-1.6844619512558,-0.594515979290009,-1142.70007324219,12.9000005722046,-926.100036621094,1.05208118382938,0.0094281756070725,0.0927297561006243,DLL
21.4333333333333,0.334960073232651,-0.581394970417023,8.82260894775391,0.304879993200302,-2.37806391716003,0.388722002506256,-1145.10009765625,9.30000019073486,-918.900024414062,1.05121600957757,0.0353988999321835,0.0708294437206626,DLL
21.4666666666667,0.141759887337685,-0.723752975463867,9.29274940490723,0.594515979290009,-1.60824191570282,0.861285984516144,-1147.5,12.3000001907349,-906.900024414062,1.04872289553595,0.0212159514275597,0.075613278729861,DLL
21.5,-0.160302311182022,-0.732725143432617,10.5638027191162,-0.0152439996600151,-1.76068198680878,0.503051996231079,-1147.5,11.1000003814697,-916.500061035156,1.04722216629751,-0.006182519174306,0.0704103401444965,DLL
21.5333333333333,0.0968991592526436,-0.538328647613525,10.6295986175537,0.236281991004944,-2.21800184249878,0.647870004177094,-1164.30004882812,12.9000005722046,-923.700012207031,1.04543604112996,0.0090567199550333,0.0542678697163721,DLL
21.5666666666667,0.379222631454468,-0.650181412696838,10.1732158660889,0.861285984516144,-1.54726600646973,0.685979962348938,-1157.10009765625,14.7000007629395,-914.100036621094,1.04347402031254,0.0336117936476988,0.0607259866331206,DLL
21.6,-0.306847333908081,-0.0442625805735588,9.80954456329346,1.6615959405899,-0.304879993200302,0.335367977619171,-1157.10009765625,18.3000011444092,-923.700012207031,1.0429476569672,-0.0192590778509785,0.0121738129456256,DLL
21.6333333333333,-0.380418926477432,-0.034094151109457,9.40220928192139,1.48628997802734,0.548784017562866,0.533540010452271,-1157.10009765625,15.3000001907349,-911.700012207031,1.0415739840204,-0.0369397899282474,0.0032542022879422,DLL
21.6666666666667,-0.192602038383484,0.0520384386181831,9.1928596496582,0.792688012123108,0.594515979290009,0.3125019967556,-1161.90002441406,12.3000001907349,-914.100036621094,1.04058462197759,-0.0244929690902165,-0.0053298450320341,DLL
21.7,-0.0496458671987057,-0.323595345020294,9.68273830413818,0.129574000835419,0.701223969459534,-0.358233988285065,-1152.30004882812,16.5,-918.900024414062,1.04202238773031,-0.0095810318707178,0.0263125972373532,DLL
21.7333333333333,0.204564899206161,-0.614292860031128,9.4787712097168,-0.403965979814529,0.571649968624115,-1.08232402801514,-1142.70007324219,8.70000076293945,-899.700012207031,1.0444931146211,0.014535689538682,0.0575218806876076,DLL
21.7666666666667,-0.0412718653678894,-0.527562081813812,9.99078178405762,-0.46494197845459,0.403965979814529,-1.73019397258759,-1154.70007324219,21.3000011444092,-906.900024414062,1.04855347401096,-0.0007921648898975,0.054355654800846,DLL
21.8,0.119030453264713,-0.690855145454407,9.06904411315918,-0.861285984516144,0.548784017562866,-1.60061991214752,-1142.70007324219,10.5,-916.500061035156,1.0523513870371,0.0098300023006292,0.0731169113894267,DLL
21.8333333333333,-0.354698777198792,-0.504234552383423,9.11629676818848,-0.823175966739655,1.09756803512573,-1.63872992992401,-1152.30004882812,11.7000007629395,-926.100036621094,1.05646775510855,-0.0321016136535244,0.0595047373993032,DLL
21.8666666666667,-0.488682806491852,-0.801511585712433,9.42194843292236,-0.388722002506256,1.14329993724823,-1.18903195858002,-1161.90002441406,14.7000007629395,-906.900024414062,1.06019258027123,-0.0491638912075728,0.0803673284021707,DLL
21.9,-0.614890992641449,-1.03299295902252,8.95898532867432,-0.78506600856781,0.891773998737335,-1.49391198158264,-1147.5,8.70000076293945,-914.100036621094,1.06587533663634,-0.0661785483021213,0.110658049371287,DLL
21.9333333333333,-1.06409633159637,-0.816465139389038,10.844331741333,-0.884151995182037,0.0457319989800453,-1.81403601169586,-1140.30004882812,17.7000007629395,-921.300048828125,1.06793058083208,-0.0917766330251438,0.0829939497759893,DLL
21.9666666666667,-0.0921140164136887,-1.27524077892303,9.59421348571777,-0.830797970294952,-1.16616594791412,-1.53202199935913,-1140.30004882812,8.10000038146973,-906.900024414062,1.07350441840957,-0.0232888972960418,0.1240849703239,DLL
22.0,0.416307508945465,-1.47382426261902,9.85201263427734,-1.46342396736145,-1.2576299905777,-1.74543797969818,-1137.90002441406,5.70000028610229,-914.100036621094,1.07702889475028,0.0307062667499656,0.145576609741986,DLL
22.0333333333333,0.591563403606415,-1.48698341846466,9.39802265167236,-1.22714197635651,-1.60824191570282,-0.716467976570129,-1140.30004882812,12.3000001907349,-918.900024414062,1.07775054920176,0.0581296144695774,0.156311768476508,DLL
22.0666666666667,0.760239720344543,-1.86022460460663,8.48106956481934,-0.426831990480423,-0.99848198890686,0.0914639979600906,-1147.5,3.90000009536743,-918.900024414062,1.07373351929447,0.0831591326489714,0.205209167177501,DLL
22.1,0.538328647613525,-1.94815170764923,8.27829837799072,-0.571649968624115,-0.411587983369827,0.0609759986400604,-1142.70007324219,14.1000003814697,-914.100036621094,1.07187156094179,0.0677794727955527,0.226720855004286,DLL
22.1333333333333,-0.34811919927597,-2.02591013908386,9.67974758148193,-0.236281991004944,0.411587983369827,0.533540010452271,-1147.5,21.9000015258789,-923.700012207031,1.07130311792759,-0.0151609687422177,0.210779780172277,DLL
22.1666666666667,0.164489313960075,-2.36445927619934,9.6761589050293,-0.320124000310898,-0.221037998795509,0.457319974899292,-1145.10009765625,6.90000009536743,-906.900024414062,1.07014238458124,0.0110104374679135,0.234965732740781,DLL
22.2,-0.563450694084167,-2.35488891601562,10.0212869644165,0.586893975734711,0.640248000621796,-0.25152599811554,-1154.70007324219,20.7000007629395,-918.900024414062,1.07105307167789,-0.0437649938529719,0.230725418466188,DLL
22.2333333333333,-1.05033910274506,-2.14254808425903,9.86337757110596,0.693601965904236,1.21951997280121,0.0076219998300075,-1145.10009765625,2.70000004768372,-916.500061035156,1.07078619609825,-0.0947044109931026,0.215953331682354,DLL
22.2666666666667,-1.13049018383026,-1.72564244270325,10.5548305511475,0.525918006896973,0.556405961513519,0.685979962348938,-1145.10009765625,15.3000001907349,-906.900024414062,1.06525526497605,-0.104143350815558,0.172106804391796,DLL
22.3,-0.0747678726911545,-1.73282015323639,9.0433235168457,0.807931959629059,-1.12805593013763,1.76830399036407,-1137.90002441406,15.9000005722046,-902.100036621094,1.0613440152901,-0.023108439305601,0.18514224284408,DLL
22.3333333333333,-0.364867210388184,-1.60481762886047,8.80945014953613,1.95123195648193,0.663114011287689,2.01220798492432,-1135.5,13.5000009536743,-916.500061035156,1.05673319686875,-0.0390349110222648,0.178186703120554,DLL
22.3666666666667,-0.627451956272125,-1.28839993476868,9.15577411651611,2.13416004180908,0.724089980125427,2.13416004180908,-1142.70007324219,18.3000011444092,-916.500061035156,1.05034796600383,-0.0641369894576978,0.143431877348986,DLL
22.4,-0.294286340475082,-1.22080981731415,8.91472244262695,1.93598794937134,-0.891773998737335,2.26373386383057,-1142.70007324219,14.7000007629395,-916.500061035156,1.04435942884794,-0.0374802876460286,0.134475817958915,DLL
22.4333333333333,-0.350511789321899,-1.13587355613708,9.79937648773193,1.89025592803955,-1.00610399246216,2.11129403114319,-1137.90002441406,12.3000001907349,-923.700012207031,1.03827562122856,-0.0347648615121422,0.115735088309271,DLL
22.4666666666667,-0.477318078279495,-0.772800743579865,9.92079925537109,2.41617393493652,-0.952749967575073,1.88263392448425,-1147.5,13.5000009536743,-911.700012207031,1.03232637672929,-0.044471103780699,0.0809382314461256,DLL
22.5,-0.447410941123962,-0.634629666805267,9.75152492523193,2.59910202026367,-0.434453994035721,1.89787793159485,-1147.5,6.90000009536743,-906.900024414062,1.02728935497348,-0.0450820602760702,0.0642148077030631,DLL
22.5333333333333,-0.194994613528252,-0.818857729434967,9.71683216094971,2.15702605247498,-0.350611984729767,1.81403601169586,-1137.90002441406,8.70000076293945,-926.100036621094,1.0236855639046,-0.024748153276727,0.0769906361580799,DLL
22.5666666666667,0.190209463238716,-0.742295444011688,8.91950798034668,1.00610399246216,-1.21189796924591,1.05945801734924,-1152.30004882812,14.7000007629395,-911.700012207031,1.02106532092207,0.0135444454583372,0.0804151263767448,DLL
22.6,0.226696193218231,-0.596348524093628,9.28078651428223,0.807931959629059,-0.952749967575073,0.990859985351562,-1145.10009765625,7.50000047683716,-909.300048828125,1.01878354002948,0.0235635647356017,0.0661387081031002,DLL
22.6333333333333,0.0759641602635384,-0.760239720344543,9.82748889923096,1.12043392658234,-0.762199997901917,1.07470202445984,-1152.30004882812,13.5000009536743,-914.100036621094,1.01593499957455,0.0116815581492407,0.0735454466139883,DLL
22.6666666666667,0.407335370779037,-0.973178625106812,9.70905685424805,0.754577994346619,-0.358233988285065,0.99848198890686,-1147.5,7.50000047683716,-914.100036621094,1.01305527924185,0.0360423805915833,0.0935749763327983,DLL
22.7,1.30933499336243,-1.13108837604523,9.05289363861084,-0.205793991684914,-0.891773998737335,0.533540010452271,-1142.70007324219,11.7000007629395,-921.300048828125,1.00969198997906,0.122176470096284,0.11842444115131,DLL
22.7333333333333,0.33137121796608,-0.485692083835602,9.06784725189209,0.213415995240211,-0.868907988071442,-0.655492007732391,-1152.30004882812,12.9000005722046,-914.100036621094,1.01559035568015,0.0550533223808523,0.0661894594431803,DLL
22.7666666666667,-0.235668331384659,-0.714182734489441,8.86986255645752,0.716467976570129,0.350611984729767,0.365855991840363,-1159.5,7.50000047683716,-914.100036621094,1.01453948373863,-0.0105632796950348,0.0765006917986184,DLL
22.8,-0.646592557430267,-0.617283523082733,9.73836612701416,0.754577994346619,0.922261953353882,1.02134799957275,-1145.10009765625,7.50000047683716,-914.100036621094,1.01193701288267,-0.0570153897003457,0.0646852529518915,DLL
22.8333333333333,-0.776389598846436,-0.0705808699131012,10.3580417633057,1.50915598869324,-0.320124000310898,1.60824191570282,-1161.90002441406,6.90000009536743,-914.100036621094,1.00533556507092,-0.070868055463399,0.0162308766827396,DLL
22.8666666666667,-0.359483927488327,-0.0837400183081627,9.96147346496582,1.83690190315247,0.0076219998300075,2.41617393493652,-1152.30004882812,11.1000003814697,-918.900024414062,0.999506673969365,-0.0431228645326616,0.0072472419985995,DLL
22.9,-0.0568235814571381,0.0783567279577255,10.9232873916626,1.88263392448425,0.243903994560242,2.10367202758789,-1161.90002441406,7.50000047683716,-916.500061035156,0.994088613217246,-0.0123080886553009,-0.0073643962241785,DLL
22.9333333333333,0.323595345020294,0.311632484197617,9.69649600982666,1.90549993515015,-0.243903994560242,-0.114329993724823,-1147.5,3.90000009536743,-911.700012207031,0.99452704147476,0.0265026857380151,-0.0310276936317135,DLL
22.9666666666667,0.35709136724472,0.230883181095123,8.38237571716309,0.83841997385025,0.396344006061554,-0.594515979290009,-1145.10009765625,9.30000019073486,-904.500061035156,0.99579051067137,0.0389260135962484,-0.0294147010676286,DLL
23.0,-0.0897214487195015,0.583189368247986,8.81602954864502,0.342989981174469,0.92988395690918,-1.89025592803955,-1142.70007324219,7.50000047683716,-904.500061035156,1.00096469322697,-0.0033996685385902,-0.0604218804379591,DLL
23.0333333333333,-0.224303618073463,0.442027658224106,9.20960712432861,-0.106707997620106,0.442075997591019,-1.79879200458527,-1147.5,9.30000019073486,-911.700012207031,1.00516471771763,-0.0208529410628744,-0.0502851696670331,DLL
23.0666666666667,0.69863098859787,-0.0711790099740028,9.14082050323486,-1.20427596569061,0.0457319989800453,-3.27745985984802,-1142.70007324219,12.3000001907349,-916.500061035156,1.0119033774684,0.0565302602263724,-0.0024561147132503,DLL
23.1,-0.0143554313108325,-0.0053832866251468,9.78621673583984,-0.594515979290009,0.670735955238342,-3.76526784896851,-1157.10009765625,3.30000019073486,-906.900024414062,1.02051208387833,0.0092985169583159,0.0006524086329007,DLL
23.1333333333333,0.352306216955185,-1.00188946723938,10.4597263336182,-1.34909391403198,1.51677799224854,-4.62655401229858,-1147.5,5.70000028610229,-933.300048828125,1.03054989321509,0.027408416711268,0.0802872283936338,DLL
23.1666666666667,-0.421690791845322,-0.388194799423218,10.3030128479004,-1.18903195858002,1.46342396736145,-6.64638376235962,-1140.30004882812,6.90000009536743,-911.700012207031,1.0460205849441,-0.0285950485493278,0.048048817675097,DLL
23.2,0.0233275759965181,-1.26327800750732,9.24250507354736,-1.33385002613068,1.65397393703461,-6.41772365570068,-1130.70007324219,9.30000019073486,-904.500061035156,1.0626835634122,-0.0048512435973992,0.121120097497126,DLL
23.2333333333333,-0.87089616060257,-0.821848452091217,9.25626277923584,0.647870004177094,2.78202986717224,-9.23786354064941,-1130.70007324219,4.5,-918.900024414062,1.08348133527823,-0.0780805277464057,0.0950135013212686,DLL
23.2666666666667,-1.7525589466095,-0.785959839820862,9.59062480926514,0.983237981796265,1.76068198680878,-7.5076699256897,-1118.70007324219,4.5,-911.700012207031,1.09996159399146,-0.161035643806781,0.0845658031844412,DLL
23.3,-1.43075799942017,-0.943869590759277,9.94771575927734,0.320124000310898,0.335367977619171,-6.41772365570068,-1125.90002441406,8.10000038146973,-921.300048828125,1.11697357972031,-0.145224707884956,0.0937381179307402,DLL
23.3333333333333,-1.25669836997986,-0.69264954328537,9.63369083404541,0.571649968624115,-0.548784017562866,-4.51984596252441,-1123.5,5.10000038146973,-933.300048828125,1.12547163891033,-0.130914284561638,0.0757414110917155,DLL
23.3666666666667,-0.552684128284454,-1.09400343894958,8.93446159362793,0.144817993044853,-1.60824191570282,-2.10367202758789,-1128.30004882812,2.70000004768372,-923.700012207031,1.13388276028516,-0.0720025971249112,0.113160417581893,DLL
23.4,-0.697434723377228,-0.964206457138062,9.15158748626709,0.350611984729767,-1.65397393703461,-0.396344006061554,-1116.30004882812,0.900000035762787,-921.300048828125,1.133924438373,-0.0725602830808271,0.106155957374117,DLL
23.4333333333333,-0.458775669336319,-1.1376678943634,9.14799880981445,0.160062000155449,-1.12805593013763,0.754577994346619,-1123.5,7.50000047683716,-916.500061035156,1.13279251260017,-0.0528896709316128,0.119895092046208,DLL
23.4666666666667,-0.403148353099823,-0.750071287155151,10.0691385269165,0.289635986089706,-0.952749967575073,1.6844619512558,-1116.30004882812,3.90000009536743,-918.900024414062,1.12643314765211,-0.0407887300447667,0.080979233984375,DLL
23.5,0.165087461471558,-0.971982300281525,9.473388671875,0.297257989645004,-1.29574000835419,2.18751406669617,-1142.70007324219,-2.10000014305115,-911.700012207031,1.12143767488814,0.0071337227553145,0.0975237570750657,DLL
23.5333333333333,-0.319408357143402,-0.811081886291504,10.65651512146,0.823175966739655,-0.106707997620106,1.17378795146942,-1137.90002441406,2.70000004768372,-911.700012207031,1.11833331771845,-0.0236599699620879,0.0783612388656173,DLL
23.5666666666667,-0.461766362190247,-0.499449372291565,10.1163921356201,0.731711983680725,-0.617381989955902,0.663114011287689,-1118.70007324219,2.70000004768372,-921.300048828125,1.11593216224748,-0.0405924144669774,0.053771613379527,DLL
23.6,-0.220714762806892,-0.378624498844147,9.84184455871582,0.907018005847931,-0.701223969459534,1.39482593536377,-1140.30004882812,12.3000001907349,-914.100036621094,1.11216784951794,-0.0249518360583735,0.0400141966419284,DLL
23.6333333333333,0.156115308403969,-0.598741114139557,8.99846267700195,1.38720393180847,-0.769822001457214,0.92988395690918,-1121.10009765625,-0.900000035762787,-914.100036621094,1.10989634197032,0.0112595169905911,0.0599929805265707,DLL
23.6666666666667,-0.43425178527832,-0.443822085857391,9.12945652008057,1.17378795146942,0.510673999786377,0.175305992364883,-1135.5,1.5,-906.900024414062,1.10945538616401,-0.0363589738409748,0.0492401173690646,DLL
23.7,-0.780576586723328,-0.125011876225471,9.94113636016846,1.21189796924591,0.0609759986400604,0.632625997066498,-1135.5,3.90000009536743,-914.100036621094,1.10629667141173,-0.0714237963723825,0.016922707232444,DLL
23.7333333333333,-0.278136491775513,-0.323595345020294,9.03913688659668,0.983237981796265,-1.02897000312805,1.01372599601746,-1130.70007324219,8.70000076293945,-928.500061035156,1.10477504143189,-0.0375441022130086,0.030549692303117,DLL
23.7666666666667,-0.279332756996155,-0.214733332395554,9.92259407043457,1.13567793369293,-0.0685980021953583,0.823175966739655,-1128.30004882812,5.70000028610229,-909.300048828125,1.10266949551165,-0.0299649266664861,0.0218127636662475,DLL
23.8,-0.449205368757248,-0.0185424312949181,9.83287239074707,2.0579400062561,-0.129574000835419,1.47866797447205,-1121.10009765625,3.90000009536743,-906.900024414062,1.09831668050816,-0.0430077650572252,0.0019124372936732,DLL
23.8333333333333,-0.281725347042084,-0.0023925718851387,9.83586311340332,1.56251001358032,-0.739333987236023,1.61586391925812,-1118.70007324219,2.10000014305115,-921.300048828125,1.09437453711795,-0.0301374015009623,-0.001777634885966,ST
23.8666666666667,0.294286340475082,0.0352904349565506,9.35495567321777,0.693601965904236,-1.69970595836639,2.0579400062561,-1130.70007324219,-2.10000014305115,-902.100036621094,1.08935336468862,0.0229031184326202,-0.004387759294162,ST
23.9,0.577806115150452,-0.05742172524333,9.36572265625,0.754577994346619,-1.33385002613068,2.15702605247498,-1135.5,4.5,-911.700012207031,1.08402640435165,0.0556724166151345,0.0030958165068651,ST
23.9333333333333,0.497056812047958,-0.188415035605431,9.449462890625,0.990859985351562,-0.152439996600151,1.72257196903229,-1128.30004882812,1.5,-904.500061035156,1.07927053293084,0.0533590678198018,0.0152939679597983,ST
23.9666666666667,0.001794428913854,0.0436644367873669,10.182785987854,0.891773998737335,0.46494197845459,1.18903195858002,-1137.90002441406,-2.10000014305115,-906.900024414062,1.07700926870375,0.0102398705170009,-0.0015492623647429,ST
24.0,0.187218755483627,0.238659039139748,9.87833118438721,0.617381989955902,-0.510673999786377,1.60824191570282,-1130.70007324219,-0.900000035762787,-928.500061035156,1.073562762417,0.0179367152025526,-0.0204262102698479,ST
24.0333333333333,0.291893780231476,0.375035643577576,9.1802978515625,0.548784017562866,-0.693601965904236,1.59299790859222,-1123.5,-3.30000019073486,-904.500061035156,1.07031799833464,0.030013041645214,-0.0374248725369763,ST
24.0666666666667,-0.13398402929306,0.518589973449707,9.53978252410889,0.952749967575073,0.426831990480423,1.76068198680878,-1137.90002441406,5.70000028610229,-904.500061035156,1.06637456935967,-0.0056260715816755,-0.0522221973699907,ST
24.1,-0.558067381381989,0.538328647613525,10.1116065979004,1.265251994133,0.99848198890686,1.59299790859222,-1135.5,4.5,-918.900024414062,1.06259468565173,-0.0463640882959277,-0.0548377243511607,ST
24.1333333333333,-0.744089841842651,0.797922730445862,9.74973011016846,1.00610399246216,0.46494197845459,1.265251994133,-1135.5,3.30000019073486,-911.700012207031,1.05841648208004,-0.0704852323951643,-0.0777631798277074,ST
24.1666666666667,-0.84158718585968,1.01863753795624,9.28676795959473,0.586893975734711,0.0685980021953583,1.28811800479889,-1137.90002441406,-2.10000014305115,-921.300048828125,1.05352285066423,-0.0858662812921704,-0.103861390418594,ST
24.2,-1.04675018787384,0.968991637229919,9.89448070526123,0.602137982845306,0.434453994035721,1.46342396736145,-1135.5,3.90000009536743,-918.900024414062,1.05057983480235,-0.101462965608157,-0.099923616615108,ST
24.2333333333333,-0.567039549350739,1.01265609264374,9.84782600402832,0.236281991004944,-0.342989981174469,0.67835795879364,-1147.5,2.10000014305115,-928.500061035156,1.04881446647514,-0.0640402403414461,-0.10245883255164,ST
24.2666666666667,0.0119628589600325,0.799118995666504,9.04093074798584,-0.221037998795509,-1.10518991947174,-0.533540010452271,-1142.70007324219,0.900000035762787,-906.900024414062,1.05070066254579,-0.0103911394768687,-0.0907117631808525,ST
24.3,-0.01914057508111,0.325987905263901,9.05827713012695,-1.04421401023865,-0.487807989120483,-1.58537602424622,-1135.5,-1.5,-914.100036621094,1.0549405032141,-0.0030210142453746,-0.0442403439370191,ST
24.3333333333333,-0.342137783765793,0.119030453264713,9.75690841674805,-1.63872992992401,-0.167683988809586,-1.13567793369293,-1125.90002441406,2.10000014305115,-911.700012207031,1.05812241662063,-0.0291276166165337,-0.0155400905752999,ST
24.3666666666667,0.384605944156647,-0.40853163599968,9.20721435546875,-1.83690190315247,-0.449698001146317,-0.724089980125427,-1130.70007324219,7.50000047683716,-911.700012207031,1.05989920122979,0.0304836187842754,0.0369250183109821,ST
24.4,0.284716039896011,-0.480308800935745,10.3592376708984,-0.914639949798584,0.510673999786377,-1.27287399768829,-1140.30004882812,2.70000004768372,-926.100036621094,1.06268417593672,0.0274254001226919,0.0456593601317938,ST
24.4333333333333,-0.250023752450943,-0.600535571575165,10.4920263290405,0.221037998795509,1.19665396213531,-1.05183601379395,-1125.90002441406,1.5,-914.100036621094,1.06518400528023,-0.0150501810353032,0.054549573902965,ST
24.4666666666667,0.166881889104843,-0.650181412696838,9.78502082824707,-0.297257989645004,0.342989981174469,-1.60824191570282,-1133.10009765625,8.70000076293945,-921.300048828125,1.06917480862859,0.0109388082069479,0.0646588660058177,ST
24.5,0.091515876352787,-0.258995920419693,9.11031532287598,0.121951997280121,-0.457319974899292,-1.63872992992401,-1135.5,3.90000009536743,-923.700012207031,1.07355996801088,0.0109568359488326,0.0343013048221226,ST
24.5333333333333,-0.607115089893341,-0.660947978496552,9.27958965301514,-0.0609759986400604,-0.0762199983000755,-0.602137982845306,-1133.10009765625,0.300000011920929,-916.500061035156,1.07563078909293,-0.0514059513520125,0.0646286502024965,ST
24.5666666666667,-0.334960073232651,-0.860727727413177,9.82031154632568,-1.02134799957275,-0.365855991840363,-0.243903994560242,-1133.10009765625,2.70000004768372,-916.500061035156,1.0768911895224,-0.0369481818512962,0.084267478416662,ST
24.6,-0.464158952236176,-1.00966536998749,9.93036937713623,-0.282013982534409,-0.221037998795509,-0.632625997066498,-1113.90002441406,7.50000047683716,-911.700012207031,1.07883818071609,-0.0441607540925383,0.0983149958230779,ST
24.6333333333333,-0.718967854976654,-1.06290006637573,10.2473850250244,0.0304879993200302,0.0381099991500378,-0.449698001146317,-1130.70007324219,-2.70000004768372,-909.300048828125,1.08009829063787,-0.0645210188914095,0.102331706453286,ST
24.6666666666667,-0.764426708221436,-0.789548695087433,10.1397199630737,0.335367977619171,-0.594515979290009,-0.114329993724823,-1133.10009765625,1.5,-894.900024414062,1.07891353724288,-0.0720697651162003,0.0822131552633043,ST
24.7,-0.712986409664154,-0.685471832752228,9.64864444732666,0.922261953353882,-0.503051996231079,0.548784017562866,-1133.10009765625,-2.10000014305115,-926.100036621094,1.07692477001509,-0.0726395182172447,0.0717016211267903,ST
24.7333333333333,-0.485692083835602,-0.69264954328537,9.68871974945068,0.92988395690918,-0.78506600856781,1.21951997280121,-1140.30004882812,6.30000019073486,-911.700012207031,1.07402987703304,-0.0535575264880582,0.0700350351508643,ST
24.7666666666667,-0.324193477630615,-0.629844546318054,9.25985145568848,1.35671591758728,-0.891773998737335,1.01372599601746,-1133.10009765625,0.900000035762787,-921.300048828125,1.07153860379345,-0.0375265529632332,0.0663874463526569,ST
24.8,0.0281127188354731,-0.591563403606415,8.94642448425293,1.38720393180847,-0.78506600856781,0.579271972179413,-1125.90002441406,0.900000035762787,-906.900024414062,1.07006649258937,-0.0035260106450923,0.0641218696860998,ST
24.8333333333333,-0.342137783765793,-0.245836764574051,9.41058349609375,1.21951997280121,-0.868907988071442,0.602137982845306,-1128.30004882812,-2.70000004768372,-904.500061035156,1.06811452341257,-0.0285464449111713,0.0320626297148706,ST
24.8666666666667,-0.396568775177002,-0.40853163599968,9.38905048370361,0.632625997066498,-0.594515979290009,1.31098401546478,-1135.5,-3.90000009536743,-909.300048828125,1.0653714740638,-0.0386688989206925,0.0402338191478889,ST
24.9,-0.373839348554611,-0.277538329362869,10.0565776824951,0.182927995920181,-0.548784017562866,1.27287399768829,-1128.30004882812,-0.900000035762787,-904.500061035156,1.06192597292577,-0.0367155348720974,0.0296619653803097,ST
24.9333333333333,0.111254595220089,-0.686668157577515,10.0793075561523,0.289635986089706,-0.990859985351562,1.06708002090454,-1135.5,4.5,-930.900024414062,1.05989387717228,0.00269184867181,0.0598739481463482,ST
24.9666666666667,-0.0281127188354731,-0.51440292596817,9.53439903259277,0.442075997591019,-0.388722002506256,0.472563982009888,-1140.30004882812,6.30000019073486,-914.100036621094,1.05875865370854,-0.0013047370881295,0.0544875030840296,ST
25.0,-0.145946890115738,-0.275743901729584,9.13483905792236,0.800309956073761,0.381099998950958,1.19665396213531,-1123.5,0.900000035762787,-914.100036621094,1.05573130390268,-0.0139657596240608,0.0333502835410497,ST
25.0333333333333,-0.482701390981674,-0.211144462227821,9.59122276306152,1.39482593536377,0.442075997591019,2.15702605247498,-1142.70007324219,-3.30000019073486,-918.900024414062,1.05025879470618,-0.0445059902350908,0.021924665194621,ST
25.0666666666667,-0.41152235865593,-0.273949474096298,9.30231952667236,1.33385002613068,0.304879993200302,1.72257196903229,-1130.70007324219,-0.900000035762787,-906.900024414062,1.04640285134989,-0.0447459482028744,0.0260774838592134,ST
25.1,-0.451597929000854,-0.0538328662514687,9.52542686462402,1.12043392658234,0.0685980021953583,1.50153398513794,-1130.70007324219,2.70000004768372,-916.500061035156,1.04201768702118,-0.0470316573547805,0.007589835376034,ST
25.1333333333333,-0.651975810527802,-0.122619308531284,9.54995059967041,1.08232402801514,-0.434453994035721,1.53964400291443,-1133.10009765625,-2.10000014305115,-916.500061035156,1.03874492712995,-0.0633172412999339,0.0101451316573633,ST
25.1666666666667,-0.339745193719864,-0.212340757250786,10.0182962417603,0.46494197845459,-1.02134799957275,1.39482593536377,-1121.10009765625,-6.30000019073486,-911.700012207031,1.03596795508881,-0.038427731906918,0.0182308238479538,ST
25.2,0.239855334162712,-0.510814070701599,9.4195556640625,0.342989981174469,-1.47104597091675,1.2347639799118,-1128.30004882812,0.900000035762787,-904.500061035156,1.03326530135501,0.0153097471232349,0.0468672556134813,ST
25.2333333333333,0.951645493507385,-0.479112505912781,9.46979999542236,-0.190549999475479,-2.19513607025146,0.503051996231079,-1140.30004882812,-1.5,-906.900024414062,1.03172117283448,0.0859550630119933,0.0501304135646156,ST
25.2666666666667,1.19867849349976,-0.422887086868286,9.39503192901611,-0.0762199983000755,-2.38568592071533,0.457319974899292,-1133.10009765625,-0.900000035762787,-911.700012207031,1.0308349886754,0.121835201298372,0.0462201974789709,ST
25.3,0.855344474315643,-0.331969350576401,8.71314907073975,0.403965979814529,-1.62348592281342,0.548784017562866,-1137.90002441406,-0.300000011920929,-928.500061035156,1.03010399092665,0.104858097315417,0.0392495352613984,ST
25.3333333333333,-0.0430662930011749,-0.340343356132507,10.1134014129639,0.556405961513519,-0.78506600856781,1.44055795669556,-1147.5,-2.10000014305115,-916.500061035156,1.02696361283536,0.0187686529084814,0.0340914917791091,ST
25.3666666666667,0.03828115016222,-0.358287632465363,10.0745220184326,0.731711983680725,-1.12043392658234,2.02745199203491,-1147.5,3.90000009536743,-923.700012207031,1.02218100953388,0.0082768558250083,0.0342681274370518,ST
25.4,0.127404451370239,-0.122021168470383,9.32205867767334,0.87652999162674,-1.03659200668335,1.56251001358032,-1164.30004882812,4.5,-916.500061035156,1.01848540192408,0.0141432937801404,0.0156394991698482,ST
25.4333333333333,-0.120824880897999,-0.0951047316193581,10.0637550354004,1.18903195858002,-0.0762199983000755,1.33385002613068,-1166.70007324219,0.300000011920929,-914.100036621094,1.01542406490271,-0.0066512014472245,0.0090386927047097,ST
25.4666666666667,-0.467149674892426,0.156115308403969,9.73178577423096,1.54726600646973,0.0838419944047928,1.41006994247437,-1159.5,6.90000009536743,-909.300048828125,1.011741504897,-0.0397398113329171,-0.0131978067201403,ST
25.5,-0.643003702163696,0.47851437330246,10.2330303192139,1.40244793891907,0.0304879993200302,1.59299790859222,-1161.90002441406,-0.300000011920929,-899.700012207031,1.00682274947155,-0.058033103509667,-0.0420372526643363,ST
25.5333333333333,-0.0083740018308162,0.474327385425568,9.6641960144043,0.716467976570129,-0.335367977619171,1.06708002090454,-1161.90002441406,-5.70000028610229,-899.700012207031,1.00408160659241,-0.010517588605308,-0.0488571628947053,ST
25.5666666666667,-0.141161739826202,0.534141659736633,9.39084434509277,0.487807989120483,-0.0381099991500378,1.10518991947174,-1152.30004882812,3.30000019073486,-909.300048828125,1.0014707654295,-0.0139661520499896,-0.0559136538125125,ST
25.6,0.0334960073232651,0.301464051008224,8.75561714172363,-0.365855991840363,0.350611984729767,0.480185985565186,-1152.30004882812,0.300000011920929,-904.500061035156,1.00030859691774,0.000536328318353,-0.037267471336682,ST
25.6333333333333,-0.544310092926025,0.296678900718689,9.92378997802734,-0.78506600856781,0.693601965904236,0.365855991840363,-1149.90002441406,1.5,-916.500061035156,0.999477047947474,-0.045869405559834,-0.0301000024032027,ST
25.6666666666667,0.574217259883881,-0.317015767097473,9.08758640289307,-1.50153398513794,0.0990860015153885,0.221037998795509,-1159.5,-0.900000035762787,-911.700012207031,0.999089625746668,0.0409324387143702,0.023824392503164,ST
25.7,0.403746515512466,-0.402550220489502,9.53679180145264,-1.2347639799118,0.137196004390717,-0.510673999786377,-1147.5,4.5,-916.500061035156,0.999715731441466,0.0418376025874371,0.0401752564439315,ST
25.7333333333333,0.180639177560806,-0.485093951225281,10.2126932144165,-1.10518991947174,0.25152599811554,-0.899396002292633,-1145.10009765625,-0.900000035762787,-921.300048828125,1.00165716564966,0.0222447545569941,0.0474999853903425,ST
25.7666666666667,0.201574176549911,-0.453392386436462,9.64744758605957,-1.04421401023865,0.335367977619171,-0.594515979290009,-1140.30004882812,3.90000009536743,-914.100036621094,1.00309195362871,0.0207185816983785,0.0485072532172654,ST
25.8,0.196190893650055,-0.60651695728302,9.88670539855957,-1.04421401023865,-0.129574000835419,-0.609759986400604,-1149.90002441406,1.5,-906.900024414062,1.00436941422815,0.0202028856140134,0.0604707499883821,ST
25.8333333333333,0.323595345020294,-0.816465139389038,8.86866569519043,-1.34909391403198,-0.647870004177094,-0.830797970294952,-1149.90002441406,-4.5,-906.900024414062,1.0056101810472,0.034461791540948,0.0881050362635725,ST
25.8666666666667,0.491075366735458,-1.3338588476181,8.86388111114502,-2.0579400062561,-0.3125019967556,-0.655492007732391,-1133.10009765625,-3.30000019073486,-911.700012207031,1.00503804662883,0.0516769261051276,0.141313796229001,ST
25.9,0.212340757250786,-1.24832439422607,10.7707605361938,-1.05183601379395,-0.769822001457214,-0.586893975734711,-1142.70007324219,8.70000076293945,-906.900024414062,1.00708766608364,0.0265118537891308,0.121494734965897,ST
25.9333333333333,0.247631192207336,-1.35180306434631,9.22515869140625,-0.106707997620106,-0.480185985565186,-0.449698001146317,-1140.30004882812,0.300000011920929,-909.300048828125,1.00747632110698,0.0273045964914812,0.14107871589681,ST
25.9666666666667,-0.60950767993927,-1.23038005828857,9.85799407958984,0.274392008781433,1.35671591758728,0.236281991004944,-1145.10009765625,-6.30000019073486,-916.500061035156,1.00719469739805,-0.0484084821835303,0.126617732820357,ST
26.0,-0.994711756706238,-1.3099330663681,10.4728851318359,0.396344006061554,0.861285984516144,0.92988395690918,-1142.70007324219,5.70000028610229,-921.300048828125,1.00510687280967,-0.0872263136665343,0.124165345546279,ST
26.0333333333333,-0.628050148487091,-1.07366669178009,9.53081035614014,0.259148001670837,-0.647870004177094,1.2500079870224,-1147.5,11.1000003814697,-923.700012207031,1.0010388031274,-0.0683281875923474,0.11366922841103,ST
26.0666666666667,-0.487486511468887,-1.16398620605469,9.2466926574707,0.769822001457214,-0.800309956073761,1.22714197635651,-1140.30004882812,-2.70000004768372,-906.900024414062,0.99862366973208,-0.0545944088547006,0.121716604190848,ST
26.1,-0.361278355121613,-1.29079258441925,9.71563625335693,0.388722002506256,-0.0762199983000755,0.571649968624115,-1140.30004882812,6.30000019073486,-921.300048828125,0.9976703949693,-0.0402091610497103,0.129532209013775,ST
26.1333333333333,0.0777585878968239,-0.997104346752167,9.06904411315918,0.228659987449646,-0.914639949798584,0.449698001146317,-1145.10009765625,5.10000038146973,-904.500061035156,0.996068805019669,-0.0001079856257495,0.113212700656072,ST
26.1666666666667,-0.244042336940765,-0.919943869113922,9.05409049987793,0.403965979814529,-1.34147191047668,0.769822001457214,-1140.30004882812,2.10000014305115,-916.500061035156,0.993814483472177,-0.0199732087142486,0.102937140556423,ST
26.2,0.138769164681435,-1.20166921615601,9.29693603515625,0.228659987449646,-0.724089980125427,1.63872992992401,-1142.70007324219,1.5,-921.300048828125,0.989626229865729,0.0097290754806693,0.123918509408755,ST
26.2333333333333,0.0717771574854851,-0.985739588737488,9.23951435089111,0.0762199983000755,-0.716467976570129,1.43293595314026,-1147.5,2.10000014305115,-902.100036621094,0.986078124243927,0.0088704406464227,0.109341541653791,ST
26.2666666666667,0.03828115016222,-0.99590802192688,9.76348781585693,0.495429992675781,-0.640248000621796,1.98171997070312,-1152.30004882812,6.90000009536743,-921.300048828125,0.98127971493956,0.0054515937859145,0.10242772443605,ST
26.3,0.279332756996155,-1.09998488426208,9.68154239654541,0.67835795879364,-0.144817993044853,2.0731840133667,-1166.70007324219,2.70000004768372,-911.700012207031,0.976359771278825,0.0238736998961359,0.110082811897327,ST
26.3333333333333,0.0831418707966805,-0.992917358875275,9.60677433013916,0.92988395690918,0.480185985565186,2.22562384605408,-1164.30004882812,8.70000076293945,-909.300048828125,0.97146045029628,0.010691252549486,0.103166274520369,ST
26.3666666666667,-0.326586067676544,-0.879270195960999,10.2503757476807,1.11281192302704,0.403965979814529,2.32470989227295,-1159.5,4.5,-911.700012207031,0.965637368445471,-0.0255137940459923,0.0868533435928582,ST
26.4,0.103478737175465,-0.799717128276825,9.14859676361084,0.792688012123108,-0.289635986089706,1.49391198158264,-1157.10009765625,3.30000019073486,-899.700012207031,0.962055863374182,0.0045150507096003,0.085998978165259,ST
26.4333333333333,0.0245238617062569,-0.987534046173096,8.75980377197266,0.0152439996600151,-0.815553963184357,1.15092194080353,-1149.90002441406,8.70000076293945,-916.500061035156,0.959145239838625,0.004100174676268,0.106954704809284,ST
26.4666666666667,0.0011962859425693,-0.927121579647064,9.19106483459473,0.0914639979600906,-0.724089980125427,1.35671591758728,-1161.90002441406,1.5,-904.500061035156,0.955876893388933,0.0017383042612529,0.101703068539948,ST
26.5,0.0173461455851793,-0.833213150501251,9.87833118438721,1.05183601379395,-1.00610399246216,1.92836594581604,-1157.10009765625,1.5,-902.100036621094,0.951265227828945,0.0029003787553653,0.0862248983872043,ST
26.5333333333333,0.604722559452057,-0.854746282100677,9.3836669921875,1.18140995502472,-1.89787793159485,2.34757590293884,-1152.30004882812,4.5,-904.500061035156,0.945178083599909,0.0548591903047416,0.0884340037300705,ST
26.5666666666667,0.535936117172241,-0.421092659235001,10.1672344207764,1.53202199935913,-2.72105383872986,2.78965187072754,-1152.30004882812,3.30000019073486,-906.900024414062,0.939989458299808,0.0566847173887582,0.0478221802956489,ST
26.6,1.1675751209259,-0.379222631454468,9.5924186706543,1.28049600124359,-3.04117798805237,2.5076379776001,-1159.5,6.30000019073486,-906.900024414062,0.934004490150636,0.113744753933208,0.0395412375945824,ST
26.6333333333333,0.70760315656662,0.0514402948319912,9.21738338470459,1.60061991214752,-2.62196803092957,2.14940404891968,-1169.10009765625,5.10000038146973,-906.900024414062,0.932291806890704,0.0873439647849164,0.000983350636261,ST
26.6666666666667,0.660947978496552,0.183629885315895,9.50150108337402,1.44055795669556,-1.65397393703461,2.30184388160706,-1176.30004882812,6.30000019073486,-899.700012207031,0.928226504840715,0.0753893853056356,-0.0169949435881771,ST
26.7,0.750071287155151,0.583787560462952,8.93745231628418,1.18903195858002,-1.35671591758728,2.12653803825378,-1173.90002441406,0.900000035762787,-894.900024414062,0.926319909861524,0.0840722296431079,-0.0575129087946951,ST
26.7333333333333,0.166881889104843,0.482103228569031,10.6421594619751,0.342989981174469,-0.693601965904236,1.71494996547699,-1178.70007324219,-4.5,-894.900024414062,0.917227471677983,0.0174225410083708,-0.0458811610199362,ST
26.7666666666667,0.931308627128601,0.638816714286804,9.13244724273682,-0.861285984516144,-1.52439999580383,0.701223969459534,-1183.5,8.70000076293945,-916.500061035156,0.916809198447415,0.088619186575723,-0.0642359992870652,ST
26.8,0.92771977186203,0.0843381583690643,9.28377723693848,-0.937505960464478,-0.365855991840363,0.266770005226135,-1171.5,10.5,-911.700012207031,0.912055613436894,0.0981926214306332,-0.0175580935165872,ST
26.8333333333333,0.937290012836456,-0.0622068680822849,8.93984508514404,-0.914639949798584,-0.0533539988100529,-1.265251994133,-1176.30004882812,6.30000019073486,-902.100036621094,0.91308991757443,0.1032704357141,0.0031084189354925,ST
26.8666666666667,0.74349170923233,-0.0968991592526436,8.73886871337891,-1.17378795146942,0.221037998795509,-1.76830399036407,-1176.30004882812,5.70000028610229,-894.900024414062,0.916662849504776,0.0882920368566331,0.0108880098565506,ST
26.9,0.633433401584625,-0.26437920331955,9.33820819854736,-1.40244793891907,0.571649968624115,-1.73781597614288,-1183.5,7.50000047683716,-906.900024414062,0.919686395445164,0.0711109159786474,0.026565867274147,ST
26.9333333333333,0.403148353099823,-0.696836590766907,10.0093240737915,-0.990859985351562,1.05945801734924,-1.49391198158264,-1164.30004882812,3.90000009536743,-918.900024414062,0.921294868326527,0.0450408782278651,0.0621267149611785,ST
26.9666666666667,0.403746515512466,-0.758445262908936,10.5183439254761,-1.15854394435883,0.617381989955902,-1.65397393703461,-1159.5,7.50000047683716,-902.100036621094,0.924905718134287,0.0389328908816551,0.0715141879086941,ST
27.0,1.19090270996094,-1.12271440029144,9.41177940368652,-1.37195992469788,-0.350611984729767,-1.50153398513794,-1173.90002441406,-1.5,-890.100036621094,0.925601594619708,0.10830322949529,0.110871560317973,ST
27.0333333333333,0.844577848911285,-1.03717994689941,9.4195556640625,-0.800309956073761,-0.342989981174469,-1.52439999580383,-1171.5,3.90000009536743,-894.900024414062,0.929177842292514,0.0935117184680552,0.110823138192309,ST
27.0666666666667,0.79672646522522,-1.18851006031036,8.54447269439697,-0.487807989120483,0.327746003866196,-1.50915598869324,-1171.5,7.50000047683716,-906.900024414062,0.930980574938197,0.0921439638299346,0.134113485368508,ST
27.1,0.708799421787262,-1.53962004184723,9.58344650268555,-1.17378795146942,0.175305992364883,-1.41006994247437,-1169.10009765625,9.30000019073486,-914.100036621094,0.932648557316863,0.0768303059758929,0.155697056624603,ST
27.1333333333333,0.655564725399017,-1.4660484790802,9.2640380859375,-0.78506600856781,-0.457319974899292,-1.06708002090454,-1171.5,9.30000019073486,-918.900024414062,0.935103185988388,0.0718628646524919,0.157775383536593,ST
27.1666666666667,0.665134966373444,-2.01992893218994,9.68513107299805,-0.792688012123108,0.320124000310898,-0.213415995240211,-1164.30004882812,10.5,-906.900024414062,0.933105365875063,0.06770929416729,0.197044984231437,ST
27.2,0.819455862045288,-2.22449374198914,9.79518890380859,-0.556405961513519,0.167683988809586,0.0457319989800453,-1169.10009765625,-2.70000004768372,-904.500061035156,0.93156594474381,0.0785582888270824,0.219109485285534,ST
27.2333333333333,0.239855334162712,-2.51100420951843,9.62950325012207,0.609759986400604,0.792688012123108,0.701223969459534,-1166.70007324219,6.90000009536743,-890.100036621094,0.928670290137643,0.0324842472599903,0.247830233721502,ST
27.2666666666667,0.142358019948006,-2.16348314285278,10.1660375595093,0.754577994346619,0.472563982009888,0.899396002292633,-1164.30004882812,5.10000038146973,-909.300048828125,0.927633617801822,0.0165551168436064,0.21633702906202,ST
27.3,-0.0568235814571381,-1.87099123001099,10.5033903121948,1.52439999580383,-0.449698001146317,1.78354799747467,-1169.10009765625,5.10000038146973,-911.700012207031,0.923639031141158,-0.0007834152089786,0.182233513801931,ST
27.3333333333333,0.539524972438812,-1.55218100547791,8.5666036605835,2.04269599914551,-0.289635986089706,2.14178204536438,-1159.5,3.30000019073486,-909.300048828125,0.918677210295339,0.0491227282886006,0.177107568445875,ST
27.3666666666667,0.034094151109457,-1.50253510475159,9.25566387176514,2.02745199203491,0.236281991004944,3.31556987762451,-1161.90002441406,8.10000038146973,-906.900024414062,0.911342985912547,0.0111527864493468,0.161230851596837,ST
27.4,-0.0472532957792282,-1.51031100749969,10.130747795105,1.21951997280121,-0.449698001146317,3.98630595207214,-1161.90002441406,4.5,-911.700012207031,0.901306742157202,-0.0022021838917099,0.148445969308844,ST
27.4333333333333,0.936093747615814,-1.18252861499786,9.61275577545166,0.571649968624115,-1.60061991214752,4.29118585586548,-1161.90002441406,-1.5,-906.900024414062,0.891185417757618,0.0802080942991255,0.126631319564161,ST
27.4666666666667,1.50133883953094,-1.20406174659729,9.06186580657959,1.07470202445984,-1.86738991737366,4.49697971343994,-1169.10009765625,6.90000009536743,-902.100036621094,0.879379775802529,0.148893464658604,0.130405496299858,ST
27.5,0.731528878211975,-1.00488018989563,9.43690204620361,1.73781597614288,-0.228659987449646,4.34454011917114,-1183.5,3.30000019073486,-897.300048828125,0.87092617985102,0.0893700677506448,0.108569117714406,ST
27.5333333333333,0.453392386436462,-0.566441416740417,9.56550216674805,1.61586391925812,-0.0914639979600906,4.13874578475952,-1173.90002441406,8.10000038146973,-902.100036621094,0.863094721979061,0.0535795478603679,0.0649135274028057,ST
27.5666666666667,0.122021168470383,-0.369652360677719,9.59481143951416,1.70732796192169,0.518296003341675,4.11588001251221,-1169.10009765625,6.30000019073486,-899.700012207031,0.854401153249849,0.0199382672458879,0.0416086073774334,ST
27.6,0.278136491775513,-0.52337509393692,10.0087261199951,1.2347639799118,0.708845973014832,3.99392795562744,-1164.30004882812,3.90000009536743,-899.700012207031,0.84506254178128,0.0249268974601486,0.0485107603349823,ST
27.6333333333333,0.316417634487152,0.0035888578277081,10.0380353927612,0.99848198890686,-0.472563982009888,3.13264203071594,-1171.5,6.90000009536743,-909.300048828125,0.838875146391985,0.0307625186639601,0.0082229931119282,ST
27.6666666666667,0.495860517024994,-0.0197387188673019,9.67436408996582,1.14329993724823,-0.221037998795509,2.68294382095337,-1166.70007324219,-2.10000014305115,-904.500061035156,0.832467698933719,0.04786588966476,0.0016711295166518,ST
27.7,0.799717128276825,0.133385881781578,9.31906795501709,0.777444005012512,0.0076219998300075,1.98171997070312,-1169.10009765625,-2.10000014305115,-894.900024414062,0.828656497305124,0.0780064705290968,-0.0119757147922189,ST
27.7333333333333,0.57361912727356,0.39238178730011,9.20661640167236,0.152439996600151,-0.274392008781433,0.945127964019775,-1157.10009765625,12.3000001907349,-904.500061035156,0.828198566282873,0.06560668478976,-0.0369132765011593,ST
27.7666666666667,0.602329969406128,0.190807610750198,9.05409049987793,-0.403965979814529,-0.335367977619171,0.815553963184357,-1161.90002441406,6.30000019073486,-914.100036621094,0.825530525599672,0.0667503334947356,-0.0236250855022002,ST
27.8,0.580796837806702,-0.0562254376709461,9.14620399475098,-1.01372599601746,-0.396344006061554,0.632625997066498,-1161.90002441406,3.90000009536743,-892.500061035156,0.822582033358252,0.0646486985846705,0.001620012711602,ST
27.8333333333333,0.705210566520691,-0.343334078788757,10.258749961853,-1.37958192825317,-0.67835795879364,0.129574000835419,-1169.10009765625,8.10000038146973,-894.900024414062,0.820617720688669,0.0688064778728257,0.0293776533964821,ST
27.8666666666667,1.42118775844574,-0.597544848918915,9.24130916595459,-1.55488801002502,-1.45580196380615,-0.236281991004944,-1178.70007324219,6.90000009536743,-911.700012207031,0.818269785151039,0.137472769646051,0.0595601977505713,ST
27.9,0.0825437307357788,-0.674705266952515,9.03016471862793,-0.701223969459534,1.02897000312805,-0.571649968624115,-1171.5,12.3000001907349,-909.300048828125,0.818765499227836,0.0336403469966209,0.0725019442167635,ST
27.9333333333333,-0.250023752450943,-0.800913453102112,10.7384605407715,-0.92988395690918,1.45580196380615,-0.510673999786377,-1157.10009765625,11.1000003814697,-909.300048828125,0.820179876463034,-0.0137233502034158,0.0753513790812366,ST
27.9666666666667,0.35410064458847,-0.656760990619659,10.8485193252563,-1.27287399768829,-1.47866797447205,-0.175305992364883,-1169.10009765625,5.70000028610229,-911.700012207031,0.820418228152264,0.025309924112698,0.0652407502630664,ST
28.0,0.77579140663147,-0.229088753461838,8.512770652771,-0.327746003866196,-1.05945801734924,0.320124000310898,-1181.10009765625,11.1000003814697,-899.700012207031,0.821191912266825,0.0806428710271192,0.0342852383529506,ST
28.0333333333333,0.317613929510117,-0.445018380880356,9.2227668762207,0.571649968624115,2.23324584960938,0.160062000155449,-1166.70007324219,8.10000038146973,-904.500061035156,0.8203197993963,0.0405879409772718,0.0446228164960539,ST
28.0666666666667,-0.721360445022583,-0.452794224023819,8.57557582855225,1.35671591758728,3.17837381362915,-0.655492007732391,-1164.30004882812,10.5,-897.300048828125,0.822257059986224,-0.063063993258502,0.0492520020916734,ST
28.1,-0.392979919910431,-0.264977335929871,10.7988729476929,-0.907018005847931,0.800309956073761,-0.92988395690918,-1171.5,8.70000076293945,-906.900024414062,0.823541703042859,-0.0419615207648147,0.030058826607026,ST
28.1333333333333,0.670518279075623,-0.668125689029694,8.48944282531738,-0.647870004177094,-2.37806391716003,0.304879993200302,-1171.5,5.10000038146973,-904.500061035156,0.822143299068653,0.0603787816130949,0.0707892652900887,ST
28.1666666666667,-0.0299071483314037,-0.895420014858246,10.1768045425415,-0.594515979290009,-0.571649968624115,-0.617381989955902,-1171.5,13.5000009536743,-916.500061035156,0.823111265081675,0.008600740698104,0.0857617225076723,ST
28.2,0.641209244728088,-0.882260859012604,10.3012180328369,-0.884151995182037,-0.327746003866196,-0.792688012123108,-1157.10009765625,6.90000009536743,-904.500061035156,0.824952312663876,0.0523679384258427,0.0867082157501349,ST
28.2333333333333,1.16996765136719,-0.57660984992981,8.68204498291016,-0.0,-0.647870004177094,-0.724089980125427,-1166.70007324219,5.70000028610229,-916.500061035156,0.828107580723722,0.121012268399487,0.0696718163669672,ST
28.2666666666667,1.44391715526581,-1.0975923538208,7.26444625854492,-0.87652999162674,0.884151995182037,0.205793991684914,-1145.10009765625,19.5,-909.300048828125,0.818266744232563,0.178948948736834,0.135794461600713,ST
28.3,0.0029907147400081,-0.477916240692139,9.4913330078125,-0.46494197845459,0.777444005012512,0.190549999475479,-1173.90002441406,5.70000028610229,-906.900024414062,0.825436011075207,0.0311752022816216,0.0661817732479649,ST
28.3333333333333,-0.428270369768143,-1.23456704616547,10.3221530914307,-0.129574000835419,1.2347639799118,0.861285984516144,-1159.5,12.3000001907349,-902.100036621094,0.823614952467006,-0.0292894263406893,0.109160577126413,ST
28.3666666666667,-0.238060906529427,-0.982748925685883,11.1960401535034,-0.457319974899292,0.739333987236023,-0.335367977619171,-1159.5,2.10000014305115,-899.700012207031,0.824174303905431,-0.0234920244522529,0.0916424373395216,ST
28.4,-0.413316786289215,-0.968991637229919,12.0101127624512,0.160062000155449,-0.693601965904236,-0.419209986925125,-1169.10009765625,10.5,-911.700012207031,0.82480148088319,-0.0313203277449809,0.0822809284113755,ST
28.4333333333333,0.834409415721893,-0.715378999710083,10.0799055099487,-0.0533539988100529,-1.6920839548111,-0.449698001146317,-1161.90002441406,21.9000015258789,-894.900024414062,0.825732858645732,0.0645067432975003,0.072965623908822,ST
28.4666666666667,1.27284824848175,-0.894821882247925,10.0834941864014,-0.403965979814529,-1.39482593536377,-0.0609759986400604,-1159.5,15.9000005722046,-906.900024414062,0.824540154554834,0.114803929359062,0.0859336365603099,ST
28.5,0.82364284992218,-0.519188106060028,8.5187520980835,0.434453994035721,-0.0457319989800453,0.739333987236023,-1169.10009765625,13.5000009536743,-914.100036621094,0.824884987719823,0.0995215509105693,0.0648244723409457,ST
28.5333333333333,0.430064797401428,-1.22320234775543,10.4980068206787,0.0533539988100529,1.2576299905777,0.434453994035721,-1161.90002441406,10.5,-909.300048828125,0.820956611236652,0.0493380514913043,0.106837469540915,ST
28.5666666666667,0.775193274021149,-0.921140193939209,9.52243614196777,0.0838419944047928,-0.46494197845459,-0.0381099991500378,-1166.70007324219,14.7000007629395,-916.500061035156,0.821469723471289,0.0762408852097581,0.0980625040507868,ST
28.6,-0.0269164331257343,-1.01205790042877,9.57686710357666,1.06708002090454,0.807931959629059,-0.228659987449646,-1176.30004882812,12.3000001907349,-906.900024414062,0.821880373590256,0.0120499717540062,0.102337356209698,ST
28.6333333333333,-0.808689296245575,-0.845176041126251,10.9992513656616,1.15092194080353,1.60061991214752,-0.236281991004944,-1154.70007324219,13.5000009536743,-921.300048828125,0.822309658285268,-0.0581843278463493,0.0802922987579519,ST
28.6666666666667,-1.4481041431427,-0.894821882247925,10.644552230835,1.54726600646973,1.6615959405899,0.144817993044853,-1164.30004882812,20.1000003814697,-911.700012207031,0.822666521143369,-0.121621253680191,0.0809773455741492,ST
28.7,-0.782370984554291,-0.509617805480957,9.93635082244873,0.945127964019775,1.44817996025085,-0.525918006896973,-1149.90002441406,10.5,-909.300048828125,0.8217295957988,-0.0882081086291192,0.0552615661579419,ST
28.7333333333333,-0.519786238670349,-0.341539651155472,9.59361553192139,0.937505960464478,-0.213415995240211,0.419209986925125,-1147.5,9.90000057220459,-904.500061035156,0.819635889543431,-0.0606970257865086,0.0381948729039275,ST
28.7666666666667,0.32838049530983,-0.197387173771858,9.63967227935791,0.3125019967556,-1.87501192092896,0.342989981174469,-1145.10009765625,7.50000047683716,-923.700012207031,0.818342778127971,0.0208411585606202,0.0229932250187216,ST
28.8,1.13288283348083,-0.24224790930748,6.03286981582642,0.0685980021953583,-1.47104597091675,-0.0457319989800453,-1142.70007324219,4.5,-911.700012207031,0.817085457497234,0.158035546968293,0.0369249890676319,ST
28.8333333333333,-0.515599250793457,-0.495860517024994,9.57088565826416,0.37347799539566,2.03507399559021,-0.327746003866196,-1152.30004882812,8.70000076293945,-918.900024414062,0.817245128785847,-0.0209678522694371,0.0487529133374119,ST
28.8666666666667,0.369054228067398,-0.55567479133606,9.82330226898193,0.114329993724823,0.320124000310898,0.586893975734711,-1140.30004882812,4.5,-909.300048828125,0.815877405236961,0.0258969676541013,0.0548829875236403,ST
28.9,0.0490477234125137,-0.223705470561981,8.0055456161499,1.34909391403198,-0.83841997385025,0.388722002506256,-1161.90002441406,9.90000057220459,-906.900024414062,0.815249114735933,0.0110401450096756,0.0311492509656925,ST
28.9333333333333,-1.06589078903198,-0.862522184848785,9.64804649353027,1.11281192302704,2.37806391716003,0.457319974899292,-1149.90002441406,11.7000007629395,-923.700012207031,0.816319450003426,-0.0885846882824834,0.0757884465045253,ST
28.9666666666667,-1.30275535583496,-0.541319370269775,11.9191951751709,1.22714197635651,2.21037983894348,-0.221037998795509,-1147.5,12.9000005722046,-914.100036621094,0.81487054206549,-0.108037248229287,0.0494764902660894,ST
29.0,0.0974973067641258,-0.66334056854248,11.2462844848633,-0.525918006896973,-2.17989206314087,0.160062000155449,-1147.5,5.70000028610229,-916.500061035156,0.814618673089384,-0.0091002003401876,0.0579680660304948,ST
29.0333333333333,1.13108837604523,-0.388194799423218,7.87096357345581,-0.975615978240967,-3.84148788452148,0.762199997901917,-1152.30004882812,9.90000057220459,-904.500061035156,0.812792141729856,0.117164636993772,0.0525386931425886,ST
29.0666666666667,0.226696193218231,-0.933103024959564,9.28317928314209,0.282013982534409,-0.823175966739655,1.41006994247437,-1157.10009765625,13.5000009536743,-914.100036621094,0.806322257087332,0.0440199393476321,0.0903646538120903,ST
29.1,1.00129127502441,-1.03000223636627,8.31299114227295,0.480185985565186,0.182927995920181,1.29574000835419,-1152.30004882812,8.70000076293945,-904.500061035156,0.801428265003994,0.103399204297471,0.116085219547965,ST
29.1333333333333,0.87089616060257,-0.460570096969604,7.57129383087158,1.18903195858002,-0.335367977619171,1.11281192302704,-1159.5,4.5,-909.300048828125,0.803442625095017,0.1124747371495,0.070433940236681,ST
29.1666666666667,-0.60352623462677,0.0514402948319912,8.67666149139404,2.27897787094116,-0.472563982009888,1.10518991947174,-1164.30004882812,12.3000001907349,-918.900024414062,0.803220534369834,-0.032016606547054,0.0063727272683671,ST
29.2,-0.980356335639954,0.565245091915131,11.7259950637817,2.79727387428284,-0.182927995920181,1.90549993515015,-1159.5,8.10000038146973,-918.900024414062,0.796350730078382,-0.073819331930098,-0.0425846642041035,ST
29.2333333333333,0.205761179327965,0.996506214141846,10.9065389633179,2.0655620098114,-1.82927989959717,2.17227005958557,-1159.5,1.5,-904.500061035156,0.790311712824255,0.0028674948415256,-0.0842763342675172,ST
29.2666666666667,0.538926839828491,0.836203873157501,9.94233226776123,1.12043392658234,-1.33385002613068,1.88263392448425,-1157.10009765625,6.30000019073486,-906.900024414062,0.786216773382211,0.0457419786055104,-0.0854621990261743,ST
29.3,1.03897428512573,0.422288924455643,9.00025749206543,-0.228659987449646,-0.564027965068817,0.769822001457214,-1161.90002441406,6.90000009536743,-921.300048828125,0.782091323906539,0.103353132486808,-0.0533893930586021,ST
29.3333333333333,1.23516523838043,0.284716039896011,7.24949264526367,-0.815553963184357,0.0,-0.472563982009888,-1164.30004882812,9.30000019073486,-914.100036621094,0.781823472689063,0.155433139053029,-0.0410791933689673,ST
29.3666666666667,0.568833947181702,0.127404451370239,7.91223526000977,-1.27287399768829,1.08994603157043,-1.71494996547699,-1181.10009765625,6.30000019073486,-909.300048828125,0.783423519450286,0.0870554449336564,-0.0195738204254354,ST
29.4,-0.230883181095123,0.230883181095123,7.70946455001831,-0.182927995920181,1.22714197635651,-1.73019397258759,-1171.5,9.30000019073486,-914.100036621094,0.787793005583915,-0.0094808699151442,-0.0277497449462252,ST
29.4333333333333,-1.56354570388794,-0.40853163599968,11.4209423065186,-0.0152439996600151,1.52439999580383,-1.21189796924591,-1140.30004882812,9.90000057220459,-914.100036621094,0.794004534258668,-0.115493906569919,0.0244426418236544,ST
29.4666666666667,-1.23217451572418,-0.11484345048666,12.9168977737427,-0.960371971130371,-0.503051996231079,-0.914639949798584,-1154.70007324219,8.70000076293945,-914.100036621094,0.794671093037041,-0.0984910938346654,0.0134878484075293,ST
29.5,0.43425178527832,-0.326586067676544,10.6313934326172,-1.22714197635651,-1.93598794937134,-0.83841997385025,-1159.5,8.10000038146973,-914.100036621094,0.797032212942019,0.0153906091811047,0.0289586996592029,ST
29.5333333333333,0.680686712265015,-1.04495573043823,10.1845808029175,-1.86738991737366,-0.564027965068817,-1.88263392448425,-1157.10009765625,4.5,-906.900024414062,0.799227419398696,0.05707999599063,0.0899089777947885,ST
29.5666666666667,-0.571226537227631,-1.00607645511627,9.38845252990723,-0.609759986400604,1.49391198158264,-2.27897787094116,-1152.30004882812,3.90000009536743,-918.900024414062,0.805019241829634,-0.0412040170727331,0.104667606272854,ST
29.6,-0.294884473085403,-1.00368392467499,8.14132404327393,-0.503051996231079,2.33995389938354,-3.13264203071594,-1159.5,12.3000001907349,-923.700012207031,0.813355194304668,-0.0397323707458889,0.119925071943729,ST
29.6333333333333,-0.546104550361633,-0.448009073734283,7.58265829086304,0.121951997280121,0.647870004177094,-2.0579400062561,-1135.5,6.90000009536743,-921.300048828125,0.815657132460853,-0.0659883558346878,0.0713171271364573,ST
29.6666666666667,-0.801511585712433,-1.19748222827911,10.042820930481,-0.533540010452271,-0.205793991684914,-0.800309956073761,-1149.90002441406,11.1000003814697,-923.700012207031,0.820099584918691,-0.0760606024016534,0.109938868202037,ST
29.7,-0.41750380396843,-0.801511585712433,9.54157638549805,-1.09756803512573,-1.48628997802734,-0.228659987449646,-1157.10009765625,3.30000019073486,-906.900024414062,0.818924089346736,-0.048032619706382,0.0905989068202312,ST
29.7333333333333,0.162096738815308,-1.13288283348083,11.9999446868896,-1.08994603157043,-1.85976791381836,0.160062000155449,-1142.70007324219,5.70000028610229,-904.500061035156,0.818176253510563,0.0043721138977193,0.094995708517068,ST
29.7666666666667,1.79323267936707,-1.41400992870331,10.3873510360718,-0.160062000155449,-2.46952795982361,0.381099998950958,-1149.90002441406,14.7000007629395,-918.900024414062,0.814372726133408,0.139329139901309,0.127363626529609,ST
29.8,1.29617583751678,-1.07247030735016,8.69640064239502,1.36433792114258,-0.800309956073761,-0.579271972179413,-1157.10009765625,10.5,-916.500061035156,0.81582354921332,0.146549764403321,0.121645516820059,ST
29.8333333333333,0.0484495796263218,-0.479112505912781,8.49363040924072,1.6920839548111,0.594515979290009,-0.533540010452271,-1161.90002441406,5.10000038146973,-904.500061035156,0.821907692447266,0.0285683860143982,0.0647632687410513,ST
29.8666666666667,-1.20465993881226,-0.845176041126251,9.33102989196777,1.95885396003723,2.28659987449646,-0.304879993200302,-1145.10009765625,5.70000028610229,-911.700012207031,0.823991259289203,-0.104799572509069,0.0831834849535152,ST
29.9,-1.3960657119751,-1.20107114315033,10.5518398284912,0.868907988071442,1.6844619512558,-0.800309956073761,-1157.10009765625,3.90000009536743,-918.900024414062,0.829313834200608,-0.128375099820161,0.10685973060999,ST
29.9333333333333,-0.870298027992249,-0.928916037082672,11.1033277511597,-0.259148001670837,-0.533540010452271,-0.586893975734711,-1157.10009765625,11.7000007629395,-904.500061035156,0.828528469061829,-0.0861165904844936,0.0880693064581975,ST
29.9666666666667,-0.170470744371414,-1.39845824241638,9.94412708282471,-0.663114011287689,-1.44055795669556,-0.388722002506256,-1152.30004882812,7.50000047683716,-906.900024414062,0.831452624319849,-0.0272310026815077,0.131468954283835,ST
30.0,0.160302311182022,-1.16458439826965,9.2879638671875,-0.236281991004944,-0.800309956073761,-0.106707997620106,-1154.70007324219,15.3000001907349,-914.100036621094,0.831408954487886,0.0093072411960583,0.12642247332767,ST
30.0333333333333,0.360680222511292,-1.30933499336243,9.31308650970459,0.327746003866196,-0.6250039935112,0.335367977619171,-1159.5,11.7000007629395,-906.900024414062,0.830222540104273,0.0332822694419996,0.13656157081523,ST
30.0666666666667,1.06290006637573,-1.1837249994278,8.01990127563477,0.6250039935112,-1.20427596569061,0.0838419944047928,-1157.10009765625,6.30000019073486,-923.700012207031,0.828919511682627,0.115749521170428,0.143984297747669,ST
30.1,0.480906963348389,-0.525169551372528,8.18857765197754,1.265251994133,-0.137196004390717,1.2576299905777,-1152.30004882812,6.90000009536743,-914.100036621094,0.831827923900792,0.0701195892102603,0.078484221054835,ST
30.1333333333333,-0.0281127188354731,-1.12929391860962,9.38905048370361,1.43293595314026,1.19665396213531,1.95885396003723,-1152.30004882812,9.30000019073486,-923.700012207031,0.825954609947099,0.0080903745999201,0.110366682422167,ST
30.1666666666667,-0.442625790834427,-0.69264954328537,9.96207141876221,1.21951997280121,0.6250039935112,1.72257196903229,-1145.10009765625,9.30000019073486,-921.300048828125,0.821711472248704,-0.0348193383224283,0.075924217680502,ST
30.2,-0.568235814571381,-1.01205790042877,10.6912078857422,1.02134799957275,0.571649968624115,2.21800184249878,-1145.10009765625,6.90000009536743,-914.100036621094,0.817391319941124,-0.0502876432458098,0.0890982099855698,ST
30.2333333333333,-0.742893576622009,-0.842783451080322,11.1398143768311,1.00610399246216,0.106707997620106,1.74543797969818,-1154.70007324219,2.70000004768372,-914.100036621094,0.812836442011999,-0.0634987020717429,0.0767032934883781,ST
30.2666666666667,-0.592759668827057,-0.75545459985733,9.56909084320068,1.89787793159485,0.175305992364883,1.91312193870544,-1152.30004882812,8.70000076293945,-918.900024414062,0.808558401055018,-0.0624731942758303,0.0755369763042655,ST
30.3,-0.534739792346954,-0.385204076766968,8.94343376159668,1.76830399036407,0.403965979814529,1.55488801002502,-1154.70007324219,6.90000009536743,-904.500061035156,0.803536803164342,-0.0609170954800861,0.0469925341242087,ST
30.3333333333333,-0.0520384386181831,-0.233873903751373,8.50918197631836,1.10518991947174,-0.282013982534409,1.70732796192169,-1135.5,11.1000003814697,-918.900024414062,0.799014098045663,-0.0168466655212086,0.0297939707304658,ST
30.3666666666667,-0.472532957792282,-0.427074074745178,9.26224422454834,0.731711983680725,0.152439996600151,1.71494996547699,-1157.10009765625,8.70000076293945,-916.500061035156,0.795494517932609,-0.0443581740324335,0.0416847273217812,ST
30.4,0.308641761541367,-0.850559294223785,9.87055492401123,-0.533540010452271,-0.655492007732391,1.54726600646973,-1145.10009765625,6.90000009536743,-916.500061035156,0.792328336576894,0.0166779772149479,0.0777713128756845,ST
30.4333333333333,0.70162171125412,-0.896616339683533,9.96506214141846,-0.647870004177094,-2.12653803825378,1.14329993724823,-1161.90002441406,12.9000005722046,-916.500061035156,0.788942892952514,0.062074183124371,0.0883137447473425,ST
30.4666666666667,0.572422802448273,-0.70461243391037,9.04571628570557,-0.221037998795509,-1.17378795146942,1.61586391925812,-1159.5,2.70000004768372,-918.900024414062,0.785438725170308,0.0642964953563961,0.0802100591213654,ST
30.5,0.346324771642685,-0.809287428855896,9.42912578582764,0.327746003866196,-0.259148001670837,2.32470989227295,-1166.70007324219,8.10000038146973,-906.900024414062,0.779636383278861,0.0419271081198132,0.0842900962075155,ST
30.5333333333333,-0.279332756996155,-0.192003890872002,9.79100227355957,1.28049600124359,-1.11281192302704,2.41617393493652,-1164.30004882812,11.7000007629395,-921.300048828125,0.774658221736294,-0.0129256104077403,0.0308727646592618,ST
30.5666666666667,0.178246602416039,0.194994613528252,8.80167388916016,1.32622802257538,-1.37958192825317,2.39330792427063,-1149.90002441406,10.5,-909.300048828125,0.768852447233967,0.0163105614652726,-0.0145573470923561,ST
30.6,0.355895072221756,0.473131090402603,10.154673576355,0.868907988071442,-1.08232402801514,1.71494996547699,-1161.90002441406,10.5,-916.500061035156,0.765367829951025,0.0332984152421097,-0.0420212106860938,ST
30.6333333333333,-0.120824880897999,0.37324121594429,11.0572710037231,1.39482593536377,-0.617381989955902,2.01982998847961,-1154.70007324219,9.30000019073486,-911.700012207031,0.760646061547278,-0.0010423449706944,-0.0373299893945621,ST
30.6666666666667,0.65436840057373,0.330773055553436,10.6475429534912,0.472563982009888,-1.2500079870224,1.08994603157043,-1149.90002441406,5.70000028610229,-909.300048828125,0.758102221058621,0.0505662568620492,-0.0329290931422017,ST
30.7,0.443822085857391,0.492869794368744,7.17472505569458,0.381099998950958,-0.830797970294952,-0.655492007732391,-1171.5,11.7000007629395,-911.700012207031,0.761262678333613,0.060516834751148,-0.0619819250405769,ST
30.7333333333333,-0.545506417751312,0.14056359231472,8.73767280578613,-0.0,1.87501192092896,-1.44055795669556,-1161.90002441406,8.70000076293945,-916.500061035156,0.764136253600438,-0.0416922342720334,-0.0247987441714832,ST
30.7666666666667,-0.935495615005493,-0.123815596103668,10.0775127410889,-0.617381989955902,1.63110792636871,-1.6615959405899,-1152.30004882812,8.70000076293945,-909.300048828125,0.769761645127032,-0.0845832180332773,0.0058107553633403,ST
30.8,-1.02581524848938,-0.0281127188354731,10.5757656097412,-0.990859985351562,-0.335367977619171,-1.62348592281342,-1166.70007324219,8.70000076293945,-918.900024414062,0.773196350031869,-0.0937737682411317,0.0048821073767272,ST
30.8333333333333,-0.930112302303314,-0.438438802957535,11.2199659347534,-1.15092194080353,0.426831990480423,-1.47104597091675,-1159.5,10.5,-906.900024414062,0.778953914467519,-0.0854387002576159,0.0339574152377214,ST
30.8666666666667,-0.305651068687439,-1.17535090446472,10.9017534255981,-2.33233189582825,0.37347799539566,-1.90549993515015,-1145.10009765625,19.5,-909.300048828125,0.787090414407528,-0.0391470329637521,0.0969069233817505,ST
30.9,0.845774173736572,-1.29258692264557,9.70187854766846,-3.40703392028809,-0.792688012123108,-2.67532205581665,-1130.70007324219,9.30000019073486,-909.300048828125,0.792865278504762,0.063887766914415,0.130358087370256,ST
30.9333333333333,1.82194352149963,-1.2578946352005,7.47678709030151,-2.98020195960999,-1.54726600646973,-3.10977602005005,-1140.30004882812,14.1000003814697,-911.700012207031,0.796221278904795,0.207747244392834,0.163629451539298,ST
30.9666666666667,1.41520631313324,-1.49595558643341,7.29375553131104,-1.44817996025085,-0.0914639979600906,-2.32470989227295,-1152.30004882812,5.70000028610229,-911.700012207031,0.795856000760796,0.191957696432522,0.19727420405772,ST
31.0,0.506028950214386,-1.37632691860199,7.20104312896729,0.0990860015153885,1.80641400814056,-1.44055795669556,-1140.30004882812,3.30000019073486,-921.300048828125,0.801108028067665,0.0887240898169899,0.189929118447485,ST
31.0333333333333,-0.343334078788757,-1.69274461269379,10.5691862106323,-0.304879993200302,1.98171997070312,-0.914639949798584,-1147.5,0.300000011920929,-918.900024414062,0.804971623718212,-0.0102111423168366,0.165488694207261,ST
31.0666666666667,0.0293090064078569,-0.992917358875275,10.8867998123169,-0.503051996231079,-1.48628997802734,-0.846041977405548,-1137.90002441406,16.5,-914.100036621094,0.806249815584531,0.002460639201401,0.10580849158783,ST
31.1,0.159106031060219,-1.50432956218719,11.1176834106445,0.472563982009888,-1.79117000102997,1.05945801734924,-1145.10009765625,6.90000009536743,-914.100036621094,0.803151289582443,0.0141169181648977,0.128072003660127,ST
31.1333333333333,0.0735715851187706,-1.58567702770233,11.0829906463623,0.403965979814529,0.716467976570129,0.853663980960846,-1149.90002441406,10.5,-904.500061035156,0.801299489115604,0.0069415150798941,0.138726599132677,ST
31.1666666666667,-0.96061760187149,-1.38709354400635,10.8299770355225,0.548784017562866,2.45428395271301,0.0228659994900227,-1164.30004882812,5.10000038146973,-911.700012207031,0.801773902351649,-0.0764058685686484,0.128400669163703,ST
31.2,-0.151330173015594,-0.952841758728027,9.7838249206543,0.0152439996600151,0.358233988285065,-0.205793991684914,-1140.30004882812,15.3000001907349,-906.900024414062,0.801034067191608,-0.0281611522997144,0.103374742373586,ST
31.2333333333333,0.711790144443512,-1.01564681529999,6.19915390014648,0.495429992675781,-1.56251001358032,0.0457319989800453,-1142.70007324219,8.70000076293945,-911.700012207031,0.799007376600749,0.0881335038395669,0.150403349632819,ST
31.2666666666667,-1.00248765945435,-1.44331896305084,8.07552814483643,1.02134799957275,2.62959003448486,0.106707997620106,-1135.5,3.90000009536743,-911.700012207031,0.799653172500638,-0.0827521246798485,0.170080656534332,ST
31.3,-0.933103024959564,-1.26507234573364,11.0524854660034,-0.320124000310898,1.08232402801514,-0.571649968624115,-1142.70007324219,11.7000007629395,-916.500061035156,0.79754830309832,-0.0849040439205428,0.125799537580665,ST
31.3333333333333,-0.442625790834427,-1.0455539226532,10.6074676513672,0.0762199983000755,-2.34757590293884,0.0762199983000755,-1140.30004882812,5.70000028610229,-916.500061035156,0.795308248227317,-0.0470113374909077,0.103656156046777,ST
31.3666666666667,0.602928102016449,-1.1418548822403,7.46841335296631,0.426831990480423,-2.69056582450867,0.510673999786377,-1149.90002441406,13.5000009536743,-916.500061035156,0.793176543346499,0.0576525845138691,0.141419693465691,ST
31.4,-0.505430817604065,-1.40085089206696,10.4782686233521,0.670735955238342,0.365855991840363,1.02134799957275,-1159.5,5.70000028610229,-918.900024414062,0.79077063772222,-0.0318939750828912,0.133253602341186,ST
31.4333333333333,-0.372044920921326,-0.843381583690643,10.5649995803833,0.472563982009888,-1.265251994133,0.457319974899292,-1142.70007324219,5.10000038146973,-926.100036621094,0.788028272716337,-0.0327659180973443,0.0897722289029869,ST
31.4666666666667,0.851755619049072,-0.679490387439728,7.5467700958252,0.670735955238342,-2.45428395271301,0.358233988285065,-1154.70007324219,-0.900000035762787,-914.100036621094,0.786684166328325,0.0860385288171866,0.0889029759855396,ST
31.5,1.06648886203766,-0.875083148479462,8.71255016326904,0.457319974899292,-1.83690190315247,-0.221037998795509,-1142.70007324219,4.5,-921.300048828125,0.785795579189759,0.118375330950141,0.0976542450437376,ST
31.5333333333333,-0.44023323059082,-0.599937379360199,10.6170377731323,1.22714197635651,-0.358233988285065,0.0304879993200302,-1145.10009765625,9.30000019073486,-918.900024414062,0.787399861826921,-0.0086131279861312,0.0630603779274599,ST
31.5666666666667,-0.264977335929871,-0.575413525104523,10.6236171722412,1.13567793369293,0.503051996231079,-0.129574000835419,-1159.5,7.50000047683716,-921.300048828125,0.78767123994773,-0.02230832308457,0.0543359430367602,ST
31.6,0.177648469805717,-0.267369896173477,8.89199352264404,0.99848198890686,-0.945127964019775,0.442075997591019,-1147.5,6.90000009536743,-938.100036621094,0.786410094109515,0.0137487157946765,0.0329649822771273,ST
31.6333333333333,0.0974973067641258,-0.599339246749878,10.222861289978,0.564027965068817,-0.221037998795509,0.510673999786377,-1154.70007324219,9.30000019073486,-921.300048828125,0.784957275333558,0.0106473598391696,0.0526247604519429,ST
31.6666666666667,1.43374872207642,-0.709397554397583,8.85371208190918,-0.358233988285065,-2.0579400062561,-0.228659987449646,-1152.30004882812,3.90000009536743,-923.700012207031,0.783541221337977,0.137855532614662,0.0758120554831628,ST
31.7,0.0227294322103262,-0.323595345020294,8.69400787353516,0.342989981174469,-0.114329993724823,0.274392008781433,-1161.90002441406,3.30000019073486,-909.300048828125,0.785457446322917,0.0300445710149588,0.0445096197084969,ST
31.7333333333333,-0.160900458693504,-0.539524972438812,11.0722246170044,0.137196004390717,1.07470202445984,1.16616594791412,-1149.90002441406,5.70000028610229,-933.300048828125,0.782614995341476,-0.0086777494956503,0.0477916098357314,ST
31.7666666666667,0.409129798412323,-0.296678900718689,9.9853982925415,-0.0685980021953583,-1.57775402069092,1.31098401546478,-1154.70007324219,0.900000035762787,-909.300048828125,0.779537197349896,0.0336783388876127,0.0332780574384115,ST
31.8,0.984543323516846,-0.238060906529427,8.9894905090332,-0.480185985565186,-2.080806016922,1.44055795669556,-1149.90002441406,10.5,-930.900024414062,0.776448987134431,0.0966847771085258,0.0286929591076542,ST
31.8333333333333,1.0335910320282,-0.233873903751373,9.15816688537598,-0.480185985565186,-0.594515979290009,1.70732796192169,-1159.5,3.30000019073486,-906.900024414062,0.772778511155088,0.109955160507371,0.0270951629693059,ST
31.8666666666667,0.553880393505096,0.028710862621665,10.2276468276978,0.0685980021953583,-0.457319974899292,1.16616594791412,-1149.90002441406,5.70000028610229,-914.100036621094,0.772169235825313,0.0659823157117864,0.003231747238981,ST
31.9,0.732127010822296,0.365465342998505,9.42493915557861,0.304879993200302,-0.846041977405548,0.87652999162674,-1169.10009765625,7.50000047683716,-921.300048828125,0.772516487808039,0.0765197513167419,-0.0311241443103788,TR
31.9333333333333,1.05572235584259,0.421092659235001,9.53021240234375,-0.0076219998300075,-0.0685980021953583,1.40244793891907,-1164.30004882812,5.10000038146973,-914.100036621094,0.770225256749112,0.10359987953179,-0.041323644948463,TR
31.9666666666667,0.948056638240814,0.459971934556961,9.3477783203125,-0.510673999786377,-0.525918006896973,0.67835795879364,-1161.90002441406,6.30000019073486,-914.100036621094,0.769305237914208,0.102206132790227,-0.0470121490715957,TR
32.0,0.260192185640335,0.716575264930725,9.78741359710693,-0.792688012123108,0.922261953353882,0.46494197845459,-1152.30004882812,5.10000038146973,-916.500061035156,0.769608534074227,0.038753199105317,-0.0672637856189278,TR
32.0333333333333,0.739902853965759,0.235070183873177,9.79279708862305,-1.46342396736145,1.32622802257538,-0.274392008781433,-1159.5,7.50000047683716,-921.300048828125,0.76834864386777,0.0661518056191401,-0.0307152533456375,TR
32.0666666666667,-0.113049022853374,0.35110992193222,8.86866569519043,-1.28049600124359,1.56251001358032,-2.02745199203491,-1164.30004882812,12.9000005722046,-918.900024414062,0.773173185492944,0.0009049047478278,-0.0360528809573365,TR
32.1,-0.62147057056427,-0.0101684303954244,9.90584564208984,-1.54726600646973,2.13416004180908,-2.54574799537659,-1159.5,9.30000019073486,-914.100036621094,0.780062559141557,-0.0543991708229246,-0.0032520284509176,TR
32.1333333333333,-0.389989227056503,0.397765070199966,9.50628662109375,-2.17227005958557,0.556405961513519,-3.10215401649475,-1161.90002441406,14.7000007629395,-923.700012207031,0.785565630991753,-0.0445565080142312,-0.0308142930919234,TR
32.1666666666667,-0.712388277053833,0.0478514358401299,9.92678070068359,-1.62348592281342,0.922261953353882,-2.72105383872986,-1152.30004882812,11.7000007629395,-914.100036621094,0.792873023153093,-0.0675195958574756,-0.0075761152600431,TR
32.2,-0.313426911830902,-0.229088753461838,11.2121896743774,-2.27135586738586,0.632625997066498,-2.90398192405701,-1157.10009765625,5.70000028610229,-916.500061035156,0.800626951339174,-0.0367620479068432,0.0181375002375281,TR
32.2333333333333,0.799118995666504,-0.249425619840622,9.07442665100098,-2.5076379776001,-0.960371971130371,-3.21648383140564,-1152.30004882812,5.70000028610229,-926.100036621094,0.808353143286878,0.0669903308269978,0.0292218615930034,TR
32.2666666666667,1.0975923538208,-0.156115308403969,8.75023365020752,-2.80489587783813,-0.396344006061554,-4.36740589141846,-1142.70007324219,5.70000028610229,-923.700012207031,0.819442762393582,0.113807144986176,0.0234504042731781,TR
32.3,1.14723825454712,-0.349315494298935,9.13184833526611,-2.40092992782593,0.274392008781433,-4.16923379898071,-1164.30004882812,13.5000009536743,-923.700012207031,0.827940680102806,0.122465837498579,0.0378926894738369,TR
32.3333333333333,1.14843451976776,-0.537730515003204,9.07442665100098,-2.10367202758789,0.510673999786377,-4.13874578475952,-1147.5,14.7000007629395,-926.100036621094,0.83567391038626,0.124613913953635,0.0571001247467309,TR
32.3666666666667,0.626853823661804,-0.632835268974304,9.30650615692139,-1.33385002613068,1.19665396213531,-3.7957558631897,-1147.5,8.70000076293945,-923.700012207031,0.843829373752991,0.0773747955622197,0.0670969546871747,TR
32.4,0.361278355121613,-0.244042336940765,9.36931133270264,-1.2347639799118,0.609759986400604,-4.03965997695923,-1140.30004882812,10.5,-918.900024414062,0.855283059657763,0.0457724641716809,0.035719516005265,TR
32.4333333333333,0.0125610027462244,-0.938486337661743,10.9023523330688,-0.967993974685669,0.960371971130371,-3.86435389518738,-1145.10009765625,14.1000003814697,-921.300048828125,0.864297432228132,0.0071718036013851,0.0792855959140409,TR
32.4666666666667,0.276940196752548,-0.733921408653259,12.2176685333252,-1.08994603157043,-0.175305992364883,-4.78661584854126,-1130.70007324219,11.1000003814697,-916.500061035156,0.876161334454161,0.0205840259767806,0.0648926992918207,TR
32.5,1.28421294689178,-0.366661638021469,10.1480932235718,-0.480185985565186,-1.28811800479889,-5.0152759552002,-1147.5,5.70000028610229,-928.500061035156,0.890179085386674,0.110295106043017,0.0410765316442611,TR
32.5333333333333,2.16228675842285,-0.196190893650055,8.83098316192627,-1.01372599601746,-0.846041977405548,-5.12198400497437,-1147.5,9.90000057220459,-914.100036621094,0.90535382713844,0.218205587232796,0.0257485453410528,TR
32.5666666666667,1.13288283348083,0.226696193218231,9.53021240234375,-0.137196004390717,1.01372599601746,-4.26832008361816,-1161.90002441406,8.10000038146973,-916.500061035156,0.922254286631927,0.137041851000825,-0.014666514335272,TR
32.6,1.18671560287476,-0.427074074745178,10.3652191162109,0.0838419944047928,2.0731840133667,-4.1311240196228,-1159.5,8.70000076293945,-926.100036621094,0.926182403815477,0.115807259395077,0.0291107342193011,TR
32.6333333333333,0.958225011825562,0.263781040906906,9.93216419219971,0.25152599811554,1.00610399246216,-4.27594184875488,-1149.90002441406,8.70000076293945,-909.300048828125,0.941857000054121,0.0979746864120424,-0.0182157742969119,TR
32.6666666666667,0.750669419765472,0.135180309414864,10.3939304351807,0.518296003341675,1.48628997802734,-3.98630595207214,-1145.10009765625,9.90000057220459,-921.300048828125,0.950582953681019,0.0751508800665068,-0.01522771063401,TR
32.7,0.546104550361633,0.361278355121613,10.7593955993652,0.381099998950958,1.6615959405899,-4.28356409072876,-1140.30004882812,8.10000038146973,-909.300048828125,0.961275096478627,0.05314975953389,-0.030752618483233,TR
32.7333333333333,0.102282449603081,0.416307508945465,9.83586311340332,0.381099998950958,2.35519790649414,-4.29118585586548,-1123.5,10.5,-909.300048828125,0.971260692731052,0.0155114435304126,-0.0406577962753095,TR
32.7666666666667,-0.214135184884071,0.196190893650055,10.6367769241333,-0.106707997620106,3.04117798805237,-4.35978412628174,-1135.5,7.50000047683716,-923.700012207031,0.981088421754854,-0.0173410212770486,-0.0227297402785651,TR
32.8,0.0149535741657019,0.593955993652344,9.94053840637207,-0.304879993200302,2.03507399559021,-4.20734405517578,-1121.10009765625,7.50000047683716,-923.700012207031,0.990258337971346,-0.0053874117643684,-0.0517497804862403,TR
32.8333333333333,0.136376604437828,0.345726639032364,10.4375944137573,-1.08994603157043,1.39482593536377,-4.55033397674561,-1123.5,9.90000057220459,-911.700012207031,1.00057416701443,0.0071411530791879,-0.0353746561727329,TR
32.8666666666667,0.689060688018799,-0.192003890872002,9.10194206237793,-0.983237981796265,1.52439999580383,-4.03965997695923,-1123.5,11.7000007629395,-914.100036621094,1.00836307875352,0.059604069774829,0.0107790695709501,TR
32.9,0.37025049328804,0.168078169226646,10.2515726089478,-1.12043392658234,1.28811800479889,-4.99240970611572,-1133.10009765625,12.9000005722046,-914.100036621094,1.02098121260012,0.039021785455436,-0.0096674796475875,TR
32.9333333333333,1.42537474632263,0.122021168470383,8.95838737487793,-0.503051996231079,0.0762199983000755,-4.78661584854126,-1113.90002441406,4.5,-902.100036621094,1.03233232767415,0.1335658696637,-0.0128118046501023,TR
32.9666666666667,1.52526462078094,-0.0113647161051631,9.67496299743652,-0.106707997620106,0.571649968624115,-4.32929611206055,-1113.90002441406,1.5,-921.300048828125,1.04074820650756,0.150936845166906,-0.0023926267492577,TR
33.0,1.96908664703369,0.392979919910431,9.17192459106445,-0.0609759986400604,0.815553963184357,-5.20582580566406,-1109.10009765625,5.70000028610229,-916.500061035156,1.05833813266626,0.197792542652709,-0.0358275808826528,TR
33.0333333333333,1.01205790042877,0.578404247760773,10.3801727294922,0.472563982009888,2.19513607025146,-4.79423809051514,-1118.70007324219,17.7000007629395,-923.700012207031,1.07155522992834,0.114004132277172,-0.0532564737151789,TR
33.0666666666667,0.170470744371414,0.51440292596817,10.8784265518188,0.655492007732391,3.04879999160767,-4.65704202651978,-1109.10009765625,-2.70000004768372,-914.100036621094,1.08213106711768,0.028545265875534,-0.0495925584684017,TR
33.1,0.1214230209589,0.652574002742767,9.99676322937012,-0.289635986089706,2.32470989227295,-4.35978412628174,-1111.5,4.5,-918.900024414062,1.09240901678902,0.0116003813378078,-0.0619128747245184,TR
33.1333333333333,0.0604124404489994,0.123815596103668,10.5745697021484,-0.762199997901917,2.9344699382782,-4.22258806228638,-1099.5,7.50000047683716,-923.700012207031,1.10156383164979,0.0026227284930682,-0.0208052551927128,TR
33.1666666666667,0.0346922911703587,-0.106469452381134,10.4555387496948,-0.548784017562866,3.10977602005005,-4.71039581298828,-1094.70007324219,10.5,-914.100036621094,1.11233301964925,-0.0011733998126996,0.0046952019228995,TR
33.2,-0.183031752705574,-0.104675017297268,10.2473850250244,-0.609759986400604,3.07166600227356,-5.28204584121704,-1101.90002441406,3.90000009536743,-906.900024414062,1.1245840762824,-0.0187085265327543,0.0100500545732535,TR
33.2333333333333,-0.541917502880096,0.0311034340411425,11.3049020767212,-0.182927995920181,3.3613018989563,-5.42686367034912,-1085.10009765625,4.5,-916.500061035156,1.13752496957862,-0.0474750415474092,0.0001084390578165,TR
33.2666666666667,0.425279647111893,0.464757084846497,11.4819526672363,-0.129574000835419,0.564027965068817,-4.96954393386841,-1070.70007324219,6.90000009536743,-914.100036621094,1.14954800627871,0.0217866888209975,-0.0334623175541965,TR
33.3,1.64369690418243,1.00009500980377,9.45484638214111,0.335367977619171,-0.205793991684914,-4.91618967056274,-1068.30004882812,2.10000014305115,-940.500061035156,1.16552780370834,0.14072807323811,-0.0917869247245505,TR
33.3333333333333,1.57251787185669,0.583787560462952,8.77535533905029,0.830797970294952,1.73019397258759,-5.46497392654419,-1085.10009765625,6.90000009536743,-926.100036621094,1.1745681048591,0.166629998934849,-0.0739207667161418,TR
33.3666666666667,0.86192399263382,0.660947978496552,11.1583566665649,-0.640248000621796,1.97409796714783,-6.98175191879272,-1075.5,10.5,-921.300048828125,1.18886020866613,0.0916859213720803,-0.0623115863240621,TR
33.4,0.857737004756927,0.696238398551941,10.342490196228,-0.297257989645004,0.685979962348938,-5.77747583389282,-1082.70007324219,1.5,-930.900024414062,1.20240511494541,0.0829215132059342,-0.0664968210135917,TR
33.4333333333333,0.52038437128067,0.0053832866251468,11.1535720825195,0.0609759986400604,2.40092992782593,-6.34912586212158,-1068.30004882812,4.5,-928.500061035156,1.21327631959612,0.0503682673240585,-0.0143988424548133,TR
33.4666666666667,-0.0161498598754406,-0.0526365824043751,11.2755928039551,0.457319974899292,3.17837381362915,-6.6540060043335,-1053.90002441406,8.10000038146973,-921.300048828125,1.22810942788526,0.004560052379121,1.5238031143988e-05,TR
33.5,-0.301464051008224,-0.427074074745178,10.042820930481,-0.327746003866196,3.08691000938416,-6.76833581924438,-1049.10009765625,11.1000003814697,-938.100036621094,1.24418768614203,-0.0270795384443941,0.0345398090251047,TR
33.5333333333333,-0.549095273017883,0.580198705196381,10.4657077789307,-0.403965979814529,2.21037983894348,-6.44821166992188,-1046.70007324219,6.90000009536743,-928.500061035156,1.2562407305294,-0.0504754661693701,-0.0362454352327309,TR
33.5666666666667,-0.0059814294800162,-0.637022256851196,10.4639129638672,0.228659987449646,2.4847719669342,-5.28204584121704,-1037.10009765625,2.70000004768372,-918.900024414062,1.27091926665894,-0.0140065248705333,0.0410691679342814,TR
33.6,-0.372044920921326,0.177648469805717,12.1339282989502,-0.106707997620106,1.09756803512573,-6.05948972702026,-1034.70007324219,3.90000009536743,-923.700012207031,1.2839650164044,-0.0287368558730344,-0.0030340687543672,TR
33.6333333333333,1.15680849552155,-0.0592161528766155,10.4507541656494,0.777444005012512,0.0381099991500378,-4.89332389831543,-1034.70007324219,1.5,-935.700012207031,1.29570001804403,0.0852682662331876,0.0026130709153303,TR
33.6666666666667,2.78076672554016,0.988132178783417,8.536696434021,1.13567793369293,-0.556405961513519,-6.3567476272583,-1039.5,-0.300000011920929,-923.700012207031,1.32665628602108,0.266904568603599,-0.0935869589286619,TR
33.7,2.06658387184143,0.324193477630615,8.31957054138184,1.99696397781372,1.60061991214752,-5.34302186965942,-1020.30004882812,6.90000009536743,-928.500061035156,1.32739289117024,0.245102427960228,-0.0539937747832499,TR
33.7333333333333,1.24952065944672,0.510814070701599,8.78133678436279,1.63110792636871,2.72867584228516,-5.9375376701355,-1034.70007324219,8.10000038146973,-930.900024414062,1.34107163354089,0.157821515096355,-0.0610271075668952,TR
33.7666666666667,-1.61378967761993,-0.0526365824043751,11.0889720916748,2.29422187805176,4.16923379898071,-5.26680183410645,-1020.30004882812,7.50000047683716,-933.300048828125,1.35094774750834,-0.0887099724127238,-0.0118412530065988,TR
33.8,-1.9188426733017,-0.486888378858566,13.2159690856934,1.75305998325348,4.65704202651978,-5.40399789810181,-1022.70001220703,8.10000038146973,-930.900024414062,1.36807612927763,-0.139306884087312,0.025442718956071,TR
33.8333333333333,-1.40862667560577,-0.635825991630554,11.7917909622192,0.868907988071442,2.62196803092957,-5.64790201187134,-1015.50006103516,4.5,-923.700012207031,1.38441979843308,-0.126214659221967,0.0479847895021144,TR
33.8666666666667,-0.88285905122757,-0.741697311401367,11.6183290481567,0.640248000621796,1.12043392658234,-5.86131763458252,-1005.90002441406,2.10000014305115,-918.900024414062,1.3994430917936,-0.0869882614970032,0.0605087243057167,TR
33.9,0.576011657714844,-0.640012979507446,8.54626655578613,0.198172003030777,0.388722002506256,-5.89942789077759,-991.500061035156,3.90000009536743,-918.900024414062,1.41334549127662,0.0359090786658316,0.0716094957793761,TR
33.9333333333333,0.695042133331299,-0.620274245738983,8.05399513244629,1.08232402801514,0.800309956073761,-5.37350988388062,-991.500061035156,3.90000009536743,-918.900024414062,1.42553595850081,0.0751852188472693,0.0738162038542177,TR
33.9666666666667,0.56464695930481,-0.126208171248436,9.0612678527832,1.73781597614288,0.121951997280121,-4.37502813339233,-991.500061035156,5.10000038146973,-911.700012207031,1.44021670711689,0.0643338985401817,0.0203860882606029,TR
34.0,-0.247033044695854,-0.870298027992249,9.84722805023193,1.6615959405899,1.31098401546478,-2.25611186027527,-1001.10003662109,12.3000001907349,-926.100036621094,1.44450708295987,-0.0116633840446228,0.0743199543990847,TR
34.0333333333333,0.602329969406128,-0.809287428855896,9.30830097198486,0.205793991684914,0.945127964019775,-3.14788603782654,-996.300048828125,-1.5,-933.300048828125,1.45172167233907,0.0480619731315674,0.0838003471254509,TR
34.0666666666667,-0.665733098983765,-1.1657806634903,11.1894607543945,1.76068198680878,1.41006994247437,-2.66770005226135,-989.100036621094,9.30000019073486,-933.300048828125,1.45888117493308,-0.0438792403520471,0.0981396500072398,TR
34.1,-0.247631192207336,-1.14305126667023,10.4100799560547,2.01220798492432,1.20427596569061,-3.62807202339172,-991.500061035156,5.10000038146973,-930.900024414062,1.46786531525683,-0.0288768512258846,0.104472731786967,TR
34.1333333333333,-0.556871116161346,-0.329576790332794,9.28258037567139,3.02593398094177,0.594515979290009,-2.44666194915771,-993.900024414062,9.30000019073486,-906.900024414062,1.47197028429588,-0.0556682657405886,0.0421110384125132,TR
34.1666666666667,-1.20765066146851,-0.225499898195267,10.1492900848389,2.64483404159546,2.09605002403259,-1.11281192302704,-962.700012207031,2.70000004768372,-921.300048828125,1.48023348795198,-0.12202686400034,0.0178467590899144,TR
34.2,-0.696238398551941,-0.0687864422798157,9.5032958984375,2.30946588516235,0.640248000621796,-0.716467976570129,-967.500061035156,-1.5,-911.700012207031,1.48211049999745,-0.0774749000761035,0.0042964820127553,TR
34.2333333333333,-0.619676113128662,0.236266478896141,10.5099697113037,1.91312193870544,-0.480185985565186,-0.342989981174469,-979.500061035156,-3.30000019073486,-906.900024414062,1.48157775551913,-0.0613107475788338,-0.0207336745242638,TR
34.2666666666667,0.10527316480875,-0.0604124404489994,9.57567119598389,1.6920839548111,-0.152439996600151,-0.0457319989800453,-972.300048828125,-1.5,-921.300048828125,1.48243668246226,-0.0033764417788489,-0.001497685122578,TR
34.3,0.894223749637604,-0.131591454148293,8.93206882476807,1.32622802257538,-0.457319974899292,-0.533540010452271,-977.100036621094,1.5,-933.300048828125,1.48312482397913,0.0795887775454191,0.0095508769165889,TR
34.3333333333333,1.30694234371185,-0.539524972438812,8.92668533325195,0.426831990480423,-1.28049600124359,-0.388722002506256,-962.700012207031,-5.10000038146973,-918.900024414062,1.47958131636911,0.133718719217195,0.049402495332064,TR
34.3666666666667,1.50253510475159,-0.312230616807938,8.31059837341309,0.632625997066498,-1.46342396736145,-0.221037998795509,-960.300048828125,0.300000011920929,-921.300048828125,1.4813790414613,0.173319964331176,0.0386002259382935,TR
34.4,0.649583280086517,-0.541917502880096,9.62412071228027,1.08232402801514,-0.114329993724823,1.12043392658234,-979.500061035156,-1.5,-914.100036621094,1.47680530584861,0.0887514388535919,0.0514225940951386,TR
34.4333333333333,0.0322997197508812,-0.152526453137398,9.70307540893555,1.53202199935913,-0.182927995920181,1.58537602424622,-957.900024414062,-3.30000019073486,-916.500061035156,1.47451767940139,0.0197346673946873,0.0204107505623728,TR
34.4666666666667,-1.27464270591736,-0.18183545768261,9.94053840637207,2.19513607025146,0.868907988071442,2.30946588516235,-972.300048828125,3.30000019073486,-899.700012207031,1.46923252442922,-0.0990257359651206,0.0154546004828835,TR
34.5,-0.48449581861496,-0.226696193218231,11.0225782394409,1.90549993515015,0.693601965904236,2.26373386383057,-960.300048828125,-0.900000035762787,-904.500061035156,1.4644923866614,-0.0560371870003451,0.0166634802212648,TR
34.5333333333333,-0.324791640043259,0.462962657213211,9.6941032409668,1.90549993515015,-0.586893975734711,1.40244793891907,-974.700012207031,-3.90000009536743,-904.500061035156,1.45848406849094,-0.036110300614663,-0.0404740160750066,ST
34.5666666666667,-0.791343152523041,0.389989227056503,9.53798770904541,1.75305998325348,0.99848198890686,0.663114011287689,-974.700012207031,-3.30000019073486,-914.100036621094,1.45693047530643,-0.0746664162488374,-0.0432947279316195,ST
34.6,-0.813474416732788,0.389989227056503,9.521240234375,1.63872992992401,1.39482593536377,-0.129574000835419,-981.900024414062,-6.90000009536743,-914.100036621094,1.45735791746585,-0.0849949929798871,-0.0436888380434041,ST
34.6333333333333,-0.317015767097473,0.544310092926025,9.15637302398682,0.533540010452271,-0.335367977619171,-0.823175966739655,-972.300048828125,-8.10000038146973,-921.300048828125,1.45851276958045,-0.0443124143608284,-0.0569001791448423,ST
34.6666666666667,-0.0083740018308162,0.118432305753231,8.4828634262085,-0.434453994035721,-0.525918006896973,-1.19665396213531,-972.300048828125,-1.5,-906.900024414062,1.46257107022347,-0.0070986278864866,-0.0200575286517143,ST
34.7,-0.171068891882896,0.116039738059044,9.2466926574707,0.335367977619171,-0.396344006061554,-1.56251001358032,-965.100036621094,-1.5,-911.700012207031,1.46625707296091,-0.0156822169046718,-0.0145016820151468,ST
34.7333333333333,0.229088753461838,0.307445496320724,9.72341251373291,0.716467976570129,-1.16616594791412,-1.44817996025085,-972.300048828125,-4.5,-916.500061035156,1.46966089714538,0.0172097204995593,-0.0291712693278516,ST
34.7666666666667,-0.102880589663982,0.23925718665123,10.2479839324951,1.07470202445984,-0.114329993724823,-1.34147191047668,-977.100036621094,-9.90000057220459,-909.300048828125,1.47272059402272,-0.0044341504074085,-0.026019742782428,ST
34.8,-0.0968991592526436,0.205761179327965,9.60557842254639,0.830797970294952,0.236281991004944,-1.75305998325348,-957.900024414062,1.5,-906.900024414062,1.47677408276958,-0.0093343232995801,-0.0234843001817471,ST
34.8333333333333,-0.506028950214386,-0.0628050118684769,9.7898063659668,-0.815553963184357,0.525918006896973,-2.0731840133667,-962.700012207031,-3.90000009536743,-911.700012207031,1.48215143388428,-0.0438614375644392,0.0016083655978815,ST
34.8666666666667,-1.0395724773407,-0.291295617818832,10.7306852340698,-0.670735955238342,0.670735955238342,-1.78354799747467,-950.700012207031,-0.900000035762787,-906.900024414062,1.48757180801703,-0.0868114951035853,0.0230893396739148,ST
34.9,-0.232079476118088,-0.591563403606415,10.6756553649902,-0.800309956073761,0.640248000621796,-1.78354799747467,-960.300048828125,-4.5,-918.900024414062,1.49326303209039,-0.0356318561969223,0.050106867556013,ST
34.9333333333333,0.617881715297699,-0.912168025970459,9.03853797912598,-1.09756803512573,-0.243903994560242,-2.78965187072754,-965.100036621094,-9.90000057220459,-916.500061035156,1.49956050976887,0.0488535682878213,0.092421701487451,ST
34.9666666666667,-0.214733332395554,-0.87388688325882,10.7390584945679,-0.510673999786377,0.556405961513519,-2.59910202026367,-948.300048828125,3.30000019073486,-909.300048828125,1.50583725419413,-0.0065121748835635,0.0841363501281642,ST
35.0,0.812278151512146,-0.86491471529007,8.92548942565918,0.0990860015153885,0.37347799539566,-2.52288198471069,-957.900024414062,-5.70000028610229,-918.900024414062,1.51138033020301,0.0705665975032639,0.0937810513169706,ST
35.0333333333333,0.82065212726593,-0.486888378858566,8.25377464294434,1.05945801734924,0.289635986089706,-2.11891603469849,-948.300048828125,-8.10000038146973,-914.100036621094,1.51867793927308,0.0933612991344693,0.0637978473369822,ST
35.0666666666667,0.159704178571701,-0.415111213922501,8.87046051025391,0.739333987236023,0.106707997620106,-1.6844619512558,-945.900024414062,0.300000011920929,-909.300048828125,1.52362879541591,0.0314253277677833,0.048624348215283,ST
35.1,-0.653770267963409,-0.775193274021149,9.20900917053223,0.25152599811554,0.670735955238342,-0.602137982845306,-953.100036621094,-9.90000057220459,-902.100036621094,1.52552084840414,-0.0532764423507564,0.077310041444725,ST
35.1333333333333,-0.504234552383423,-1.43853390216827,10.6995811462402,-1.07470202445984,0.37347799539566,-0.914639949798584,-943.500061035156,0.300000011920929,-916.500061035156,1.53022304759696,-0.0481875884901165,0.125814471825674,ST
35.1666666666667,-0.349913626909256,-1.48518896102905,10.5763635635376,-0.495429992675781,-0.289635986089706,-1.76068198680878,-945.900024414062,-0.900000035762787,-906.900024414062,1.53459239196833,-0.0351378474654699,0.137536068026556,ST
35.2,-0.410326063632965,-1.66044485569,9.66898155212402,0.205793991684914,-0.198172003030777,-1.84452390670776,-950.700012207031,0.900000035762787,-916.500061035156,1.53998560360035,-0.0399231370969558,0.164058478901348,ST
35.2333333333333,-0.221312895417213,-0.839194595813751,10.1050271987915,0.381099998950958,-1.65397393703461,-0.983237981796265,-948.300048828125,0.300000011920929,-902.100036621094,1.5397017157221,-0.0230451912888062,0.0987221447035849,ST
35.2666666666667,0.372643083333969,-1.60063064098358,8.66649341583252,0.937505960464478,-1.06708002090454,0.144817993044853,-950.700012207031,0.300000011920929,-904.500061035156,1.53879782649069,0.0305029603736784,0.164378990380807,ST
35.3,-0.0227294322103262,-1.22679126262665,9.47159385681152,0.861285984516144,0.221037998795509,-0.777444005012512,-962.700012207031,0.300000011920929,-914.100036621094,1.54117999067465,0.0037047837296897,0.134326122679134,ST
35.3333333333333,0.194396466016769,-0.866111040115356,9.17312049865723,1.62348592281342,-0.358233988285065,0.289635986089706,-955.500061035156,-4.5,-906.900024414062,1.54069068546526,0.0188332104196779,0.098090313120379,ST
35.3666666666667,-0.110656447708607,-0.791941285133362,8.24061584472656,2.61434602737427,0.724089980125427,0.861285984516144,-953.100036621094,-3.30000019073486,-897.300048828125,1.53875995663569,-0.0087700774360381,0.0924671533732007,ST
35.4,-0.697434723377228,-0.782969176769257,8.27889728546143,2.04269599914551,1.6692179441452,0.724089980125427,-945.900024414062,-2.70000004768372,-904.500061035156,1.53757983331258,-0.0709813898238243,0.0910371434001822,ST
35.4333333333333,-0.868503570556641,-0.500047504901886,9.24968338012695,1.06708002090454,1.00610399246216,0.525918006896973,-950.700012207031,-9.30000019073486,-904.500061035156,1.53410808997369,-0.0909694724593638,0.0590412876728664,ST
35.4666666666667,-1.75913846492767,-0.992319166660309,10.0410261154175,0.975615978240967,0.182927995920181,1.51677799224854,-929.100036621094,-6.90000009536743,-899.700012207031,1.53461110555162,-0.157549433837768,0.0892527190019034,ST
35.5,-0.897812604904175,-0.712986409664154,10.6840295791626,-0.106707997620106,-0.762199997901917,0.891773998737335,-931.500061035156,0.300000011920929,-892.500061035156,1.53010606159935,-0.0975873457247609,0.0711508342662697,ST
35.5333333333333,-0.590965270996094,-1.06290006637573,10.0338487625122,0.243903994560242,-1.44817996025085,1.75305998325348,-950.700012207031,0.900000035762787,-911.700012207031,1.52793754380438,-0.0641116837913507,0.0984860394722606,ST
35.5666666666667,-0.0149535741657019,-1.23815596103668,10.1163921356201,-0.190549999475479,-0.792688012123108,0.87652999162674,-950.700012207031,-3.30000019073486,-899.700012207031,1.52638157266311,-0.012389866246866,0.117602118733773,ST
35.6,0.342735916376114,-1.24114668369293,8.7221212387085,0.0990860015153885,-0.0533539988100529,0.823175966739655,-941.100036621094,-8.70000076293945,-914.100036621094,1.52433154596894,0.028467180466999,0.136441609054875,ST
35.6333333333333,0.0903195887804031,-0.974374890327454,8.42843246459961,0.541162014007568,0.724089980125427,0.983237981796265,-945.900024414062,0.900000035762787,-902.100036621094,1.52264028170334,0.0130628037030015,0.118662546146663,ST
35.6666666666667,-0.264977335929871,-0.951047301292419,8.3937406539917,1.05183601379395,0.990859985351562,1.60061991214752,-945.900024414062,-5.70000028610229,-916.500061035156,1.51921759660655,-0.0240375519307356,0.112510870528999,ST
35.7,-0.758445262908936,-0.825437307357788,8.83337497711182,1.44817996025085,1.18140995502472,1.74543797969818,-948.300048828125,-3.90000009536743,-899.700012207031,1.51479634212276,-0.0748278875948383,0.0949322519568362,ST
35.7333333333333,-0.590965270996094,-0.605918824672699,10.2414035797119,0.685979962348938,-0.922261953353882,2.41617393493652,-950.700012207031,-6.30000019073486,-904.500061035156,1.50641122106814,-0.059170674086381,0.0634881395765785,ST
35.7666666666667,-0.392979919910431,-0.997104346752167,10.3682098388672,0.647870004177094,-1.89025592803955,3.58996200561523,-941.100036621094,0.900000035762787,-918.900024414062,1.49864942354106,-0.0392598542348398,0.0889315359449534,ST
35.8,0.543113827705383,-1.20884692668915,10.075119972229,0.304879993200302,-2.26373386383057,3.22410583496094,-953.100036621094,-3.90000009536743,-902.100036621094,1.48998927191128,0.0406678018301038,0.113941688913664,ST
35.8333333333333,0.482701390981674,-0.982748925685883,9.79997444152832,1.19665396213531,-2.56861400604248,3.01831197738647,-948.300048828125,-0.300000011920929,-916.500061035156,1.48222508966277,0.0508331086352378,0.100781189354643,ST
35.8666666666667,0.658555388450623,-0.976767480373383,8.92429351806641,1.60824191570282,-2.99544596672058,3.11739802360535,-945.900024414062,-4.5,-911.700012207031,1.47386895083318,0.0724176534437505,0.105428030351843,ST
35.9,0.613096535205841,-1.19269704818726,8.78432750701904,1.22714197635651,-3.06404399871826,2.63721203804016,-955.500061035156,-8.70000076293945,-909.300048828125,1.46496684967163,0.0735452840659862,0.12792991679814,ST
35.9333333333333,-0.400755792856216,-0.270958751440048,9.03614616394043,1.02134799957275,-2.41617393493652,2.98020195960999,-965.100036621094,-15.9000005722046,-914.100036621094,1.45907594985727,-0.0213167927701499,0.044998814021317,ST
35.9666666666667,-1.01504862308502,0.0514402948319912,10.7336759567261,1.41006994247437,-1.40244793891907,3.94057393074036,-981.900024414062,-5.10000038146973,-904.500061035156,1.44800263757743,-0.0777285198697064,0.0029808084711071,ST
36.0,0.970786035060883,-0.0364867225289345,10.9214925765991,1.33385002613068,-1.27287399768829,2.14178204536438,-977.100036621094,-10.5,-916.500061035156,1.44246327558136,0.0642183654728782,0.0013884505062096,ST
36.0333333333333,0.53234726190567,0.412120521068573,9.26942157745361,0.891773998737335,-1.48628997802734,-0.0914639979600906,-977.100036621094,-6.30000019073486,-909.300048828125,1.44496804855073,0.0607816981398058,-0.0364514926939945,ST
36.0666666666667,0.138769164681435,-0.209948182106018,8.94821929931641,-0.685979962348938,-0.617381989955902,-0.259148001670837,-974.700012207031,-4.5,-902.100036621094,1.44354551273892,0.0255044241499159,0.0123377726105078,ST
36.1,0.0951047316193581,-0.901401460170746,9.63787746429443,-1.2347639799118,-0.358233988285065,-0.518296003341675,-967.500061035156,-10.5,-902.100036621094,1.44346216348647,0.0135356817522553,0.0786425458852339,ST
36.1333333333333,-0.254808902740479,-0.741099119186401,9.22037410736084,-0.579271972179413,-0.731711983680725,-0.426831990480423,-977.100036621094,-6.30000019073486,-914.100036621094,1.44441220374692,-0.0199446402994874,0.0808163332395095,ST
36.1666666666667,-0.275743901729584,-0.672910869121552,9.64385890960693,0.144817993044853,0.396344006061554,0.0609759986400604,-979.500061035156,-8.70000076293945,-906.900024414062,1.44413427715246,-0.0273461462142675,0.0717080862490467,ST
36.2,-0.0663938671350479,-0.842185318470001,10.5512418746948,-0.0609759986400604,0.419209986925125,0.480185985565186,-989.100036621094,-8.70000076293945,-902.100036621094,1.44313363966723,-0.010468794338812,0.0783965876643786,ST
36.2333333333333,0.695042133331299,-0.415111213922501,8.43800258636475,-0.182927995920181,-2.01982998847961,-0.266770005226135,-965.100036621094,-6.90000009536743,-911.700012207031,1.44409000249837,0.0662399864849548,0.0553295345049688,ST
36.2666666666667,0.619676113128662,-0.561058104038239,8.98649978637695,-0.350611984729767,-0.525918006896973,0.358233988285065,-962.700012207031,-1.5,-911.700012207031,1.44283777358829,0.0689176002132908,0.0614629129162836,ST
36.3,0.791343152523041,-1.16338813304901,10.122971534729,0.160062000155449,1.21951997280121,0.442075997591019,-962.700012207031,-3.30000019073486,-918.900024414062,1.43902297402091,0.0740425586749948,0.103550094001914,ST
36.3333333333333,0.785959839820862,-0.926523447036743,8.81064605712891,0.37347799539566,0.342989981174469,-0.289635986089706,-979.500061035156,-5.10000038146973,-914.100036621094,1.43970392869173,0.085460067813742,0.103982123023105,ST
36.3666666666667,-0.0257201474159956,-0.52337509393692,9.65941047668457,0.449698001146317,1.37195992469788,0.160062000155449,-972.300048828125,-2.70000004768372,-914.100036621094,1.44154909834839,0.0101284734250912,0.061842806815768,ST
36.4,0.334960073232651,-0.837998330593109,9.51765060424805,0.297257989645004,1.2423859834671,0.708845973014832,-969.900024414062,-12.3000001907349,-914.100036621094,1.4395695667003,0.0289847310118819,0.083048221682096,ST
36.4333333333333,0.0819455906748772,-0.772202551364899,9.23532772064209,-0.144817993044853,0.396344006061554,-0.0762199983000755,-955.500061035156,-3.90000009536743,-899.700012207031,1.43983244563897,0.0118803090413323,0.0835589841653548,ST
36.4666666666667,0.232677608728409,-0.977365612983704,10.0918684005737,-0.472563982009888,0.830797970294952,0.358233988285065,-960.300048828125,-9.30000019073486,-906.900024414062,1.43895870930156,0.0198387249281509,0.0950600874490138,ST
36.5,0.812876284122467,-1.01145970821381,9.72879505157471,-0.83841997385025,-0.320124000310898,0.221037998795509,-955.500061035156,-7.50000047683716,-902.100036621094,1.43810451203022,0.0706039283370098,0.10306119623783,ST
36.5333333333333,0.78476357460022,-0.856540739536285,9.49611759185791,-0.609759986400604,-0.457319974899292,-0.0381099991500378,-960.300048828125,0.900000035762787,-909.300048828125,1.43891961847413,0.0804409744018442,0.0934494242508891,ST
36.5666666666667,0.712986409664154,-0.628050148487091,9.39802265167236,0.335367977619171,-0.0381099991500378,-0.442075997591019,-960.300048828125,-1.5,-906.900024414062,1.44157817721711,0.0766429275057479,0.0715975324035654,ST
36.6,0.57660984992981,-0.791343152523041,9.38007831573486,0.87652999162674,0.282013982534409,-0.891773998737335,-965.100036621094,-8.10000038146973,-902.100036621094,1.44291538313742,0.0640005881652041,0.0803267703054918,ST
36.6333333333333,-0.2105463296175,-0.736313998699188,9.5206413269043,1.11281192302704,0.990859985351562,-1.28811800479889,-957.900024414062,-5.70000028610229,-909.300048828125,1.44618897554632,-0.0069592792561833,0.0761878256916805,ST
36.6666666666667,-1.18970632553101,-0.528160214424133,9.24429988861084,1.76068198680878,2.36281991004944,-1.08232402801514,-953.100036621094,-5.10000038146973,-899.700012207031,1.44840996127668,-0.109449755587492,0.0581332488258501,ST
36.7,-1.60182690620422,-0.388194799423218,10.944221496582,1.2500079870224,2.43141794204712,-0.952749967575073,-950.700012207031,-8.10000038146973,-909.300048828125,1.44875745156481,-0.141354679592201,0.0384944520905783,ST
36.7333333333333,-0.718967854976654,-0.86790543794632,9.58225059509277,2.29422187805176,1.01372599601746,1.28049600124359,-941.100036621094,-5.10000038146973,-909.300048828125,1.45096366545761,-0.0896072481580391,0.0765613890285707,ST
36.7666666666667,0.168078169226646,-1.53603112697601,8.43441390991211,1.265251994133,0.632625997066498,1.28811800479889,-950.700012207031,-13.5000009536743,-899.700012207031,1.45209961336539,-0.0036488852240926,0.157432347332086,ST
36.8,-0.157311603426933,-1.24892246723175,9.50389385223389,-0.640248000621796,0.182927995920181,0.449698001146317,-943.500061035156,-9.30000019073486,-899.700012207031,1.45087251081415,-0.0144860241117256,0.136352406705863,ST
36.8333333333333,0.236864611506462,-1.61020088195801,9.7180290222168,-1.11281192302704,-1.04421401023865,0.807931959629059,-938.700012207031,-9.30000019073486,-902.100036621094,1.44864375687513,0.0175377226538589,0.160148723728142,ST
36.8666666666667,0.882260859012604,-1.98463833332062,8.75621509552002,-0.983237981796265,-1.53964400291443,0.807931959629059,-945.900024414062,-5.10000038146973,-902.100036621094,1.44367350452573,0.0835928659639577,0.211649957340028,ST
36.9,0.556272983551025,-1.75375521183014,9.05588436126709,-0.0762199983000755,-0.792688012123108,0.289635986089706,-945.900024414062,-9.30000019073486,-897.300048828125,1.4438701483118,0.0659414509408293,0.195538354944021,ST
36.9333333333333,-0.660947978496552,-1.59823799133301,9.82748889923096,0.960371971130371,-0.0152439996600151,0.731711983680725,-941.100036621094,-8.70000076293945,-892.500061035156,1.44234112720776,-0.0442588085463516,0.165619461633753,ST
36.9666666666667,-0.732127010822296,-1.35838270187378,10.0799055099487,0.815553963184357,0.160062000155449,0.746955990791321,-941.100036621094,-13.5000009536743,-906.900024414062,1.43911954362919,-0.0676243844175452,0.13802502669487,ST
37.0,-1.16278994083405,-0.936093747615814,10.8796224594116,0.670735955238342,0.152439996600151,2.01220798492432,-943.500061035156,-4.5,-899.700012207031,1.43055029148594,-0.100188654783087,0.0933709096530037,ST
37.0333333333333,-0.934897482395172,-1.01803934574127,11.3132762908936,1.05183601379395,0.137196004390717,2.72105383872986,-938.700012207031,-8.10000038146973,-899.700012207031,1.4241489574894,-0.0862897446268667,0.0886664595374024,ST
37.0666666666667,-0.245238617062569,-0.964804589748383,9.47817325592041,1.21951997280121,0.152439996600151,2.9192259311676,-943.500061035156,-8.70000076293945,-904.500061035156,1.41760935089917,-0.0365156549741118,0.0973224486603676,ST
37.1,-0.129797026515007,-0.933103024959564,9.18388748168945,1.09756803512573,0.388722002506256,3.02593398094177,-945.900024414062,-4.5,-894.900024414062,1.41025627798074,-0.0188181222035416,0.0988985603675402,ST
37.1333333333333,-0.0819455906748772,-0.79074501991272,8.44039535522461,1.14329993724823,-0.0228659994900227,2.69818782806396,-953.100036621094,-7.50000047683716,-902.100036621094,1.40401028670748,-0.0118329673281472,0.092871425294859,ST
37.1666666666667,-0.01914057508111,-0.568235814571381,7.87574863433838,1.45580196380615,0.175305992364883,2.34757590293884,-945.900024414062,-12.9000005722046,-897.300048828125,1.39852527030913,-0.0048242070520873,0.0741708975647949,ST
37.2,-0.141759887337685,-0.395970642566681,9.58703517913818,1.31098401546478,0.0228659994900227,2.34757590293884,-950.700012207031,-7.50000047683716,-902.100036621094,1.3929041164514,-0.0129821625727809,0.0460421366283409,ST
37.2333333333333,-0.0227294322103262,-0.354698777198792,10.0009508132935,1.21951997280121,-1.61586391925812,2.72867584228516,-950.700012207031,-7.50000047683716,-909.300048828125,1.3864118708854,-0.002325728303171,0.0358621883994581,ST
37.2666666666667,0.0927121639251709,-0.305052906274796,10.163046836853,0.92988395690918,-1.81403601169586,2.69818782806396,-933.900024414062,-3.30000019073486,-899.700012207031,1.37968843462986,0.0095552591800069,0.0297416655923148,ST
37.3,0.406139075756073,-0.323595345020294,9.73058986663818,0.198172003030777,-1.13567793369293,3.23172783851624,-957.900024414062,-9.90000057220459,-916.500061035156,1.37209246146038,0.0366598608719457,0.0323906155167908,ST
37.3333333333333,0.335558205842972,-0.571226537227631,9.95908069610596,-0.205793991684914,-0.846041977405548,2.88873791694641,-960.300048828125,-17.7000007629395,-911.700012207031,1.36379328607057,0.0351439295491397,0.0538315509211746,ST
37.3666666666667,0.0328978635370731,-0.344530344009399,9.24729061126709,0.358233988285065,-0.952749967575073,1.57013201713562,-960.300048828125,-17.7000007629395,-899.700012207031,1.36026411352427,0.0107946063879605,0.0399209461844048,ST
37.4,0.326586067676544,-0.452196091413498,8.67486763000488,0.0914639979600906,-1.41769194602966,0.990859985351562,-955.500061035156,-14.7000007629395,-909.300048828125,1.35745973532747,0.0347618611674416,0.0498200372308863,TR
37.4333333333333,-1.53543305397034,0.328978627920151,10.2043190002441,1.34147191047668,-0.564027965068817,0.815553963184357,-967.500061035156,-9.30000019073486,-904.500061035156,1.35309489349291,-0.111235976789857,-0.0173596185741665,TR
37.4666666666667,-0.948056638240814,0.369652360677719,9.88790130615234,1.37958192825317,-0.358233988285065,1.10518991947174,-965.100036621094,-13.5000009536743,-890.100036621094,1.34893697225624,-0.0979517125377453,-0.0356859882143948,TR
37.5,-0.852951884269714,0.670518279075623,10.2061138153076,0.846041977405548,-1.62348592281342,0.960371971130371,-965.100036621094,-15.9000005722046,-902.100036621094,1.34480567109241,-0.0838480514569603,-0.0608681312923766,TR
37.5333333333333,-0.189013183116913,0.180639177560806,10.3107881546021,-0.602137982845306,-2.27897787094116,0.640248000621796,-960.300048828125,-11.1000003814697,-892.500061035156,1.34535656628602,-0.0252718761914388,-0.0234868603259586,TR
37.5666666666667,-0.245836764574051,0.32239904999733,9.18747615814209,-0.480185985565186,-1.59299790859222,0.846041977405548,-972.300048828125,-9.30000019073486,-909.300048828125,1.34321053791375,-0.024170421831995,-0.0322264039668242,TR
37.6,0.166283741593361,-0.166283741593361,8.88601207733154,-0.114329993724823,0.106707997620106,0.602137982845306,-965.100036621094,-14.1000003814697,-902.100036621094,1.34206114730058,0.010421115258671,0.009202183352575,TR
37.6333333333333,-0.799717128276825,-0.0149535741657019,9.88251781463623,0.289635986089706,0.907018005847931,-0.259148001670837,-974.700012207031,-5.10000038146973,-897.300048828125,1.34255474131565,-0.0667437837641853,0.0024046546682581,TR
37.6666666666667,-1.19150078296661,0.384007781744003,9.34837627410889,0.609759986400604,0.106707997620106,-0.533540010452271,-960.300048828125,-14.1000003814697,-914.100036621094,1.34065556894653,-0.116139085960512,-0.0340469828180806,TR
37.7,0.300865918397903,-0.119628593325615,9.35854530334473,-1.50153398513794,-1.33385002613068,-0.388722002506256,-969.900024414062,-6.30000019073486,-894.900024414062,1.34361558886104,0.0040239010911062,0.0054410378797325,TR
37.7333333333333,-0.500047504901886,0.113049022853374,10.2509746551514,-1.42531394958496,-1.05945801734924,-0.129574000835419,-977.100036621094,-19.5,-906.900024414062,1.34367961315584,-0.0366257288011463,-0.0057117774486345,TR
37.7666666666667,0.610105812549591,-0.589768946170807,9.61574649810791,-1.35671591758728,-0.67835795879364,0.0152439996600151,-960.300048828125,-4.5,-904.500061035156,1.34341588208118,0.0440255243177279,0.0496020174794908,TR
37.8,0.257799625396729,-0.483299523591995,8.80945014953613,-1.44817996025085,-0.579271972179413,-0.922261953353882,-967.500061035156,-11.7000007629395,-914.100036621094,1.34535833129161,0.0330729342837217,0.0557307662262728,TR
37.8333333333333,-0.116039738059044,-0.573020994663239,10.1839818954468,-1.63872992992401,0.205793991684914,-0.358233988285065,-981.900024414062,-8.10000038146973,-911.700012207031,1.34622687364399,-0.002674318349683,0.0583922090417812,TR
37.8666666666667,-0.0813474431633949,-0.395970642566681,8.50559329986572,-0.670735955238342,0.67835795879364,0.0152439996600151,-974.700012207031,-8.70000076293945,-911.700012207031,1.34621648435246,-0.0093846227594072,0.0494868523107211,TR
37.9,0.474925518035889,-0.453990519046783,8.58215522766113,-0.708845973014832,1.76830399036407,-0.609759986400604,-957.900024414062,-8.70000076293945,-921.300048828125,1.34779673315349,0.0397593441907337,0.0531367127341266,TR
37.9333333333333,-0.978561878204346,-0.179442897439003,10.3646211624146,-0.160062000155449,1.49391198158264,-0.907018005847931,-972.300048828125,-5.10000038146973,-902.100036621094,1.34959866481271,-0.0691134366968539,0.0248601325804701,TR
37.9666666666667,0.56763768196106,-0.43425178527832,10.5931119918823,-1.49391198158264,-0.525918006896973,-1.36433792114258,-955.500061035156,-12.9000005722046,-909.300048828125,1.35292666015179,0.0295178813132886,0.0397986074830652,TR
38.0,0.87687760591507,0.0628050118684769,10.2754983901978,-0.853663980960846,-3.56709599494934,-1.52439999580383,-955.500061035156,-5.70000028610229,-916.500061035156,1.35828319809747,0.0789221752233131,0.0042372072600586,TR
38.0333333333333,1.2178190946579,-0.0221312902867794,10.1098127365112,-0.350611984729767,-1.6844619512558,-1.6615959405899,-965.100036621094,-6.90000009536743,-909.300048828125,1.36252978756477,0.114984401666458,0.0028119878013792,TR
38.0666666666667,0.901999592781067,0.145946890115738,9.42314434051514,-0.175305992364883,0.221037998795509,-2.11129403114319,-967.500061035156,-8.70000076293945,-909.300048828125,1.36947640031602,0.0983609444386865,-0.0124816730699513,TR
38.1,0.565245091915131,0.254808902740479,8.23164367675781,-0.647870004177094,0.350611984729767,-1.76830399036407,-967.500061035156,-9.30000019073486,-926.100036621094,1.37513638384872,0.0732984514059276,-0.0269283244717763,TR
38.1333333333333,-0.949252903461456,0.29009935259819,8.82201099395752,-0.327746003866196,1.73019397258759,-0.899396002292633,-957.900024414062,-4.5,-916.500061035156,1.37709367071585,-0.0730337659477672,-0.0311725899641277,TR
38.1666666666667,-0.827829897403717,-0.51440292596817,10.5614109039307,-1.08994603157043,1.48628997802734,-1.37195992469788,-943.500061035156,-3.30000019073486,-906.900024414062,1.38503105432627,-0.0791861978666639,0.0342202208968473,TR
38.2,-0.83859646320343,-0.687864422798157,10.2180767059326,-1.41006994247437,0.685979962348938,-2.43903994560242,-950.700012207031,-2.70000004768372,-911.700012207031,1.39313425098757,-0.0820486231293489,0.0636291957344429,TR
38.2333333333333,-0.470140367746353,-0.795530140399933,10.1983375549316,-2.30946588516235,0.685979962348938,-3.3689239025116,-955.500061035156,-7.50000047683716,-914.100036621094,1.40233113647519,-0.0526255895064379,0.0791187438059259,TR
38.2666666666667,0.489879101514816,-1.01923561096191,9.86935901641846,-2.39330792427063,-0.92988395690918,-2.66007804870605,-953.100036621094,-8.70000076293945,-904.500061035156,1.40893714293002,0.0338841988149282,0.102352354661798,TR
38.3,0.648985147476196,-0.995309889316559,9.05708122253418,-2.15702605247498,-1.14329993724823,-2.0579400062561,-948.300048828125,-0.900000035762787,-923.700012207031,1.41318602539263,0.0654899766181132,0.110878878091375,TR
38.3333333333333,0.884653449058533,-0.930112302303314,8.74963569641113,-1.83690190315247,-0.0457319989800453,-1.6920839548111,-948.300048828125,0.900000035762787,-911.700012207031,1.41775858627904,0.094331803650274,0.109226347483143,TR
38.3666666666667,0.877475738525391,-1.09639608860016,8.43202114105225,-0.907018005847931,0.67835795879364,-1.21189796924591,-945.900024414062,2.10000014305115,-909.300048828125,1.41924006752901,0.100385873580741,0.126338610158355,TR
38.4,-0.232079476118088,-1.36735486984253,8.97932243347168,-0.182927995920181,2.0655620098114,-1.41769194602966,-938.700012207031,-2.10000014305115,-918.900024414062,1.42239843899331,-0.005667232218571,0.146923410055613,TR
38.4333333333333,-0.593357801437378,-0.659751713275909,9.45185565948486,-0.83841997385025,1.06708002090454,-1.37195992469788,-938.700012207031,-0.300000011920929,-904.500061035156,1.42401544716302,-0.0523814253670477,0.0865494738586226,TR
38.4666666666667,-0.297277063131332,-0.812876284122467,9.57268047332764,-0.480185985565186,0.0609759986400604,0.0457319989800453,-936.300048828125,2.10000014305115,-916.500061035156,1.42383897328382,-0.0353460034048363,0.0857497561134153,TR
38.5,-0.504234552383423,-1.30873680114746,10.3502655029297,-0.457319974899292,0.975615978240967,0.198172003030777,-938.700012207031,7.50000047683716,-926.100036621094,1.42492829152385,-0.0472451812087035,0.118815908333593,TR
38.5333333333333,-0.516795516014099,-0.864316582679749,11.135627746582,-0.190549999475479,1.72257196903229,-0.884151995182037,-948.300048828125,9.90000057220459,-909.300048828125,1.42576964453696,-0.048720332594572,0.0861315403464844,TR
38.5666666666667,-0.492271661758423,-0.82065212726593,10.0769147872925,0.46494197845459,1.33385002613068,-1.12805593013763,-921.900024414062,1.5,-902.100036621094,1.42869892066249,-0.0504584776760726,0.0814915102489586,TR
38.6,-0.0586180128157139,-0.386998504400253,9.19525146484375,-0.0152439996600151,0.266770005226135,-1.42531394958496,-926.700012207031,2.70000004768372,-909.300048828125,1.43125753297273,-0.0140427227387719,0.0487492134740106,TR
38.6333333333333,-0.0843381583690643,0.0909177288413048,8.46551704406738,0.564027965068817,-0.25152599811554,-0.541162014007568,-924.300048828125,2.10000014305115,-897.300048828125,1.43191468901068,-0.0104269425558393,0.0004768149398279,TR
38.6666666666667,0.0735715851187706,0.196789041161537,8.51037788391113,0.777444005012512,-0.419209986925125,-0.304879993200302,-931.500061035156,2.70000004768372,-914.100036621094,1.43258046379428,0.0053774295156958,-0.0194470316074328,TR
38.7,-0.198583468794823,0.320006489753723,9.53798770904541,0.46494197845459,0.0,-0.525918006896973,-931.500061035156,3.30000019073486,-914.100036621094,1.43373643938598,-0.0155478979757841,-0.0313386840254744,TR
38.7333333333333,0.0885251611471176,0.939084470272064,10.0601663589478,0.25152599811554,-0.983237981796265,-0.602137982845306,-948.300048828125,4.5,-897.300048828125,1.43504459843935,0.0054756021484083,-0.0817060186462361,TR
38.7666666666667,0.568833947181702,0.2613884806633,9.74554347991943,-0.266770005226135,-1.48628997802734,-0.853663980960846,-924.300048828125,0.300000011920929,-923.700012207031,1.43601219990585,0.049652681361689,-0.0375786328540087,TR
38.8,0.628648281097412,0.247631192207336,10.1092147827148,-0.78506600856781,-0.403965979814529,-2.22562384605408,-921.900024414062,3.30000019073486,-892.500061035156,1.44063368548709,0.0600509072342865,-0.0262144094814506,TR
38.8333333333333,0.611302137374878,0.528758406639099,10.1803932189941,-0.541162014007568,-0.670735955238342,-3.20886182785034,-936.300048828125,7.50000047683716,-906.900024414062,1.44934273254106,0.0606849059434538,-0.0462312554040991,TR
38.8666666666667,1.04734838008881,0.699827253818512,9.35794639587402,-0.754577994346619,-1.74543797969818,-3.97868394851685,-919.500061035156,6.30000019073486,-902.100036621094,1.4616036913285,0.104837841864575,-0.0692989352856517,TR
38.9,1.19927668571472,0.645994424819946,9.76468372344971,-0.586893975734711,-0.25152599811554,-3.71191382408142,-909.900024414062,2.70000004768372,-906.900024414062,1.47072916515347,0.119070513831158,-0.0663764895571275,TR
38.9333333333333,1.42298209667206,0.39836323261261,9.26942157745361,-1.265251994133,-0.586893975734711,-4.19210004806519,-948.300048828125,9.30000019073486,-911.700012207031,1.47841121121505,0.146415845955829,-0.0464568007651836,TR
38.9666666666667,0.762034118175507,0.0789548754692078,9.74494552612305,-1.85976791381836,0.442075997591019,-4.66466379165649,-933.900024414062,11.7000007629395,-906.900024414062,1.4856942032912,0.0910803100832283,-0.0139083432419588,TR
39.0,-0.0675901547074318,-0.295482635498047,9.74075794219971,-1.33385002613068,1.80641400814056,-4.71801805496216,-921.900024414062,8.10000038146973,-911.700012207031,1.49517352033953,0.0092476157332866,0.0235937842095423,TR
39.0333333333333,0.278734624385834,-0.362474650144577,10.7821254730225,-1.43293595314026,1.42531394958496,-5.17533779144287,-919.500061035156,11.7000007629395,-906.900024414062,1.50707635319201,0.0207183260843367,0.0334563943259521,TR
39.0666666666667,0.495860517024994,-0.0466551519930363,9.83406829833984,-1.12043392658234,0.0457319989800453,-4.77137184143066,-914.700012207031,4.5,-894.900024414062,1.51884203877954,0.044456302737043,0.0118609484039282,TR
39.1,0.0502440109848976,-0.182433605194092,10.0057353973389,-1.11281192302704,1.31098401546478,-4.53508996963501,-929.100036621094,15.3000001907349,-894.900024414062,1.52921513151377,0.011255409331126,0.0183589951248627,TR
39.1333333333333,0.333165645599365,0.0137572884559631,13.4217300415039,-2.12653803825378,1.19665396213531,-4.55033397674561,-902.700012207031,20.1000003814697,-897.300048828125,1.54000037025358,0.0204765922530953,0.0057388028930917,TR
39.1666666666667,1.26327800750732,0.30624920129776,9.08339881896973,-0.914639949798584,-0.701223969459534,-4.33691787719727,-909.900024414062,9.90000057220459,-894.900024414062,1.5522018767743,0.115214160342883,-0.0248863682618111,TR
39.2,1.10058307647705,0.278136491775513,9.57507228851318,-0.503051996231079,2.40855193138123,-6.34150409698486,-900.300048828125,11.7000007629395,-909.300048828125,1.56708962010763,0.110962540791191,-0.0284863074269944,TR
39.2333333333333,0.768015563488007,0.260192185640335,9.97941780090332,-0.487807989120483,2.12653803825378,-6.61589574813843,-914.700012207031,17.7000007629395,-897.300048828125,1.58295475670434,0.079591852504125,-0.026638035967826,TR
39.2666666666667,0.45937380194664,-0.0460570082068443,9.20242977142334,0.0762199983000755,1.34909391403198,-6.76833581924438,-907.500061035156,17.7000007629395,-890.100036621094,1.59770441772999,0.053177625378162,-0.0013495834288861,TR
39.3,0.339147061109543,-0.770408153533936,10.3502655029297,-0.800309956073761,1.79117000102997,-6.76833581924438,-900.300048828125,17.1000003814697,-916.500061035156,1.61078083626771,0.0347156549086149,0.0597497740153414,TR
39.3333333333333,0.884055316448212,-0.445616513490677,10.3676118850708,-1.56251001358032,0.274392008781433,-6.31101608276367,-900.300048828125,21.3000011444092,-887.700012207031,1.62613747693594,0.0749081114668471,0.0479905531180572,TR
39.3666666666667,0.388194799423218,-1.03538548946381,11.4185495376587,-0.960371971130371,0.0304879993200302,-4.95429992675781,-895.500061035156,24.3000011444092,-894.900024414062,1.63624215671958,0.0416708889116618,0.0838621578635695,TR
39.4,1.32967185974121,-1.20944511890411,9.99975395202637,-1.44817996025085,-0.419209986925125,-4.70277404785156,-914.700012207031,24.3000011444092,-887.700012207031,1.64561465968495,0.117490375197011,0.115651234168326,TR
39.4333333333333,0.934897482395172,-2.14194989204407,9.17670917510986,-1.82927989959717,1.18140995502472,-4.61893177032471,-900.300048828125,19.5,-885.300048828125,1.6467994662574,0.102276137042915,0.208199000819452,TR
39.4666666666667,0.470140367746353,-2.45657324790955,9.67496299743652,-1.76068198680878,2.9420919418335,-5.54881572723389,-893.100036621094,33.3000030517578,-885.300048828125,1.65834639274851,0.0560063141873787,0.242368771358799,TR
39.5,0.366661638021469,-1.66582822799683,10.2886571884155,-0.449698001146317,2.24848985671997,-5.45735168457031,-912.300048828125,29.7000007629395,-887.700012207031,1.67655116637831,0.0367599446671403,0.173734476749973,TR
39.5333333333333,0.134582161903381,-1.65865051746368,9.52602481842041,1.07470202445984,1.96647596359253,-3.67380380630493,-885.900024414062,29.7000007629395,-887.700012207031,1.68621585661284,0.0161222522022166,0.170963113605532,TR
39.5666666666667,0.084936298429966,-0.68965882062912,9.64266300201416,1.58537602424622,1.58537602424622,-2.99544596672058,-897.900024414062,30.3000011444092,-890.100036621094,1.69517840939401,0.0082073289934452,0.0857856580782935,TR
39.6,-0.432457357645035,-0.397765070199966,9.341796875,2.62959003448486,1.94360995292664,-1.18140995502472,-895.500061035156,30.3000011444092,-887.700012207031,1.69786480350149,-0.0391837770248602,0.0465626407155534,TR
39.6333333333333,0.877475738525391,-0.144152462482452,9.45903301239014,1.57775402069092,1.29574000835419,-1.78354799747467,-876.300048828125,33.9000015258789,-882.900024414062,1.70236702277481,0.0641338529175497,0.0193249599118633,TR
39.6666666666667,0.723752975463867,0.370848655700684,7.87036514282227,2.46190595626831,-0.205793991684914,-1.21189796924591,-888.300048828125,29.7000007629395,-880.500061035156,1.70898074377172,0.0863420911239565,-0.0372256948071882,TR
39.7,0.415709376335144,-0.0257201474159956,10.72829246521,2.20275783538818,0.891773998737335,-1.17378795146942,-888.300048828125,30.3000011444092,-887.700012207031,1.70939215597065,0.0470689541734051,-0.0087367601014656,TR
39.7333333333333,0.386998504400253,0.541917502880096,9.36512470245361,2.46952795982361,0.990859985351562,-1.43293595314026,-890.700012207031,29.1000003814697,-882.900024414062,1.71447721609013,0.0407824004287542,-0.0526612116350352,TR
39.7666666666667,-0.0215331465005875,0.830820560455322,11.3527536392212,2.17989206314087,2.11129403114319,-2.18751406669617,-890.700012207031,30.9000015258789,-878.100036621094,1.71994319182656,0.0020067229435728,-0.0728364010518011,TR
39.8,0.678892254829407,0.993515491485596,9.64206504821777,1.57775402069092,0.434453994035721,-2.23324584960938,-888.300048828125,32.7000007629395,-880.500061035156,1.72562790421961,0.0553374786917337,-0.0989585041225827,TR
39.8333333333333,0.500645637512207,0.958823204040527,9.43510723114014,0.960371971130371,0.617381989955902,-2.45428395271301,-885.900024414062,31.5000019073486,-882.900024414062,1.73116262056526,0.0520632250613537,-0.102322564873983,TR
39.8666666666667,0.48449581861496,0.928916037082672,9.14022254943848,0.792688012123108,1.32622802257538,-2.45428395271301,-885.900024414062,32.1000022888184,-880.500061035156,1.73639461354438,0.0503722608608766,-0.102759946524046,TR
39.9,0.593357801437378,0.502440094947815,9.72221565246582,0.213415995240211,1.88263392448425,-3.26221585273743,-888.300048828125,38.7000007629395,-873.300048828125,1.74135026816879,0.0558127608909675,-0.0624854607646056,TR
39.9333333333333,-0.0179442893713713,0.343334078788757,10.4722871780396,-0.152439996600151,1.48628997802734,-3.7805118560791,-895.500061035156,41.1000022888184,-880.500061035156,1.74963606436427,0.0062004435502506,-0.0379771704917608,TR
39.9666666666667,0.388792932033539,0.45937380194664,11.4155588150024,0.205793991684914,0.762199997901917,-3.84148788452148,-890.700012207031,33.3000030517578,-880.500061035156,1.75843418530235,0.0271333777852436,-0.0401611979619866,TR
40.0,1.45468366146088,0.544908225536346,10.7504234313965,0.0762199983000755,-0.259148001670837,-4.23783206939697,-883.500061035156,39.9000015258789,-875.700012207031,1.7688048741954,0.112750754490795,-0.0491159704551144,TR
40.0333333333333,2.12460374832153,0.806296706199646,9.4434814453125,0.388722002506256,-0.914639949798584,-4.49697971343994,-885.900024414062,38.7000007629395,-875.700012207031,1.78373108749873,0.199579564709789,-0.0793967867682071,TR
40.0666666666667,2.06299519538879,0.729136288166046,10.1313457489014,0.442075997591019,1.18903195858002,-5.18296003341675,-890.700012207031,40.5,-875.700012207031,1.79551854730896,0.1979253472333,-0.0751882923886158,TR
40.1,2.1132390499115,1.26925933361053,9.08818435668945,0.754577994346619,1.30336201190948,-5.40399789810181,-878.700012207031,41.7000007629395,-873.300048828125,1.81797264620461,0.218037836747364,-0.128453409544389,TR
40.1333333333333,1.61259341239929,0.795530140399933,9.80715179443359,0.457319974899292,1.95885396003723,-5.25918006896973,-873.900024414062,47.1000022888184,-880.500061035156,1.82213337960258,0.170232488843622,-0.0923954252993435,TR
40.1666666666667,0.703416109085083,0.785361707210541,11.0183916091919,0.327746003866196,2.31708788871765,-6.04424571990967,-876.300048828125,44.7000007629395,-858.900024414062,1.83338113542344,0.0812443215738925,-0.0767611691789143,TR
40.2,0.343334078788757,0.492869794368744,10.8796224594116,0.586893975734711,2.40855193138123,-6.39485788345337,-873.900024414062,46.5,-863.700012207031,1.84744710080467,0.0358396734576417,-0.0518587461003681,TR
40.2333333333333,0.112450875341892,0.321800917387009,10.246787071228,0.25152599811554,2.37044191360474,-7.32474184036255,-873.900024414062,51.3000030517578,-861.300048828125,1.86465076659897,0.0115968157188394,-0.0356145420491182,TR
40.2666666666667,-0.720164120197296,0.0281127188354731,10.8473224639893,-0.0685980021953583,2.72105383872986,-6.68449401855469,-881.100036621094,51.9000015258789,-851.700012207031,1.8819138575647,-0.0572932634748252,-0.0077179620749242,TR
40.3,-0.881064593791962,-0.235070183873177,11.1906566619873,0.175305992364883,2.88873791694641,-6.48632192611694,-873.900024414062,48.3000030517578,-851.700012207031,1.89844079761362,-0.0782188798447236,0.0156007848347215,TR
40.3333333333333,-0.583189368247986,-0.914560616016388,11.7941827774048,-0.144817993044853,2.33995389938354,-6.18906402587891,-890.700012207031,56.1000022888184,-844.500061035156,1.9167257164422,-0.0576584121071435,0.0664322807508464,TR
40.3666666666667,-0.0155517170205712,-1.0276095867157,11.5106630325317,-0.350611984729767,0.426831990480423,-6.42534589767456,-883.500061035156,51.3000030517578,-832.500061035156,1.93216765351337,-0.0126099567368556,0.0852176625782832,TR
40.4,0.879270195960999,-0.445018380880356,8.17481994628906,0.434453994035721,-0.350611984729767,-6.2195520401001,-888.300048828125,54.9000015258789,-834.900024414062,1.94725660943932,0.0838717593365885,0.0596255983750201,TR
40.4333333333333,-0.266173630952835,-0.901999592781067,9.75690841674805,1.57013201713562,1.98934197425842,-4.22258806228638,-893.100036621094,59.7000007629395,-834.900024414062,1.95715087285234,-0.0108813426697941,0.0843340503682909,TR
40.4666666666667,-0.28112718462944,-0.844577848911285,9.55413722991943,1.42531394958496,1.48628997802734,-4.26832008361816,-900.300048828125,56.1000022888184,-851.700012207031,1.96731770381337,-0.0271433331042255,0.0855421587400301,TR
40.5,-0.622068703174591,-0.446214646100998,9.58344650268555,1.50915598869324,0.548784017562866,-3.85673189163208,-902.700012207031,48.9000015258789,-846.900024414062,1.97500820577423,-0.0575914602655439,0.0525652508488306,TR
40.5333333333333,0.272155046463013,-0.267968058586121,8.76817798614502,1.81403601169586,0.434453994035721,-3.3613018989563,-905.100036621094,50.7000007629395,-822.900024414062,1.98266617220828,0.0137351882198605,0.032220104066143,TR
40.5666666666667,-0.182433605194092,-0.487486511468887,8.51815414428711,2.63721203804016,1.45580196380615,-3.12502002716064,-888.300048828125,53.7000007629395,-839.700012207031,1.99070499165465,-0.0173936769809091,0.0491807994662306,TR
40.6,-1.31531643867493,-0.130395174026489,9.35854530334473,2.66007804870605,2.54574799537659,-3.20123982429504,-900.300048828125,50.1000022888184,-834.900024414062,1.99653902010334,-0.118340052154681,0.017790228387627,TR
40.6333333333333,-1.01684308052063,0.232079476118088,10.8993616104126,2.19513607025146,1.42531394958496,-2.64483404159546,-912.300048828125,50.1000022888184,-837.300048828125,1.99945543772894,-0.100129536792193,-0.0160937493227479,TR
40.6666666666667,-0.644199967384338,0.162096738815308,8.90455436706543,2.56861400604248,-0.144817993044853,-1.06708002090454,-907.500061035156,53.7000007629395,-839.700012207031,2.00206253352556,-0.0773323407580945,-0.0213048217997327,TR
40.7,-0.0939084440469742,0.0951047316193581,9.43092060089111,1.87501192092896,0.777444005012512,-1.31098401546478,-909.900024414062,45.9000015258789,-830.100036621094,2.00569166300601,-0.0238842993349991,-0.0147873240105439,TR
40.7333333333333,-0.211144462227821,-0.28411790728569,9.29753398895264,1.76068198680878,1.265251994133,-0.92988395690918,-900.300048828125,52.5000038146973,-832.500061035156,2.00875751526412,-0.0246935689170376,0.0189866274781746,TR
40.7666666666667,-0.498253107070923,-0.312828779220581,9.38127422332764,1.82927989959717,1.44817996025085,-0.754577994346619,-909.900024414062,52.5000038146973,-844.500061035156,2.01105865149342,-0.0493119580980612,0.0279340413201274,TR
40.8,-0.278734624385834,-0.585581958293915,8.68563365936279,1.17378795146942,1.15854394435883,-0.899396002292633,-919.500061035156,50.7000007629395,-856.500061035156,2.01490376532063,-0.0365358454736166,0.0590618311617463,TR
40.8333333333333,-0.540123105049133,-0.360082060098648,8.76458930969238,1.44055795669556,0.800309956073761,-0.236281991004944,-926.700012207031,52.5000038146973,-834.900024414062,2.01496036243205,-0.0584540619195676,0.0420123498414606,TR
40.8666666666667,-0.821250319480896,-0.30325847864151,9.20900917053223,2.05031800270081,0.236281991004944,0.342989981174469,-929.100036621094,55.5000038146973,-844.500061035156,2.01376001440106,-0.0838174625438093,0.0315676170002393,TR
40.9,-0.519786238670349,0.212340757250786,8.75442028045654,2.61434602737427,-0.114329993724823,0.891773998737335,-933.900024414062,51.9000015258789,-827.700012207031,2.00858353127909,-0.0640896207510086,-0.016749216407484,TR
40.9333333333333,-0.549693405628204,0.0436644367873669,8.83397388458252,2.01982998847961,-0.228659987449646,1.20427596569061,-909.900024414062,48.3000030517578,-846.900024414062,2.00652601446584,-0.0621978393332999,-0.0102415027458722,TR
40.9666666666667,-0.619077980518341,0.120824880897999,10.2300395965576,1.17378795146942,-0.853663980960846,1.47104597091675,-921.900024414062,50.1000022888184,-830.100036621094,2.0030477127712,-0.0595388215688425,-0.0132977219288775,TR
41.0,0.221911042928696,-0.01914057508111,10.14271068573,0.78506600856781,-2.27897787094116,1.31098401546478,-919.500061035156,50.1000022888184,-849.300048828125,2.00021041084955,0.010613071192011,-0.0019740157547266,TR
41.0333333333333,0.494664251804352,0.0693845823407173,9.60976505279541,1.12805593013763,-2.05031800270081,0.922261953353882,-921.900024414062,41.1000022888184,-834.900024414062,1.99819768080269,0.0460684478404712,-0.0076910724847892,ST
41.0666666666667,0.397765070199966,0.448607236146927,9.27719783782959,1.40244793891907,-1.19665396213531,0.632625997066498,-929.100036621094,48.9000015258789,-842.100036621094,1.99813379079234,0.0451089663378992,-0.0439412056034173,ST
41.1,-0.283519774675369,0.416307508945465,10.2533664703369,1.63872992992401,-0.533540010452271,1.15854394435883,-926.700012207031,45.9000015258789,-844.500061035156,1.99529392561744,-0.0137940502583622,-0.0435234128813269,ST
41.1333333333333,-0.48150509595871,1.36376595497131,8.90216159820557,2.08842802047729,-1.29574000835419,0.960371971130371,-921.900024414062,48.9000015258789,-842.100036621094,1.99092342097562,-0.0435034400255449,-0.133031612222727,ST
41.1666666666667,-0.60352623462677,0.79672646522522,8.29325199127197,1.63872992992401,0.182927995920181,1.08994603157043,-924.300048828125,45.3000030517578,-863.700012207031,1.99009662260927,-0.0665954132005762,-0.105672108933476,ST
41.2,-0.495860517024994,0.988132178783417,9.68632698059082,-0.0,-0.571649968624115,-0.510673999786377,-926.700012207031,53.7000007629395,-854.100036621094,1.99159585282155,-0.0533309776859419,-0.102423953361619,ST
41.2333333333333,-0.402550220489502,0.40853163599968,9.40878868103027,-0.739333987236023,-1.43293595314026,-1.36433792114258,-926.700012207031,50.1000022888184,-842.100036621094,1.99722559804477,-0.0430115643780302,-0.0541698834282911,ST
41.2666666666667,-0.327184200286865,0.43425178527832,9.38845252990723,-0.647870004177094,-1.05183601379395,-2.0655620098114,-924.300048828125,46.5,-854.100036621094,2.00277271530354,-0.0347980969567997,-0.0464994434442115,ST
41.3,0.0651975870132446,-0.0837400183081627,10.6762542724609,-0.884151995182037,-1.54726600646973,-1.85214591026306,-931.500061035156,43.5,-856.500061035156,2.00825372969215,0.0014424161524936,2.80631202635699e-05,ST
41.3333333333333,0.61548912525177,0.0980954468250275,10.3777809143066,-1.09756803512573,-1.96647596359253,-1.57775402069092,-945.900024414062,47.1000022888184,-868.500061035156,2.01236105031353,0.0517191343087697,-0.0062610857632509,ST
41.3666666666667,0.770408153533936,-0.203966751694679,10.1163921356201,-0.403965979814529,-0.121951997280121,-0.975615978240967,-936.300048828125,47.7000007629395,-851.700012207031,2.01333491577437,0.0712834307251556,0.0153013415223944,ST
41.4,0.832016885280609,-0.171667039394379,9.73298263549805,-0.304879993200302,0.792688012123108,-1.91312193870544,-926.700012207031,54.9000015258789,-842.100036621094,2.01805283334125,0.0818121489022679,0.0174663901071787,ST
41.4333333333333,0.629844546318054,-0.102282449603081,8.57916450500488,-0.182927995920181,1.34147191047668,-2.01220798492432,-941.100036621094,47.7000007629395,-858.900024414062,2.02353228553836,0.0728054259976393,0.0128942587988872,ST
41.4666666666667,0.366063505411148,-0.138769164681435,7.98640489578247,0.0838419944047928,1.45580196380615,-2.0731840133667,-926.700012207031,50.1000022888184,-839.700012207031,2.0281338062346,0.0492577086548284,0.0161882644909981,ST
41.5,-0.166881889104843,-0.401952087879181,8.93805027008057,0.0076219998300075,1.83690190315247,-2.15702605247498,-938.700012207031,46.5,-846.900024414062,2.03289414423936,-0.008246001164146,0.0394390172864369,ST
41.5333333333333,-0.765622973442078,-0.0831418707966805,9.91302299499512,-0.320124000310898,1.6615959405899,-2.21800184249878,-929.100036621094,46.5,-849.300048828125,2.03731789547488,-0.0662812158059996,0.0149077612732056,ST
41.5666666666667,-1.81117689609528,-0.410326063632965,11.6039733886719,0.190549999475479,2.080806016922,-0.83841997385025,-905.100036621094,51.9000015258789,-844.500061035156,2.0413463065153,-0.142863580041498,0.0317524543045795,ST
41.6,-0.546702682971954,-0.550889670848846,10.3688087463379,-0.411587983369827,0.792688012123108,-1.45580196380615,-919.500061035156,45.3000030517578,-842.100036621094,2.04655932656977,-0.0718400401804241,0.0495750171270087,ST
41.6333333333333,0.384007781744003,-0.705808699131012,9.86756420135498,-1.51677799224854,-1.78354799747467,-2.13416004180908,-933.900024414062,44.7000007629395,-837.300048828125,2.05164346105038,0.0191087403494843,0.0691546221196945,ST
41.6666666666667,0.926523447036743,-0.274547636508942,8.63299751281738,-0.975615978240967,-2.94971394538879,-2.17989206314087,-931.500061035156,53.1000022888184,-849.300048828125,2.05838605531283,0.0955487963653304,0.0397140899334774,ST
41.7,0.653770267963409,-0.744687974452972,8.31777572631836,0.0914639979600906,-0.731711983680725,-1.58537602424622,-941.100036621094,46.5,-851.700012207031,2.05851826933634,0.0824563501623468,0.0801269904050955,ST
41.7333333333333,-0.122619308531284,-0.367857933044434,9.9973611831665,0.594515979290009,0.602137982845306,-1.75305998325348,-936.300048828125,44.7000007629395,-846.900024414062,2.06439770625286,0.0039556216506947,0.0436004372863689,ST
41.7666666666667,0.0233275759965181,-0.337352633476257,8.90515232086182,1.05945801734924,-0.853663980960846,-0.663114011287689,-943.500061035156,46.5,-846.900024414062,2.06599086923981,0.0041189596402276,0.0372846810373934,ST
41.8,-0.443822085857391,-0.610105812549591,9.47039794921875,0.564027965068817,-0.167683988809586,-0.800309956073761,-941.100036621094,47.7000007629395,-839.700012207031,2.06837052665371,-0.0378926097571246,0.0589961597427729,ST
41.8333333333333,-0.35110992193222,-1.23157632350922,10.2808809280396,-0.754577994346619,-0.266770005226135,-1.2500079870224,-950.700012207031,40.5,-856.500061035156,2.07289775160542,-0.0341879650557375,0.108188333412752,ST
41.8666666666667,0.157909750938416,-1.11792922019958,9.16953182220459,-1.19665396213531,-2.01982998847961,-1.76830399036407,-936.300048828125,44.7000007629395,-851.700012207031,2.07694432796778,0.0122552602809127,0.12101764727254,ST
41.9,-0.0502440109848976,-1.69154834747314,9.25925350189209,-0.487807989120483,0.205793991684914,-1.62348592281342,-955.500061035156,40.5,-858.900024414062,2.08046667678179,-0.0017294691759807,0.16932877566892,ST
41.9333333333333,-0.41451308131218,-1.65326714515686,9.57088565826416,-0.190549999475479,0.952749967575073,-1.61586391925812,-953.100036621094,39.9000015258789,-849.300048828125,2.08453011556525,-0.0353286069029648,0.171031531782265,ST
41.9666666666667,-0.869699895381927,-1.73760533332825,9.43570518493652,0.579271972179413,1.18903195858002,-0.792688012123108,-957.900024414062,48.9000015258789,-858.900024414062,2.08735008733143,-0.0807350544791735,0.179159089683409,ST
42.0,-1.24832439422607,-1.58208811283112,10.4597263336182,0.846041977405548,1.6844619512558,-0.327746003866196,-960.300048828125,41.1000022888184,-861.300048828125,2.08658241331061,-0.112312474196094,0.154896122735817,ST
42.0333333333333,-1.00428199768066,-1.26028728485107,9.91721057891846,1.21189796924591,0.358233988285065,0.853663980960846,-945.900024414062,40.5,-861.300048828125,2.08242175096685,-0.103245172811099,0.130329382192485,ST
42.0666666666667,-0.39238178730011,-0.939682602882385,9.91960334777832,1.32622802257538,-0.0076219998300075,1.20427596569061,-967.500061035156,42.9000015258789,-854.100036621094,2.07742669016569,-0.051668945386363,0.0992446304641317,ST
42.1,0.0651975870132446,-0.65735912322998,9.56191349029541,1.88263392448425,-0.800309956073761,2.14940404891968,-953.100036621094,37.5,-866.100036621094,2.07170175792473,-0.0041142455499923,0.0721176180792391,ST
42.1333333333333,0.681882977485657,-0.419298231601715,8.46073246002197,1.82165801525116,-1.18140995502472,2.24848985671997,-957.900024414062,41.1000022888184,-866.100036621094,2.0668578073606,0.0647569289898555,0.0516878109654176,ST
42.1666666666667,0.922934591770172,-0.224901750683784,8.79808521270752,1.47866797447205,-1.15092194080353,1.92074394226074,-955.500061035156,33.3000030517578,-861.300048828125,2.06379700991464,0.0984805309364416,0.0286810943815898,ST
42.2,0.896018147468567,-0.221911042928696,8.22925090789795,1.45580196380615,-1.02897000312805,1.22714197635651,-972.300048828125,42.3000030517578,-856.500061035156,2.06090791208802,0.107802471913909,0.025460890540508,ST
42.2333333333333,0.447410941123962,-0.205761179327965,7.92898321151733,1.19665396213531,-0.365855991840363,1.05183601379395,-962.700012207031,35.1000022888184,-870.900024414062,2.05833320681429,0.0671899647391867,0.0243043995762483,ST
42.2666666666667,-0.638218522071838,-0.165087461471558,10.2749004364014,1.08232402801514,0.792688012123108,1.05183601379395,-972.300048828125,40.5,-863.700012207031,2.05602870223609,-0.0370687713901982,0.0162291804854357,ST
42.3,-0.419896364212036,-0.0622068680822849,11.9323539733887,1.12043392658234,-0.327746003866196,1.49391198158264,-974.700012207031,33.9000015258789,-875.700012207031,2.05197663352937,-0.0350356206092311,0.0053552701353485,ST
42.3333333333333,-0.323595345020294,-0.230883181095123,11.2522659301758,1.71494996547699,-0.617381989955902,0.37347799539566,-981.900024414062,37.5,-870.900024414062,2.05154042766458,-0.0291587462916768,0.0150548809627212,ST
42.3666666666667,-0.662742435932159,-0.314623206853867,10.7480306625366,0.617381989955902,0.937505960464478,-1.15092194080353,-972.300048828125,33.9000015258789,-870.900024414062,2.05474411667425,-0.0562973286553148,0.025611788951612,ST
42.4,-0.687266290187836,-0.385802209377289,10.4292211532593,0.190549999475479,0.777444005012512,-1.44055795669556,-974.700012207031,40.5,-870.900024414062,2.05889852367869,-0.0651175455467397,0.034802783454015,ST
42.4333333333333,-0.35410064458847,-0.644199967384338,9.08100700378418,-0.327746003866196,-0.0685980021953583,-1.95885396003723,-979.500061035156,51.3000030517578,-863.700012207031,2.06525533076384,-0.0433184030908146,0.0650034953376454,ST
42.4666666666667,0.372643083333969,-0.778183996677399,9.08339881896973,-0.495429992675781,-0.655492007732391,-1.85214591026306,-981.900024414062,41.1000022888184,-851.700012207031,2.06954385884639,0.0249651256809699,0.0820249335140292,ST
42.5,0.39537250995636,-0.915158748626709,8.63539028167725,0.182927995920181,-1.31860601902008,-1.48628997802734,-986.700012207031,44.7000007629395,-873.300048828125,2.07202922902481,0.043383254194914,0.10050697498244,ST
42.5333333333333,0.183629885315895,-0.683677434921265,9.32325458526611,0.419209986925125,-0.594515979290009,-1.03659200668335,-981.900024414062,48.3000030517578,-856.500061035156,2.07524946180052,0.0246131081732856,0.0771281707248192,ST
42.5666666666667,0.41750380396843,-0.659751713275909,9.41596698760986,0.259148001670837,-1.05945801734924,-0.190549999475479,-986.700012207031,42.3000030517578,-868.500061035156,2.07572134895368,0.0424706984667696,0.0707757125527627,ST
42.6,0.0263182912021875,-0.886447906494141,10.2778902053833,0.342989981174469,-0.701223969459534,0.609759986400604,-981.900024414062,45.9000015258789,-866.100036621094,2.07371332660266,0.0101945600110374,0.0830002989104616,ST
42.6333333333333,0.316417634487152,-0.836203873157501,9.46979999542236,0.78506600856781,-0.274392008781433,0.975615978240967,-979.500061035156,47.7000007629395,-861.300048828125,2.07125478501795,0.0291625495413965,0.086033190117555,ST
42.6666666666667,0.270958751440048,-0.447410941123962,10.1618509292603,1.07470202445984,-0.419209986925125,0.685979962348938,-974.700012207031,45.9000015258789,-861.300048828125,2.07050037244841,0.0276463150450706,0.0504838181118324,ST
42.7,-0.0143554313108325,-0.178844749927521,9.53439903259277,1.84452390670776,-0.266770005226135,1.34147191047668,-969.900024414062,47.1000022888184,-868.500061035156,2.0676774964003,0.0043418981368173,0.0221888135169636,ST
42.7333333333333,-0.0346922911703587,0.0819455906748772,9.42673301696777,1.75305998325348,0.487807989120483,1.18140995502472,-969.900024414062,48.9000015258789,-866.100036621094,2.06498344067839,-0.0027510712905981,-0.0049145339296915,ST
42.7666666666667,0.0508421510457993,0.102282449603081,8.74724292755127,1.16616594791412,0.350611984729767,1.16616594791412,-962.700012207031,48.3000030517578,-882.900024414062,2.06229164502328,0.0036137054617316,-0.0119500814380385,ST
42.8,-0.225499898195267,0.0897214487195015,8.33213138580322,0.846041977405548,0.419209986925125,0.67835795879364,-955.500061035156,43.5,-863.700012207031,2.06073209732425,-0.021448306634521,-0.0121977804986114,ST
42.8333333333333,-0.364269077777863,-0.0472532957792282,9.07741737365723,0.480185985565186,0.830797970294952,0.434453994035721,-967.500061035156,41.1000022888184,-875.700012207031,2.06012063617621,-0.0377405100551126,0.0012023859472362,ST
42.8666666666667,-0.278136491775513,-0.283519774675369,9.69230842590332,0.0914639979600906,0.46494197845459,-0.0762199983000755,-965.100036621094,43.5,-870.900024414062,2.06108337000117,-0.0311520278176095,0.0234699828132051,ST
42.9,-1.02402079105377,-0.0107665732502937,10.4519500732422,0.983237981796265,0.403965979814529,-0.106707997620106,-960.300048828125,42.3000030517578,-854.100036621094,2.06035588464089,-0.0848135712445696,0.0042109636944141,ST
42.9333333333333,-0.384605944156647,-0.51440292596817,10.7474327087402,0.792688012123108,0.541162014007568,-0.0914639979600906,-955.500061035156,33.9000015258789,-858.900024414062,2.06299020917196,-0.0452805873504014,0.038926531687937,ST
42.9666666666667,0.149535745382309,-0.469542235136032,10.3442850112915,0.0838419944047928,-0.533540010452271,-0.746955990791321,-945.900024414062,42.3000030517578,-878.100036621094,2.06491866905788,0.0052316623869783,0.0441715891301567,ST
43.0,0.55866551399231,-0.450999796390533,9.19585037231445,-0.0990860015153885,-0.708845973014832,-0.99848198890686,-960.300048828125,47.1000022888184,-885.300048828125,2.06703644265759,0.0504885899599498,0.0481221656391865,DLL
43.0333333333333,0.673509001731873,-0.352306216955185,8.92907810211182,0.0990860015153885,-0.243903994560242,-0.777444005012512,-950.700012207031,50.1000022888184,-858.900024414062,2.06939581002134,0.0714784902857118,0.0406801445618065,DLL
43.0666666666667,0.327782362699509,-0.634031534194946,8.10423946380615,0.602137982845306,0.685979962348938,-0.274392008781433,-945.900024414062,41.7000007629395,-858.900024414062,2.06833302571924,0.0456620142958963,0.0696865936008933,DLL
43.1,-0.464158952236176,-1.26507234573364,9.27719783782959,0.0685980021953583,1.41769194602966,0.320124000310898,-953.100036621094,35.1000022888184,-873.300048828125,2.0675570963747,-0.0323274016870153,0.122141287110017,DLL
43.1333333333333,0.580198705196381,-1.26267981529236,11.0847854614258,-0.746955990791321,-0.724089980125427,-0.807931959629059,-950.700012207031,46.5,-875.700012207031,2.06921904801537,0.0360821783331583,0.116224554874357,DLL
43.1666666666667,1.89372062683105,-1.91046869754791,9.69948673248291,-0.609759986400604,-2.82013988494873,-1.70732796192169,-972.300048828125,45.3000030517578,-856.500061035156,2.06592696662487,0.166147979884255,0.180928376213855,DLL
43.2,1.08682572841644,-2.25081205368042,9.7778434753418,-0.175305992364883,-1.22714197635651,-2.9268479347229,-953.100036621094,33.3000030517578,-856.500061035156,2.06716081473419,0.120325735615069,0.218449032486482,DLL
43.2333333333333,-1.24832439422607,-0.741099119186401,11.2929391860962,0.945127964019775,0.823175966739655,-4.35978412628174,-965.100036621094,42.9000015258789,-863.700012207031,2.08103037246529,-0.0661971552216918,0.0938186448763627,DLL
43.2666666666667,-1.69573533535004,-0.858335137367249,9.17132663726807,0.884151995182037,-0.114329993724823,1.00610399246216,-965.100036621094,42.9000015258789,-880.500061035156,2.07873211616903,-0.158640019895194,0.0920085568088601,DLL
43.3,-2.59055709838867,0.464158952236176,8.49004173278809,0.0152439996600151,-0.807931959629059,8.01072216033936,-960.300048828125,40.5,-863.700012207031,2.03536061431511,-0.267500949352809,-0.0267992981469438,DLL
43.3333333333333,-4.06617593765259,0.507823407649994,8.01691055297852,-0.586893975734711,-1.60061991214752,17.2257194519043,-965.100036621094,37.5,-861.300048828125,1.97939713315142,-0.433062582654352,-0.0666449553419247,DLL
43.3666666666667,-3.50392150878906,-1.41879510879517,9.42134952545166,-2.58385801315308,-0.67835795879364,26.9513912200928,-955.500061035156,32.1000022888184,-868.500061035156,1.98330732436626,-0.370971448772075,0.0951810732188329,DLL
43.4,-1.33086812496185,-3.31849718093872,11.3360052108765,-3.66618180274963,-0.525918006896973,28.2852420806885,-931.500061035156,38.7000007629395,-863.700012207031,1.95899348121252,-0.17257431719388,0.243846903165018,DLL
43.4333333333333,2.40034770965576,-3.96688413619995,10.2097024917603,-5.44210767745972,-3.81099987030029,22.7974014282227,-931.500061035156,35.7000007629395,-851.700012207031,1.90805446621664,0.130555952699026,0.353069949874781,DLL
43.4666666666667,1.20525813102722,-2.51638746261597,9.39443397521973,-2.11129403114319,-3.19361782073975,14.7866792678833,-905.100036621094,34.5,-861.300048828125,1.88277883821119,0.122833974640946,0.285639824283675,DLL
43.5,2.527752161026,-3.74975824356079,9.35615253448486,-1.90549993515015,-0.579271972179413,8.74243354797363,-924.300048828125,37.5,-858.900024414062,1.85058663618281,0.217601654351169,0.366443159086536,DLL
43.5333333333333,0.878672003746033,-2.15809988975525,9.42792987823486,-1.6844619512558,-1.34147191047668,2.69818782806396,-917.100036621094,35.1000022888184,-861.300048828125,1.86287016880156,0.112796700024244,0.251601262440545,DLL
43.5666666666667,0.471336662769318,-1.59524726867676,7.56411600112915,-0.655492007732391,-0.525918006896973,3.22410583496094,-917.100036621094,33.3000030517578,-861.300048828125,1.85805159070096,0.0692816953815672,0.21651106196871,DLL
43.6,-0.916355013847351,-1.758540391922,10.2162818908691,1.21189796924591,2.70580983161926,3.30794787406921,-909.900024414062,27.9000015258789,-856.500061035156,1.85146899471929,-0.0647657328152922,0.176971377051663,DLL
43.6333333333333,-1.69095015525818,-1.46186137199402,10.7994709014893,1.22714197635651,0.87652999162674,2.82776188850403,-912.300048828125,32.1000022888184,-849.300048828125,1.84202340488316,-0.137801343774186,0.141045060624391,DLL
43.6666666666667,-0.21712589263916,-2.06897664070129,10.5596160888672,-0.922261953353882,-1.65397393703461,2.43903994560242,-905.100036621094,32.7000007629395,-854.100036621094,1.83939391551081,-0.0408647032022704,0.18462583896218,DLL
43.7,-0.307445496320724,-1.20166921615601,7.54258298873901,-0.670735955238342,-2.54574799537659,1.92074394226074,-909.900024414062,26.1000003814697,-861.300048828125,1.83263806879092,-0.0371676288333687,0.163300419491246,DLL
43.7333333333333,-0.931308627128601,-1.33266258239746,8.86029148101807,0.320124000310898,-0.0304879993200302,2.90398192405701,-924.300048828125,28.5000019073486,-854.100036621094,1.82530910794644,-0.0907836749088761,0.151390584388914,DLL
43.7666666666667,-0.751267552375793,-2.15451097488403,10.3741912841797,0.586893975734711,-0.609759986400604,2.62196803092957,-902.700012207031,33.9000015258789,-856.500061035156,1.82254211576522,-0.0744235231704237,0.193519366815705,DLL
43.8,0.830222427845001,-1.95233869552612,8.79748725891113,-1.31098401546478,-3.18599581718445,0.564027965068817,-919.500061035156,27.3000011444092,-856.500061035156,1.81968166623984,0.0662976503121977,0.215898196821043,DLL
43.8333333333333,-1.36256968975067,-0.692051410675049,7.87814092636108,1.21189796924591,-3.08691000938416,1.91312193870544,-919.500061035156,34.5,-861.300048828125,1.81077276854619,-0.124186315293032,0.109264700964026,DLL
43.8666666666667,-0.346324771642685,-1.91106677055359,10.3670139312744,0.243903994560242,-0.617381989955902,4.30642986297607,-921.900024414062,28.5000019073486,-863.700012207031,1.80588775901391,-0.0513613727484592,0.166850835434199,DLL
43.9,0.367857933044434,-2.16049242019653,11.2947340011597,-0.739333987236023,-2.60672402381897,4.23783206939697,-931.500061035156,32.7000007629395,-861.300048828125,1.79550745416085,0.0176906277282694,0.185549714672066,DLL
43.9333333333333,0.928916037082672,-1.81835460662842,9.79698371887207,-0.769822001457214,-2.37806391716003,3.23934984207153,-933.900024414062,32.1000022888184,-870.900024414062,1.78726823990806,0.0802047958146563,0.18531862979168,DLL
43.9666666666667,0.848166704177856,-1.7065018415451,9.09476375579834,0.0762199983000755,-1.2576299905777,2.57623600959778,-936.300048828125,36.9000015258789,-863.700012207031,1.78087628488589,0.0902088154123357,0.185676453013167,DLL
44.0,0.486888378858566,-2.1269965171814,9.7957878112793,-0.0228659994900227,-0.160062000155449,2.40855193138123,-926.700012207031,27.9000015258789,-870.900024414062,1.77370762641606,0.0564814878753415,0.208422109616346,DLL
44.0333333333333,1.41221559047699,-2.58876276016235,9.40400409698486,-0.800309956073761,-0.746955990791321,1.36433792114258,-924.300048828125,28.5000019073486,-873.300048828125,1.76592520853944,0.126706434916188,0.257741197767456,DLL
44.0666666666667,1.61020088195801,-1.77887713909149,6.57777833938599,-0.754577994346619,-1.02134799957275,-0.274392008781433,-921.900024414062,28.5000019073486,-875.700012207031,1.7651784125358,0.21221313516586,0.263919766723034,DLL
44.1,-0.0472532957792282,-1.67539846897125,9.68094444274902,-0.0304879993200302,1.31860601902008,0.106707997620106,-950.700012207031,36.3000030517578,-882.900024414062,1.77486400827542,0.0372568187532016,0.190066782494249,DLL
44.1333333333333,-0.821250319480896,-2.4996395111084,11.4454660415649,-0.0381099991500378,2.39330792427063,-0.396344006061554,-921.900024414062,24.9000015258789,-875.700012207031,1.7769915552361,-0.051502934224003,0.210079529615656,DLL
44.1666666666667,-0.35410064458847,-1.6084064245224,9.68094444274902,-0.602137982845306,0.327746003866196,-1.60061991214752,-929.100036621094,28.5000019073486,-875.700012207031,1.77908517680404,-0.0392253832931877,0.174730504683039,DLL
44.2,-0.589768946170807,-1.41700065135956,9.68333625793457,-0.0762199983000755,0.602137982845306,-0.525918006896973,-926.700012207031,31.5000019073486,-875.700012207031,1.77942367516031,-0.0571885296168255,0.150716811243953,DLL
44.2333333333333,-0.756650865077972,-1.19209897518158,9.47996807098389,0.937505960464478,1.19665396213531,-0.716467976570129,-921.900024414062,27.9000015258789,-870.900024414062,1.78017892718939,-0.0764277742799887,0.128722989689521,DLL
44.2666666666667,-0.962412059307098,-1.03000223636627,9.28736591339111,1.29574000835419,1.18903195858002,-0.632625997066498,-921.900024414062,36.3000030517578,-882.900024414062,1.78086061339528,-0.0995440184971475,0.111964743044425,DLL
44.3,-0.185424327850342,-1.26088535785675,8.77236461639404,-0.327746003866196,0.571649968624115,-0.967993974685669,-919.500061035156,28.5000019073486,-870.900024414062,1.78489827720589,-0.0374162460115357,0.137109484918619,DLL
44.3333333333333,-0.653172135353088,-0.765024840831757,8.54447269439697,-0.548784017562866,0.0533539988100529,-1.27287399768829,-931.500061035156,26.1000003814697,-885.300048828125,1.78578770671738,-0.0681086224903267,0.0998264007798871,DLL
44.3666666666667,-0.78177285194397,-1.35060679912567,9.67316818237305,-1.01372599601746,0.975615978240967,-1.02897000312805,-929.100036621094,26.1000003814697,-882.900024414062,1.79105281828438,-0.0792623588501708,0.134206844152485,DLL
44.4,-0.546104550361633,-1.49057233333588,11.1763010025024,-0.647870004177094,1.79117000102997,-1.34147191047668,-914.700012207031,32.1000022888184,-873.300048828125,1.79453865399225,-0.0568438491679644,0.133956293634901,DLL
44.4333333333333,0.374437510967255,-2.19159579277039,10.1540746688843,0.335367977619171,1.265251994133,-1.50915598869324,-924.300048828125,31.5000019073486,-858.900024414062,1.79973784231818,0.0158512394640796,0.196249657529109,DLL
44.4666666666667,-0.183031752705574,-2.02351760864258,7.99836778640747,0.121951997280121,1.49391198158264,-1.6768399477005,-917.100036621094,34.5,-875.700012207031,1.80425521328618,-0.0160211963027385,0.237237088654067,DLL
44.5,-0.500645637512207,-2.06478953361511,8.37639427185059,-0.701223969459534,1.57013201713562,-1.50153398513794,-902.700012207031,26.1000003814697,-861.300048828125,1.80857311387848,-0.0511376584393151,0.241868597679903,DLL
44.5333333333333,-1.5563679933548,-1.90329098701477,8.59890365600586,-0.960371971130371,1.32622802257538,-0.922261953353882,-912.300048828125,30.3000011444092,-868.500061035156,1.80932381530692,-0.151457610662286,0.224325271715206,DLL
44.5666666666667,-1.76392364501953,-2.20176434516907,8.4415922164917,-0.853663980960846,1.31098401546478,-0.388722002506256,-924.300048828125,30.9000015258789,-873.300048828125,1.81497164357954,-0.19147008426225,0.250245820476902,DLL
44.6,-1.42597281932831,-2.21372723579407,8.73109340667725,-0.975615978240967,0.823175966739655,-0.846041977405548,-900.300048828125,32.1000022888184,-866.100036621094,1.81690333156195,-0.164776798980319,0.250308937872661,DLL
44.6333333333333,-1.56773269176483,-2.73889660835266,10.3275365829468,-1.15854394435883,-0.419209986925125,-0.282013982534409,-919.500061035156,32.1000022888184,-870.900024414062,1.81830665881569,-0.147997229853512,0.259573489862203,DLL
44.6666666666667,-0.464757084846497,-2.95362997055054,9.79698371887207,-1.79879200458527,-2.43903994560242,-0.442075997591019,-907.500061035156,36.9000015258789,-861.300048828125,1.82037889366779,-0.0602491700906893,0.289486313198952,DLL
44.7,0.57062840461731,-3.14144682884216,9.56669902801514,-1.90549993515015,-2.65245604515076,-1.45580196380615,-912.300048828125,29.1000003814697,-866.100036621094,1.821987065726,0.0370806709926173,0.314364964427769,DLL
44.7333333333333,0.976169347763062,-2.82263660430908,9.09954929351807,-0.815553963184357,-1.41006994247437,-3.20886182785034,-909.900024414062,36.3000030517578,-875.700012207031,1.82877707944939,0.0922012272088448,0.304420726097613,DLL
44.7666666666667,0.812876284122467,-2.79272961616516,8.46850776672363,0.282013982534409,-0.609759986400604,-3.76526784896851,-921.900024414062,34.5,-880.500061035156,1.83576539721933,0.0936076366626909,0.315017297592463,DLL
44.8,1.33565330505371,-3.09359550476074,8.35127258300781,0.99848198890686,0.358233988285065,-5.67839002609253,-926.700012207031,39.9000015258789,-863.700012207031,1.84525097306814,0.14116528129345,0.34518883997042,DLL
44.8333333333333,0.413316786289215,-2.01992893218994,8.70716762542725,2.19513607025146,1.04421401023865,-8.23938179016113,-912.300048828125,33.9000015258789,-866.100036621094,1.87432522512705,0.0660627650494346,0.246028378244057,DLL
44.8666666666667,-0.614292860031128,-1.77229762077332,10.5530366897583,3.22410583496094,2.86587190628052,-7.23327779769897,-926.700012207031,41.7000007629395,-866.100036621094,1.8939729939833,-0.0372706820529599,0.176156507588505,DLL
44.9,-0.343334078788757,-2.50023770332336,10.9675493240356,1.51677799224854,2.11129403114319,-7.28663206100464,-933.900024414062,42.9000015258789,-875.700012207031,1.91275847688285,-0.0327493457512167,0.212691535807411,DLL
44.9333333333333,-1.08742392063141,-1.91764640808105,11.7487239837646,0.899396002292633,1.63872992992401,-7.43144989013672,-933.900024414062,38.7000007629395,-863.700012207031,1.92805390102279,-0.0796759349981738,0.171542322691986,DLL
44.9666666666667,-0.636424124240875,-2.43743252754211,9.87115383148193,0.182927995920181,1.90549993515015,-3.86435389518738,-931.500061035156,36.9000015258789,-868.500061035156,1.94180466220435,-0.0675015647970189,0.228011151021173,DLL
45.0,-0.753062009811401,-2.12400579452515,7.77346611022949,-0.381099998950958,0.823175966739655,-1.6692179441452,-921.900024414062,35.7000007629395,-880.500061035156,1.94838072482245,-0.0885501759900027,0.259642028293698,DLL
45.0333333333333,-1.09819054603577,-2.22748446464539,7.12388277053833,0.0152439996600151,1.98171997070312,0.861285984516144,-919.500061035156,38.1000022888184,-880.500061035156,1.95172570341319,-0.138896593909675,0.295182541543922,DLL
45.0666666666667,-1.36077523231506,-2.47272300720215,6.69202375411987,0.945127964019775,3.07166600227356,3.17837381362915,-929.100036621094,33.9000015258789,-863.700012207031,1.95461944311112,-0.185304714887831,0.341522952521332,DLL
45.1,-2.14075374603271,-2.25739169120789,8.35665512084961,1.2500079870224,3.23172783851624,2.12653803825378,-914.700012207031,38.7000007629395,-861.300048828125,1.93947542526482,-0.236260481418927,0.277561190971105,DLL
45.1333333333333,-2.42068457603455,-2.06000447273254,12.7506141662598,0.602137982845306,-0.693601965904236,1.88263392448425,-895.500061035156,45.3000030517578,-875.700012207031,1.91485940120792,-0.195429420354701,0.182178696052206,DLL
45.1666666666667,-1.81835460662842,-2.62225890159607,9.82689094543457,-0.693601965904236,-4.42075967788696,3.7805118560791,-912.300048828125,39.9000015258789,-866.100036621094,1.91562926142141,-0.17592838440316,0.244717752616435,DLL
45.2,-2.56543517112732,-1.83749520778656,11.8462219238281,-0.282013982534409,-3.08691000938416,4.71039581298828,-897.900024414062,35.1000022888184,-878.100036621094,1.88925928237442,-0.201368716455842,0.170167106915511,DLL
45.2333333333333,-0.498253107070923,-2.05282664299011,9.15996170043945,0.739333987236023,-2.38568592071533,8.76529979705811,-912.300048828125,45.3000030517578,-854.100036621094,1.87417676735384,-0.0821400313076798,0.207916760096281,DLL
45.2666666666667,0.52636581659317,-2.54450011253357,7.37749528884888,-0.182927995920181,-2.9420919418335,8.696702003479,-907.500061035156,35.7000007629395,-870.900024414062,1.85527738576593,0.0376269967858802,0.307262210362034,DLL
45.3,0.921140193939209,-1.93798327445984,6.69860315322876,-0.434453994035721,-2.75916385650635,6.48632192611694,-914.700012207031,33.3000030517578,-861.300048828125,1.84021880396251,0.114627196505869,0.288069214469247,DLL
45.3333333333333,0.660947978496552,-1.93499255180359,7.15079927444458,0.510673999786377,-2.00458598136902,5.42686367034912,-909.900024414062,30.9000015258789,-880.500061035156,1.82884387795886,0.0947763202921588,0.26915314261022,DLL
45.3666666666667,-2.34172964096069,-2.00078821182251,11.8761291503906,0.640248000621796,-0.647870004177094,6.06711196899414,-912.300048828125,35.7000007629395,-870.900024414062,1.81309813141562,-0.1348761553662,0.186958053219395,DLL
45.4,1.05033910274506,-3.15161538124084,9.67735481262207,-1.30336201190948,-2.78965187072754,5.69363403320312,-902.700012207031,36.9000015258789,-870.900024414062,1.80229916629385,0.0587952741048544,0.292240371971445,DLL
45.4333333333333,0.377428203821182,-2.22868061065674,10.3861541748047,0.182927995920181,-3.67380380630493,2.43903994560242,-917.100036621094,32.7000007629395,-875.700012207031,1.79745849402563,0.0437378101590547,0.224880573745927,DLL
45.4666666666667,0.235070183873177,-2.70360612869263,9.89567756652832,1.64635193347931,-0.762199997901917,2.46190595626831,-924.300048828125,36.9000015258789,-870.900024414062,1.7902864086656,0.0273067824339666,0.256104684162898,DLL
45.5,0.344530344009399,-1.96190893650055,8.3997220993042,1.71494996547699,-0.236281991004944,1.60061991214752,-905.100036621094,29.1000003814697,-863.700012207031,1.78721234215929,0.0371697435441833,0.232510016611992,DLL
45.5333333333333,-0.443822085857391,-1.41700065135956,7.84703779220581,1.83690190315247,-0.853663980960846,1.77592599391937,-897.900024414062,30.9000015258789,-882.900024414062,1.78280926463033,-0.0362660023654144,0.186955472063545,DLL
45.5666666666667,-0.30325847864151,-1.79203629493713,9.46082782745361,0.304879993200302,-1.02897000312805,3.74240183830261,-905.100036621094,33.9000015258789,-885.300048828125,1.77282922055251,-0.0317699418930522,0.186523358790571,DLL
45.6,-0.827829897403717,-1.48638522624969,11.0853834152222,0.274392008781433,-1.36433792114258,3.58996200561523,-909.900024414062,30.9000015258789,-875.700012207031,1.76211176831047,-0.0643325352306364,0.143369410392584,DLL
45.6333333333333,0.136376604437828,-1.42118775844574,10.0858869552612,1.35671591758728,-2.01982998847961,3.59758400917053,-907.500061035156,27.9000015258789,-880.500061035156,1.75266917987355,0.0016619436651589,0.138547832968895,DLL
45.6666666666667,0.172863319516182,-1.01026344299316,9.04870700836182,1.6844619512558,-1.43293595314026,2.40092992782593,-917.100036621094,26.7000007629395,-880.500061035156,1.74678056570843,0.0172981610587478,0.114037426814466,DLL
45.7,-0.872690618038177,-0.203368604183197,8.42185306549072,3.24697184562683,0.190549999475479,2.02745199203491,-914.700012207031,29.7000007629395,-890.100036621094,1.73957624637243,-0.0821605373733335,0.0355195225601041,DLL
45.7333333333333,-1.01205790042877,-0.494664251804352,8.63539028167725,2.33233189582825,0.861285984516144,1.85214591026306,-917.100036621094,27.9000015258789,-875.700012207031,1.73700374142675,-0.112099174631954,0.0499056019519677,DLL
45.7666666666667,-0.654966533184052,-0.626853823661804,9.82090950012207,-0.99848198890686,-1.20427596569061,1.05183601379395,-895.500061035156,28.5000019073486,-880.500061035156,1.73522935110393,-0.0729704321567469,0.0625734139958372,DLL
45.8,-0.212340757250786,-1.13407909870148,11.2755928039551,-2.25611186027527,-1.89787793159485,1.27287399768829,-919.500061035156,30.9000015258789,-882.900024414062,1.73336327605998,-0.0271912352137115,0.0957223190118303,DLL
45.8333333333333,0.717771589756012,-2.1610906124115,10.6720666885376,-1.88263392448425,-1.76830399036407,1.265251994133,-929.100036621094,29.1000003814697,-885.300048828125,1.72836686535083,0.0533723003902997,0.186162309540964,DLL
45.8666666666667,1.70291304588318,-2.78256106376648,8.82978630065918,-2.45428395271301,-0.975615978240967,-0.282013982534409,-909.900024414062,24.3000011444092,-882.900024414062,1.71854399323315,0.158833161189848,0.285763513395344,DLL
45.9,1.76212918758392,-2.38539409637451,8.3339262008667,-2.32470989227295,-0.243903994560242,-2.21800184249878,-917.100036621094,26.1000003814697,-878.100036621094,1.72464786250535,0.193318878627177,0.282916804921444,DLL
45.9333333333333,0.683677434921265,-2.06897664070129,6.2069296836853,-0.144817993044853,1.08232402801514,-0.899396002292633,-907.500061035156,32.7000007629395,-887.700012207031,1.72250134425708,0.121060538952821,0.314001367215073,DLL
45.9666666666667,-1.38888800144196,-1.5623494386673,8.71793365478516,1.92074394226074,3.17837381362915,0.617381989955902,-905.100036621094,34.5,-875.700012207031,1.72384205970427,-0.104079179592648,0.203051982685829,DLL
46.0,-1.58268630504608,-2.33754277229309,10.3706026077271,2.01220798492432,2.75916385650635,1.43293595314026,-905.100036621094,26.7000007629395,-885.300048828125,1.72398459677657,-0.143166545308087,0.214965698479415,DLL
46.0333333333333,-1.52646088600159,-2.36266469955444,11.8025569915771,0.335367977619171,1.19665396213531,0.388722002506256,-907.500061035156,26.7000007629395,-878.100036621094,1.72171804208265,-0.130819174911683,0.199967640502289,DLL
46.0666666666667,-2.27473783493042,-2.16946458816528,12.8546905517578,0.0838419944047928,0.907018005847931,-0.449698001146317,-902.700012207031,27.9000015258789,-875.700012207031,1.71928112558341,-0.165449185587962,0.173851266828855,DLL
46.1,-0.446812808513641,-2.88005828857422,11.2026195526123,0.0152439996600151,0.0990860015153885,-0.167683988809586,-905.100036621094,20.7000007629395,-870.900024414062,1.7271046978516,-0.0588599527867149,0.239478434514019,DLL
46.1333333333333,1.46545028686523,-2.14793133735657,6.91752338409424,-0.236281991004944,-1.93598794937134,-2.84300589561462,-914.700012207031,27.9000015258789,-892.500061035156,1.7301372169206,0.159311549879267,0.290637429846798,DLL
46.1666666666667,0.403148353099823,-1.44391715526581,6.6334056854248,0.198172003030777,-1.82927989959717,-1.6844619512558,-907.500061035156,38.1000022888184,-887.700012207031,1.74016070445048,0.0825367741185716,0.229184261884307,DLL
46.2,-0.208153754472733,-0.907382905483246,6.44857931137085,0.0609759986400604,-0.274392008781433,1.58537602424622,-902.700012207031,25.5000019073486,-885.300048828125,1.73907786136468,-0.0089155311511492,0.157811881880513,DLL
46.2333333333333,0.100488021969795,-1.48399269580841,7.54856443405151,-0.472563982009888,0.213415995240211,3.17075204849243,-900.300048828125,27.9000015258789,-873.300048828125,1.73198296297664,0.0075560570292486,0.187471878827244,DLL
46.2666666666667,-0.416307508945465,-1.84945809841156,9.67974758148193,-1.20427596569061,-0.701223969459534,3.72715783119202,-905.100036621094,24.9000015258789,-878.100036621094,1.72323452404755,-0.0322164837762347,0.190106108755001,DLL
46.3,-1.37692511081696,-1.8446729183197,11.0088214874268,-1.28049600124359,-1.31860601902008,5.49546194076538,-912.300048828125,28.5000019073486,-880.500061035156,1.70880464904497,-0.104069622727979,0.172068082579515,DLL
46.3333333333333,0.0741697251796722,-2.70540070533752,11.5638980865479,-1.50915598869324,-1.73019397258759,7.30949783325195,-902.700012207031,23.1000003814697,-875.700012207031,1.69418837653911,-0.0157516171548053,0.219873051779923,DLL
46.3666666666667,-0.360680222511292,-2.19099760055542,10.5057830810547,-0.952749967575073,-2.85824990272522,5.97564792633057,-897.900024414062,29.7000007629395,-904.500061035156,1.67904943639024,-0.0278728733529756,0.209588573920938,DLL
46.4,0.629844546318054,-2.93149876594543,8.76099967956543,-2.14178204536438,-0.510673999786377,7.74395179748535,-919.500061035156,24.3000011444092,-890.100036621094,1.66066316876151,0.046413837159978,0.303203346409864,DLL
46.4333333333333,0.889438569545746,-2.98772406578064,9.55593204498291,-2.0579400062561,0.0381099991500378,4.81710386276245,-900.300048828125,29.1000003814697,-880.500061035156,1.65021787599363,0.0780346525620755,0.306374103100761,DLL
46.4666666666667,1.35778450965881,-3.07146406173706,8.72092437744141,-0.647870004177094,-0.259148001670837,1.82927989959717,-895.500061035156,26.1000003814697,-882.900024414062,1.6433921701017,0.131650711537557,0.33329398966717,DLL
46.5,-0.232079476118088,-2.27234506607056,9.35435771942139,1.85976791381836,0.0609759986400604,-0.891773998737335,-893.100036621094,35.1000022888184,-873.300048828125,1.65056154402337,0.0075324034252276,0.254859576784769,DLL
46.5333333333333,-0.0322997197508812,-1.18671560287476,8.36802005767822,4.26832008361816,1.13567793369293,-2.44666194915771,-905.100036621094,23.1000003814697,-887.700012207031,1.65702092607083,-0.0026316573500276,0.156497108950335,DLL
46.5666666666667,0.251818180084229,-0.748875021934509,8.69998931884766,4.84759187698364,1.20427596569061,-3.15550804138184,-902.700012207031,30.9000015258789,-880.500061035156,1.66554537484723,0.0219920289999014,0.0914810390644188,DLL
46.6,-0.0592161528766155,-1.22559499740601,9.85141468048096,3.75764584541321,1.28049600124359,-4.82472610473633,-893.100036621094,22.5,-880.500061035156,1.67659518450083,-0.0013885274047925,0.111978056934547,DLL
46.6333333333333,0.531749129295349,-1.90508532524109,10.1732158660889,1.78354799747467,-0.0457319989800453,-10.5259819030762,-890.700012207031,17.7000007629395,-873.300048828125,1.69932050637561,0.0429058287388853,0.167403651252274,DLL
46.6666666666667,0.107067592442036,-1.58567702770233,10.6218233108521,1.18903195858002,-0.716467976570129,-14.207407951355,-912.300048828125,26.1000003814697,-894.900024414062,1.73372078783751,0.0200288650987985,0.149385470147104,DLL
46.7,-0.0825437307357788,-1.69214642047882,9.58165264129639,1.31860601902008,0.868907988071442,-15.2516212463379,-907.500061035156,29.1000003814697,-882.900024414062,1.7716260434809,-0.001330822835799,0.168483613668491,DLL
46.7333333333333,0.10826388001442,-1.77289581298828,8.90156364440918,0.67835795879364,1.71494996547699,-14.6494836807251,-914.700012207031,30.3000011444092,-885.300048828125,1.80740081903904,0.0109665517642936,0.190425686538905,DLL
46.7666666666667,-0.0717771574854851,-1.16278994083405,7.77884912490845,1.52439999580383,2.02745199203491,-12.7211179733276,-912.300048828125,30.9000015258789,-885.300048828125,1.83891067425657,-0.0053948848721995,0.153734008540983,DLL
46.8,-0.78177285194397,-1.39128053188324,8.85670280456543,2.70580983161926,3.57471799850464,-9.19213199615479,-921.900024414062,37.5,-882.900024414062,1.86125218811713,-0.0734623621753281,0.152312772658251,DLL
46.8333333333333,0.0490477234125137,-2.47990083694458,9.50748252868652,1.04421401023865,1.50153398513794,-8.09456348419189,-924.300048828125,30.9000015258789,-887.700012207031,1.88368937199353,-0.0107115108131471,0.233275554458347,DLL
46.8666666666667,-0.212938904762268,-1.54261076450348,10.1791973114014,0.846041977405548,0.274392008781433,-7.85828161239624,-914.700012207031,36.9000015258789,-880.500061035156,1.9006375449699,-0.0170140566143569,0.166126066236841,DLL
46.9,-0.33137121796608,-1.56055498123169,10.210898399353,1.60824191570282,0.0609759986400604,-4.09301376342773,-919.500061035156,40.5,-870.900024414062,1.90973813736769,-0.0282254996137324,0.152475447876476,DLL
46.9333333333333,-0.131591454148293,-1.68078172206879,9.62352180480957,1.2500079870224,0.358233988285065,-2.27897787094116,-924.300048828125,40.5,-880.500061035156,1.91593816704448,-0.0159256709571674,0.167729860516695,DLL
46.9666666666667,0.194396466016769,-1.51988124847412,8.96496677398682,1.08232402801514,1.01372599601746,-0.342989981174469,-931.500061035156,42.3000030517578,-875.700012207031,1.91710730313762,0.012540962969526,0.166388842357379,DLL
47.0,0.0173461455851793,-1.18073427677155,8.07672500610352,1.81403601169586,1.39482593536377,0.564027965068817,-907.500061035156,40.5,-866.100036621094,1.9164379842117,0.0021808470002557,0.146913082917342,DLL
47.0333333333333,-1.83988773822784,-0.794932007789612,10.9502029418945,2.34757590293884,3.20886182785034,2.02745199203491,-905.100036621094,32.7000007629395,-878.100036621094,1.9087764088291,-0.136840009345936,0.0842691709855704,DLL
47.0666666666667,-1.53363859653473,-0.190807610750198,9.70666408538818,2.96495795249939,2.62196803092957,2.54574799537659,-907.500061035156,33.3000030517578,-882.900024414062,1.89609326033579,-0.156544751832832,0.028047984059668,DLL
47.1,-0.65735912322998,-0.695042133331299,9.30770301818848,3.16313004493713,1.60061991214752,3.01068997383118,-909.900024414062,31.5000019073486,-873.300048828125,1.89411864742406,-0.0891895306293427,0.0608516971192711,DLL
47.1333333333333,-1.72025918960571,-0.114245310425758,11.2438917160034,2.81251788139343,1.2347639799118,1.89787793159485,-917.100036621094,35.1000022888184,-880.500061035156,1.88491552115881,-0.143194045263352,0.0142858121812313,DLL
47.1666666666667,-1.32608294487,-0.18482618033886,9.53439903259277,3.66618180274963,0.640248000621796,2.24848985671997,-897.900024414062,29.1000003814697,-880.500061035156,1.88054606892764,-0.140030666990916,0.0127623257579463,DLL
47.2,-1.39666378498077,0.30325847864151,8.97214412689209,2.82013988494873,-1.10518991947174,0.99848198890686,-890.700012207031,32.1000022888184,-894.900024414062,1.87288578534788,-0.150329340668798,-0.0302713702497515,DLL
47.2333333333333,-1.38290655612946,0.47851437330246,8.94403171539307,0.365855991840363,-3.64331603050232,0.67835795879364,-909.900024414062,29.7000007629395,-882.900024414062,1.86881558192849,-0.147422117461788,-0.0499433293704423,DLL
47.2666666666667,-1.22918379306793,0.311034351587296,9.52542686462402,-1.11281192302704,-5.0152759552002,0.381099998950958,-907.500061035156,30.9000015258789,-882.900024414062,1.8701754844172,-0.124179487374202,-0.0339621094426749,DLL
47.3,0.361278355121613,-0.312230616807938,9.5385856628418,-2.33995389938354,-4.93143367767334,-1.06708002090454,-919.500061035156,29.1000003814697,-892.500061035156,1.87568472360632,0.0158608994492061,0.024184781111372,DLL
47.3333333333333,0.909177303314209,-0.144750595092773,9.48834228515625,-1.76068198680878,-5.0000319480896,-1.6615959405899,-926.700012207031,39.9000015258789,-885.300048828125,1.87970699096887,0.0864564179108468,0.019388298327076,DLL
47.3666666666667,2.00736784934998,-0.976169347763062,9.05169773101807,-1.76830399036407,-4.25307607650757,-2.5000159740448,-936.300048828125,24.3000011444092,-890.100036621094,1.87527955732629,0.196809914488795,0.0913176839824942,DLL
47.4,1.04734838008881,-0.739902853965759,10.8377523422241,-0.556405961513519,-1.11281192302704,-2.90398192405701,-941.100036621094,34.5,-885.300048828125,1.88519380482641,0.116038919933577,0.0725022003172022,DLL
47.4333333333333,0.842783451080322,-0.973178625106812,10.0960550308228,-0.0838419944047928,1.02134799957275,-2.30946588516235,-945.900024414062,29.7000007629395,-885.300048828125,1.88920710535246,0.0872801178117588,0.0919339761474679,DLL
47.4666666666667,1.11493849754333,-0.96659904718399,9.21140193939209,-0.46494197845459,2.24848985671997,-2.31708788871765,-938.700012207031,38.1000022888184,-902.100036621094,1.89440151514771,0.111111131075002,0.102581392619393,DLL
47.5,0.845774173736572,-0.53533798456192,9.32923603057861,-0.259148001670837,2.28659987449646,-2.29422187805176,-941.100036621094,35.1000022888184,-906.900024414062,1.90379682753896,0.0915578478555824,0.066460680505586,DLL
47.5333333333333,0.692051410675049,-0.96958976984024,8.692214012146,-0.175305992364883,2.01220798492432,-1.85976791381836,-929.100036621094,34.5,-887.700012207031,1.9056437151613,0.0785973037918432,0.103129770893549,DLL
47.5666666666667,0.731528878211975,-1.33684957027435,8.96676158905029,-0.92988395690918,2.00458598136902,-2.20275783538818,-926.700012207031,39.3000030517578,-890.100036621094,1.90851242138493,0.0777610235108617,0.139975388891582,DLL
47.6,0.806894838809967,-1.12929391860962,8.560622215271,0.411587983369827,2.14178204536438,-2.42379593849182,-921.900024414062,31.5000019073486,-887.700012207031,1.91526618853461,0.0875644350284231,0.132050032968509,DLL
47.6333333333333,-0.855344474315643,-0.898410737514496,10.3801727294922,2.33233189582825,2.62196803092957,-2.24848985671997,-909.900024414062,33.3000030517578,-875.700012207031,1.92171660979727,-0.0509486076823208,0.0924234295202865,DLL
47.6666666666667,-0.939682602882385,-0.681284844875336,9.49970626831055,1.95123195648193,1.57013201713562,-1.61586391925812,-929.100036621094,31.5000019073486,-882.900024414062,1.92489121954738,-0.0919427692356549,0.0727251459408305,DLL
47.7,-1.3159145116806,-0.335558205842972,9.82868576049805,0.853663980960846,0.3125019967556,-0.647870004177094,-919.500061035156,34.5,-880.500061035156,1.92317289962595,-0.125140412197567,0.0408556481698696,DLL
47.7333333333333,-0.945664048194885,-0.823044717311859,10.042820930481,-0.419209986925125,-0.800309956073761,0.282013982534409,-926.700012207031,42.3000030517578,-873.300048828125,1.92602897626625,-0.0988669691171668,0.074078541853129,ST
47.7666666666667,-0.0352904349565506,-1.20166921615601,9.0373420715332,-1.73019397258759,-0.914639949798584,0.167683988809586,-919.500061035156,31.5000019073486,-885.300048828125,1.92814287541627,-0.021835114426926,0.122898049499074,ST
47.8,-0.0239257179200649,-1.68377244472504,9.30830097198486,-1.35671591758728,0.167683988809586,0.114329993724823,-914.700012207031,40.5,-882.900024414062,1.92855983884699,-0.0066878301838065,0.16954128932289,ST
47.8333333333333,0.101086162030697,-1.71487593650818,9.37708759307861,-0.960371971130371,0.449698001146317,-0.205793991684914,-921.900024414062,38.1000022888184,-878.100036621094,1.92920714828954,0.0065508552328519,0.179933140883182,ST
47.8666666666667,-1.12929391860962,-1.33326065540314,9.73238468170166,0.518296003341675,0.891773998737335,0.602137982845306,-917.100036621094,39.3000030517578,-882.900024414062,1.92662132907071,-0.0928714484501437,0.14378287056273,ST
47.9,-1.61139714717865,-1.60421943664551,9.86696624755859,0.754577994346619,1.69970595836639,1.21189796924591,-921.900024414062,35.1000022888184,-887.700012207031,1.92619348131834,-0.148925700871214,0.156420523098453,ST
47.9333333333333,-0.797922730445862,-1.77050316333771,10.4190521240234,0.663114011287689,1.95123195648193,0.777444005012512,-914.700012207031,27.3000011444092,-880.500061035156,1.92636582726969,-0.0930600583322398,0.164950507341793,ST
47.9666666666667,-1.3559901714325,-1.13108837604523,10.3580417633057,1.31098401546478,1.35671591758728,0.990859985351562,-900.300048828125,42.3000030517578,-880.500061035156,1.91930489042566,-0.125886646086355,0.115582072347836,ST
48.0,-0.820053994655609,-1.29557764530182,9.33342266082764,1.31098401546478,0.0838419944047928,1.81403601169586,-902.700012207031,34.5,-885.300048828125,1.91727935189068,-0.0951251639888528,0.13135407154296,ST
48.0333333333333,-0.24882747232914,-1.24294114112854,8.50200462341309,1.37195992469788,-0.663114011287689,1.48628997802734,-907.500061035156,33.9000015258789,-882.900024414062,1.91442130725513,-0.0408769611361836,0.140489122752447,ST
48.0666666666667,-0.473729223012924,-1.25968909263611,8.33153343200684,1.84452390670776,-0.548784017562866,1.28811800479889,-900.300048828125,42.9000015258789,-885.300048828125,1.91173712446365,-0.0525835961106704,0.145466614946955,ST
48.1,-1.04675018787384,-1.17834162712097,8.91113376617432,1.89787793159485,-0.320124000310898,0.579271972179413,-900.300048828125,35.7000007629395,-875.700012207031,1.90947417698537,-0.104281106116005,0.131183772651808,ST
48.1333333333333,-1.27763342857361,-1.11194777488708,9.55473613739014,1.46342396736145,-0.518296003341675,0.518296003341675,-912.300048828125,35.1000022888184,-882.900024414062,1.90677982465111,-0.126446814548804,0.116400987854126,ST
48.1666666666667,-0.860129594802856,-0.97258049249649,10.2599468231201,1.96647596359253,-0.952749967575073,1.2500079870224,-914.700012207031,31.5000019073486,-890.100036621094,1.90197920628258,-0.0908280705190782,0.0959746329040277,ST
48.2,-0.458177506923676,-1.04734838008881,10.8790245056152,2.62959003448486,-1.48628997802734,1.72257196903229,-900.300048828125,33.9000015258789,-878.100036621094,1.89787533842498,-0.0499185157032466,0.0921501330630558,ST
48.2333333333333,-0.314623206853867,-0.723154842853546,9.61993312835693,2.41617393493652,-1.29574000835419,1.34147191047668,-914.700012207031,24.9000015258789,-885.300048828125,1.89395926296699,-0.0342128674061325,0.0747796813223689,ST
48.2666666666667,0.053234726190567,-0.902597725391388,9.12526893615723,1.47866797447205,-0.952749967575073,2.12653803825378,-909.900024414062,29.7000007629395,-894.900024414062,1.8892548862047,-0.0011917088072073,0.0916986933591905,ST
48.3,0.983945190906525,-0.479710668325424,8.93864822387695,1.22714197635651,-2.05031800270081,1.89025592803955,-912.300048828125,39.9000015258789,-880.500061035156,1.88584721716551,0.0898118998977706,0.0598172504127945,ST
48.3333333333333,0.713584542274475,-0.195592746138573,8.50858402252197,3.12502002716064,-0.701223969459534,2.60672402381897,-921.900024414062,32.1000022888184,-887.700012207031,1.88210084569646,0.0857372444285804,0.0263631355935829,ST
48.3666666666667,0.084936298429966,-0.212340757250786,9.78083419799805,3.06404399871826,0.25152599811554,2.71343183517456,-914.700012207031,24.9000015258789,-892.500061035156,1.87590957518062,0.023775948672212,0.0185471479738612,ST
48.4,-0.557469248771667,0.74050098657608,9.1450080871582,2.4847719669342,-0.175305992364883,2.36281991004944,-919.500061035156,27.9000015258789,-890.100036621094,1.86908754924514,-0.0461048039144705,-0.0677607000095359,ST
48.4333333333333,-0.0705808699131012,0.250621914863586,9.83825588226318,0.487807989120483,0.137196004390717,2.72105383872986,-917.100036621094,23.7000007629395,-890.100036621094,1.86348899859416,-0.0141419505693762,-0.0338047219514667,ST
48.4666666666667,-0.677695989608765,0.35410064458847,9.2879638671875,0.442075997591019,0.274392008781433,1.83690190315247,-905.100036621094,26.1000003814697,-887.700012207031,1.8591199416212,-0.0612525841495192,-0.0379737792343425,ST
48.5,-1.36316788196564,0.461168229579926,10.4220428466797,0.899396002292633,1.15854394435883,1.37958192825317,-926.700012207031,29.7000007629395,-882.900024414062,1.85545623392884,-0.117615179512728,-0.0444135029222545,ST
48.5333333333333,-0.856540739536285,0.753660142421722,9.92378997802734,1.14329993724823,0.0457319989800453,0.983237981796265,-905.100036621094,26.7000007629395,-875.700012207031,1.85047549708477,-0.0915052761043712,-0.071994807391606,ST
48.5666666666667,-0.721958577632904,0.57361912727356,9.27719783782959,0.213415995240211,-0.541162014007568,0.335367977619171,-905.100036621094,21.9000015258789,-897.300048828125,1.85047183118356,-0.0790471793847488,-0.0638153828811439,ST
48.6,-0.286510497331619,0.434849947690964,9.05947303771973,-0.769822001457214,-0.0533539988100529,0.403965979814529,-907.500061035156,22.5,-894.900024414062,1.85022230197531,-0.0399440217009825,-0.0497166561064375,ST
48.6333333333333,-0.270958751440048,0.367857933044434,8.56361293792725,-0.861285984516144,0.266770005226135,-0.137196004390717,-905.100036621094,23.7000007629395,-880.500061035156,1.85069000898931,-0.0335697432539479,-0.0429929238678018,ST
48.6666666666667,-1.23097825050354,-0.0687864422798157,9.50688457489014,-0.510673999786377,1.49391198158264,-0.221037998795509,-914.700012207031,27.9000015258789,-894.900024414062,1.85399305934025,-0.111648437630906,-0.002250374853216,ST
48.7,-1.01145970821381,-0.141759887337685,10.5667934417725,-0.967993974685669,0.396344006061554,-0.46494197845459,-902.700012207031,27.9000015258789,-897.300048828125,1.85629344080725,-0.0992412725729688,0.0116779478049087,ST
48.7333333333333,-0.709995687007904,-0.437840640544891,9.66957950592041,-1.05183601379395,-0.160062000155449,-0.739333987236023,-897.900024414062,29.7000007629395,-892.500061035156,1.86027852985544,-0.0782191618340349,0.0400453091340545,ST
48.7666666666667,-0.62147057056427,-0.596348524093628,9.87833118438721,-1.20427596569061,0.403965979814529,-1.28811800479889,-895.500061035156,27.9000015258789,-892.500061035156,1.864377066231,-0.0663126494100211,0.0580231999235208,ST
48.8,-0.641209244728088,-0.695042133331299,10.3712005615234,-0.87652999162674,0.282013982534409,-0.861285984516144,-905.100036621094,23.1000003814697,-880.500061035156,1.86680524700078,-0.0628737822374174,0.0664241640439713,ST
48.8333333333333,-0.32538977265358,-0.625657558441162,8.95659255981445,-0.731711983680725,-0.0914639979600906,-0.426831990480423,-907.500061035156,31.5000019073486,-878.100036621094,1.86787511963434,-0.0414288103008576,0.0701214045784906,ST
48.8666666666667,-0.383409649133682,-0.509019672870636,8.37639427185059,-0.609759986400604,0.213415995240211,0.129574000835419,-888.300048828125,36.9000015258789,-887.700012207031,1.86724599359045,-0.0451681132602352,0.063337939999336,ST
48.9,-0.439036935567856,-0.330174922943115,9.38067626953125,-0.46494197845459,-0.274392008781433,0.198172003030777,-897.900024414062,26.7000007629395,-880.500061035156,1.86571230630923,-0.0460581566260106,0.0414910961256278,ST
48.9333333333333,-0.423485219478607,-0.754856407642365,8.77176666259766,-0.388722002506256,-0.403965979814529,0.716467976570129,-893.100036621094,24.3000011444092,-870.900024414062,1.86564278923592,-0.047172109235624,0.0773961263291848,ST
48.9666666666667,-0.646592557430267,-1.23337078094482,9.52961349487305,-1.28049600124359,-0.0381099991500378,-0.160062000155449,-897.900024414062,30.9000015258789,-885.300048828125,1.86824011620791,-0.0633240228420873,0.120778918030219,ST
49.0,-1.46963727474213,-1.17654716968536,10.968147277832,-0.861285984516144,0.213415995240211,-0.0152439996600151,-902.700012207031,32.7000007629395,-873.300048828125,1.86725128565975,-0.118807852616266,0.110896645057963,ST
49.0333333333333,-0.99889874458313,-1.42657101154327,10.7743492126465,-0.403965979814529,0.282013982534409,0.419209986925125,-895.500061035156,30.3000011444092,-875.700012207031,1.86811862833363,-0.0975912006319869,0.127975704354698,ST
49.0666666666667,-0.494664251804352,-1.34761607646942,10.0930643081665,-0.236281991004944,-0.358233988285065,-0.0609759986400604,-905.100036621094,37.5,-875.700012207031,1.86843253955774,-0.0573405042873301,0.132170913016334,ST
49.1,-1.06290006637573,-1.49176859855652,10.1271591186523,-0.0304879993200302,-1.12043392658234,0.37347799539566,-902.700012207031,23.1000003814697,-890.100036621094,1.8680425054317,-0.0932165552215816,0.143553770562172,ST
49.1333333333333,-0.644199967384338,-0.888840436935425,9.26164531707764,0.0457319989800453,-1.08994603157043,-0.0228659994900227,-900.300048828125,30.3000011444092,-875.700012207031,1.86448579880188,-0.071609033208963,0.103617992353963,ST
49.1666666666667,-0.748875021934509,-1.11015331745148,8.61266040802002,1.34147191047668,-0.327746003866196,0.411587983369827,-907.500061035156,29.1000003814697,-875.700012207031,1.86506442293701,-0.0827369560733327,0.121313763867251,ST
49.2,-1.14664006233215,-1.29019439220428,8.9236946105957,1.14329993724823,0.282013982534409,0.46494197845459,-900.300048828125,32.1000022888184,-870.900024414062,1.86596978099648,-0.118153021389198,0.137420049119407,ST
49.2333333333333,-1.18731379508972,-0.818857729434967,9.92797660827637,0.724089980125427,-0.510673999786377,1.08232402801514,-900.300048828125,40.5,-885.300048828125,1.85824354114454,-0.118021302923827,0.0922027593560407,ST
49.2666666666667,-0.647788822650909,-0.804502308368683,9.25267314910889,0.693601965904236,-1.42531394958496,1.36433792114258,-895.500061035156,37.5,-880.500061035156,1.85403272987661,-0.0753448513863568,0.0863770650269188,ST
49.3,-0.940878868103027,-0.693845868110657,9.07861423492432,1.53202199935913,0.160062000155449,1.41769194602966,-914.700012207031,28.5000019073486,-892.500061035156,1.85022593209188,-0.0977849552017687,0.0760037328235505,ST
49.3333333333333,-1.38769173622131,-0.506627082824707,9.74434757232666,1.38720393180847,1.06708002090454,0.685979962348938,-895.500061035156,32.7000007629395,-892.500061035156,1.84665860381004,-0.134589772247478,0.054458567084452,ST
49.3666666666667,-0.66334056854248,-0.224303618073463,8.01511573791504,0.663114011287689,-0.967993974685669,1.16616594791412,-907.500061035156,31.5000019073486,-902.100036621094,1.84133701715345,-0.09051468304122,0.0315492061264236,ST
49.4,-0.771604418754578,-0.331969350576401,8.43321800231934,0.457319974899292,-0.167683988809586,1.11281192302704,-907.500061035156,27.3000011444092,-885.300048828125,1.8393603916543,-0.0908608912289699,0.0369945000067023,ST
49.4333333333333,-1.17475283145905,-0.119628593325615,10.3054056167603,1.37958192825317,1.21951997280121,1.12805593013763,-890.700012207031,31.5000019073486,-892.500061035156,1.83461391075645,-0.111509097371081,0.0136993838723116,ST
49.4666666666667,-1.24353921413422,0.0227294322103262,10.0464096069336,1.53964400291443,0.640248000621796,0.0762199983000755,-909.900024414062,29.7000007629395,-894.900024414062,1.8331086078319,-0.121850728827455,-0.0014210064901529,ST
49.5,-0.635825991630554,-0.269164323806763,10.5117645263672,0.228659987449646,-0.78506600856781,-1.08232402801514,-893.100036621094,29.7000007629395,-897.300048828125,1.83798303529983,-0.0695564186477215,0.0208817886174697,ST
49.5333333333333,1.22918379306793,-0.848166704177856,8.91591930389404,-1.22714197635651,-2.60672402381897,-2.63721203804016,-912.300048828125,38.7000007629395,-899.700012207031,1.8429994834135,0.100900383169369,0.08217640150306,ST
49.5666666666667,0.214733332395554,-0.294884473085403,10.4686985015869,-0.0304879993200302,-1.84452390670776,-4.68753004074097,-914.700012207031,26.1000003814697,-875.700012207031,1.85689671656682,0.0387502852889682,0.0380660051911555,ST
49.6,0.985141456127167,-0.625657558441162,9.08220291137695,0.853663980960846,-1.74543797969818,-3.76526784896851,-914.700012207031,26.1000003814697,-885.300048828125,1.86365919536236,0.0965644706574412,0.0609701157628015,ST
49.6333333333333,0.708799421787262,-0.506028950214386,7.89608526229858,1.08994603157043,-1.12805593013763,-3.26221585273743,-914.700012207031,30.9000015258789,-880.500061035156,1.87068329490543,0.0926473707629644,0.061451465363749,ST
49.6666666666667,0.511412262916565,-0.428868502378464,8.405104637146,0.632625997066498,-0.0304879993200302,-4.03203773498535,-921.900024414062,27.9000015258789,-899.700012207031,1.88171812822466,0.066099053666611,0.0512617748724194,ST
49.7,-0.760837852954865,-0.0921140164136887,8.30043029785156,1.02897000312805,0.419209986925125,-2.77440786361694,-912.300048828125,30.3000011444092,-885.300048828125,1.88823446691787,-0.060006650378471,0.0179051228594609,ST
49.7333333333333,-2.10008001327515,-0.0777585878968239,10.0266704559326,1.21951997280121,3.12502002716064,-0.914639949798584,-921.900024414062,35.1000022888184,-887.700012207031,1.88960394562548,-0.181173771084574,0.008305660764637,ST
49.7666666666667,-2.54689288139343,-0.120824880897999,12.9025421142578,0.640248000621796,2.68294382095337,0.137196004390717,-919.500061035156,41.1000022888184,-897.300048828125,1.88960524228129,-0.195858805596529,0.0082263565835688,ST
49.8,-2.48348951339722,0.215929612517357,12.9922637939453,0.510673999786377,0.342989981174469,0.426831990480423,-919.500061035156,31.5000019073486,-902.100036621094,1.88489265883331,-0.190744933180639,-0.0124475798360208,ST
49.8333333333333,-0.92472904920578,-0.0496458671987057,10.7372646331787,0.602137982845306,-0.358233988285065,-0.0609759986400604,-905.100036621094,37.5,-892.500061035156,1.8872298150028,-0.103002499310077,0.0009128297716089,ST
49.8666666666667,-0.406139075756073,-0.0759641602635384,9.0074348449707,0.724089980125427,-0.960371971130371,-0.556405961513519,-909.900024414062,30.3000011444092,-882.900024414062,1.88903250071024,-0.0553984599588408,0.0059661592084431,ST
49.9,-0.631639003753662,0.306847333908081,7.95111465454102,0.777444005012512,-0.6250039935112,-0.830797970294952,-909.900024414062,31.5000019073486,-880.500061035156,1.88871944989594,-0.0735746366111368,-0.0305841018835399,ST
49.9333333333333,0.355296939611435,-0.0155517170205712,7.39902877807617,-0.0152439996600151,-0.701223969459534,-0.495429992675781,-907.500061035156,29.1000003814697,-882.900024414062,1.89063145225333,0.0298100594491706,-0.0030453391456599,ST
49.9666666666667,-0.116637878119946,0.769810020923615,7.70348310470581,0.243903994560242,-0.693601965904236,-0.518296003341675,-912.300048828125,29.1000003814697,-882.900024414062,1.89290857887664,-0.0060787453715997,-0.0826837914272718,ST
50.0,-0.906784772872925,0.445616513490677,9.19644832611084,0.396344006061554,1.43293595314026,-0.182927995920181,-917.100036621094,30.9000015258789,-882.900024414062,1.89447254583235,-0.0857598733658156,-0.0544375185625923,ST
50.0333333333333,-1.14903259277344,0.281725347042084,11.0734205245972,-1.15854394435883,0.724089980125427,-0.78506600856781,-914.700012207031,33.9000015258789,-875.700012207031,1.89843184196625,-0.101303108559542,-0.0288567090843351,ST
50.0666666666667,-0.930112302303314,-0.339147061109543,11.0225782394409,-2.52288198471069,-0.83841997385025,-1.06708002090454,-917.100036621094,36.9000015258789,-875.700012207031,1.90538777006992,-0.0860190461757154,0.0238731257148697,ST
50.1,-0.226098045706749,-0.800315320491791,10.780330657959,-3.43752193450928,-0.594515979290009,-3.15550804138184,-909.900024414062,33.9000015258789,-887.700012207031,1.91523764321359,-0.0314673823210684,0.0702853928272181,ST
50.1333333333333,-0.300267785787582,-1.07007777690887,10.246787071228,-2.25611186027527,-0.434453994035721,-3.22410583496094,-917.100036621094,31.5000019073486,-878.100036621094,1.92398395506793,-0.0284732864007336,0.101792037521881,ST
50.1666666666667,0.0239257179200649,-0.996506214141846,8.15149211883545,-0.708845973014832,0.571649968624115,-3.61282801628113,-929.100036621094,38.1000022888184,-880.500061035156,1.93264043508365,-0.0036453099514059,0.118690135607069,ST
50.2,-0.424083352088928,-0.79373574256897,7.21121168136597,0.487807989120483,0.960371971130371,-2.63721203804016,-931.500061035156,44.1000022888184,-885.300048828125,1.93875408319296,-0.0482626322330721,0.110910095407899,ST
50.2333333333333,-1.04854464530945,-1.02342259883881,8.58993148803711,0.236281991004944,0.571649968624115,-0.487807989120483,-924.300048828125,43.5,-873.300048828125,1.94061020889915,-0.108428103197539,0.116939861318348,ST
50.2666666666667,-1.29497957229614,-1.1717621088028,9.45723819732666,-0.152439996600151,1.33385002613068,-0.602137982845306,-929.100036621094,45.9000015258789,-880.500061035156,1.94306882508872,-0.13210210709606,0.122494127278861,ST
50.3,-1.16817319393158,-1.70111858844757,11.1822824478149,-0.777444005012512,0.388722002506256,-0.830797970294952,-921.900024414062,43.5,-873.300048828125,1.94773978942881,-0.109186077844483,0.146470555608468,ST
50.3333333333333,-0.656162858009338,-1.46245956420898,10.5859346389771,-0.365855991840363,-1.76068198680878,-0.99848198890686,-921.900024414062,35.7000007629395,-885.300048828125,1.9489313206917,-0.066100083892527,0.13935195812782,ST
50.3666666666667,-0.367857933044434,-1.68616509437561,9.47159385681152,0.350611984729767,-1.50153398513794,-0.0152439996600151,-921.900024414062,40.5,-878.100036621094,1.95003969990471,-0.0417811000688616,0.168258944568167,ST
50.4,-0.289501190185547,-1.19150078296661,9.77006721496582,0.457319974899292,-1.2347639799118,1.40244793891907,-917.100036621094,30.9000015258789,-873.300048828125,1.94508300227861,-0.0304821567178904,0.130088033712201,ST
50.4333333333333,-0.754258275032043,-1.22320234775543,9.49970626831055,0.952749967575073,-1.09756803512573,2.76678586006165,-917.100036621094,40.5,-885.300048828125,1.93779079666722,-0.0694528730952124,0.126775875920391,ST
50.4666666666667,-0.534739792346954,-1.46903908252716,9.59780216217041,0.243903994560242,-0.579271972179413,3.00306797027588,-929.100036621094,38.1000022888184,-878.100036621094,1.93164701837283,-0.057377847933598,0.146788018765422,ST
50.5,-0.877475738525391,-1.68975389003754,8.91292858123779,0.411587983369827,-0.777444005012512,3.70429182052612,-926.700012207031,39.9000015258789,-878.100036621094,1.9250859161345,-0.0888258821597503,0.178640288051829,ST
50.5333333333333,-1.24114668369293,-2.08452820777893,9.38247108459473,0.602137982845306,1.35671591758728,3.43752193450928,-917.100036621094,39.9000015258789,-880.500061035156,1.92133450002463,-0.123264386043547,0.209213049347903,ST
50.5666666666667,-1.57371413707733,-1.47023546695709,9.86218166351318,1.11281192302704,1.02897000312805,2.69056582450867,-921.900024414062,35.1000022888184,-880.500061035156,1.90881379322997,-0.152374889020539,0.157564129386713,ST
50.6,-1.50911474227905,-1.49954438209534,9.13723182678223,2.09605002403259,0.0304879993200302,4.27594184875488,-929.100036621094,36.9000015258789,-875.700012207031,1.89946006724921,-0.160929973047495,0.157780970339769,ST
50.6333333333333,-1.84885990619659,-1.07247030735016,8.97573375701904,3.27745985984802,0.358233988285065,4.00917196273804,-917.100036621094,42.9000015258789,-882.900024414062,1.88542061020562,-0.194788974911271,0.121200326919601,ST
50.6666666666667,-2.13656663894653,-0.537730515003204,10.9502029418945,3.23172783851624,-0.472563982009888,4.62655401229858,-905.100036621094,37.5,-880.500061035156,1.86411452668379,-0.192866610687494,0.0578013637218923,ST
50.7,-0.893625617027283,-0.0484495796263218,9.18149471282959,3.20123982429504,-3.85673189163208,4.99240970611572,-893.100036621094,39.9000015258789,-899.700012207031,1.84518132207243,-0.107685036987461,0.0083387653200412,ST
50.7333333333333,0.283519774675369,0.423485219478607,8.69281196594238,2.99544596672058,-4.93143367767334,4.58844375610352,-924.300048828125,32.1000022888184,-909.300048828125,1.83242513590655,0.0130436055000382,-0.0422963363040511,ST
50.7666666666667,0.892429292201996,0.335558205842972,7.42175817489624,2.79727387428284,-4.93143367767334,3.87197589874268,-933.900024414062,27.3000011444092,-880.500061035156,1.82399852456286,0.105192536333191,-0.0481256477816832,ST
50.8,0.703416109085083,0.753660142421722,9.20542049407959,1.89787793159485,-4.23783206939697,2.9268479347229,-924.300048828125,30.3000011444092,-894.900024414062,1.82029346161697,0.0880677220057271,-0.0772455076604,ST
50.8333333333333,1.01504862308502,0.846372306346893,9.75092697143555,2.20275783538818,-4.77899408340454,2.69056582450867,-921.900024414062,30.3000011444092,-902.100036621094,1.81522800078001,0.107768474151169,-0.087741989087172,ST
50.8666666666667,0.459971934556961,0.647190690040588,11.1158885955811,2.00458598136902,-5.7850980758667,2.02745199203491,-917.100036621094,27.3000011444092,-885.300048828125,1.80900235116831,0.0610448538312621,-0.0658287429701842,ST
50.9,1.29438138008118,0.664536833763123,9.35555458068848,0.266770005226135,-4.92381191253662,1.31860601902008,-943.500061035156,31.5000019073486,-897.300048828125,1.80697417723498,0.130722748066445,-0.0702284208277673,ST
50.9333333333333,1.17415463924408,0.415111213922501,10.134934425354,-0.0914639979600906,-2.89635992050171,1.41006994247437,-953.100036621094,23.7000007629395,-899.700012207031,1.80117009191246,0.122508162751308,-0.0464755952972214,ST
50.9666666666667,1.21303391456604,-0.150732025504112,9.74913215637207,-1.00610399246216,-1.79879200458527,0.846041977405548,-962.700012207031,29.1000003814697,-897.300048828125,1.7932847408809,0.126081903971085,0.0045295878809193,ST
51.0,1.08383500576019,-0.380418926477432,11.4981021881104,-2.14940404891968,-1.32622802257538,1.34909391403198,-953.100036621094,24.3000011444092,-897.300048828125,1.7877441294048,0.102223208059375,0.030548302796394,ST
51.0333333333333,1.56534016132355,0.0448607243597507,10.6343841552734,-1.80641400814056,-1.74543797969818,1.2500079870224,-960.300048828125,30.3000011444092,-899.700012207031,1.78832902253588,0.139716541572022,0.0055738360720948,ST
51.0666666666667,1.08383500576019,0.662742435932159,7.61017322540283,-1.17378795146942,0.198172003030777,4.10063600540161,-948.300048828125,28.5000019073486,-897.300048828125,1.78931850526822,0.140778257089899,-0.0657749940154738,ST
51.1,0.0089721446856856,0.201574176549911,8.95659255981445,-2.27897787094116,2.16464805603027,7.5610237121582,-941.100036621094,33.9000015258789,-899.700012207031,1.76894779881053,0.0265977558046631,-0.0272957224718088,ST
51.1333333333333,0.57361912727356,-0.241051614284515,9.00623893737793,-3.63569402694702,1.50153398513794,9.86286735534668,-938.700012207031,30.9000015258789,-892.500061035156,1.74456438199407,0.053985803708169,0.0215652331002242,ST
51.1666666666667,1.39726197719574,-0.569432079792023,7.48994636535645,-3.46800994873047,1.30336201190948,9.96195411682129,-943.500061035156,30.3000011444092,-897.300048828125,1.71595389809771,0.158037179620121,0.0728474968243247,ST
51.2,0.0454588644206524,-0.82663357257843,12.1171798706055,-1.38720393180847,3.24697184562683,8.12505149841309,-933.900024414062,24.3000011444092,-911.700012207031,1.69826507800109,0.0294967781430488,0.0718236205620164,ST
51.2333333333333,0.0484495796263218,-1.03060030937195,12.6238069534302,0.685979962348938,2.5076379776001,5.13722801208496,-933.900024414062,23.7000007629395,-906.900024414062,1.68605364896606,0.0042498942824699,0.0788439231909911,ST
51.2666666666667,1.11852741241455,-0.971384167671204,11.6907043457031,1.6615959405899,1.94360995292664,1.00610399246216,-919.500061035156,17.1000003814697,-892.500061035156,1.68391248500649,0.0739228950723067,0.0798281345171794,ST
51.3,0.874485015869141,-0.396568775177002,9.07622146606445,0.914639949798584,0.304879993200302,-2.26373386383057,-907.500061035156,24.3000011444092,-894.900024414062,1.69147693022712,0.0912882092148139,0.0494247698272642,ST
51.3333333333333,0.369054228067398,0.361876487731934,7.87933731079102,0.190549999475479,0.853663980960846,-3.29270386695862,-926.700012207031,29.1000003814697,-892.500061035156,1.70462000961847,0.0546001327887545,-0.0272509479459703,ST
51.3666666666667,0.211742609739304,0.339745193719864,8.20353126525879,0.731711983680725,2.5076379776001,-2.37044191360474,-917.100036621094,27.3000011444092,-902.100036621094,1.71032175117519,0.0279859507043875,-0.039677374955175,ST
51.4,-0.308641761541367,0.202770471572876,8.58993148803711,0.457319974899292,2.69056582450867,-1.99696397781372,-900.300048828125,30.3000011444092,-911.700012207031,1.71470223903176,-0.0268500427627159,-0.0274606287325058,ST
51.4333333333333,-0.108862020075321,0.32838049530983,7.99896574020386,-0.182927995920181,1.98171997070312,-1.73781597614288,-902.700012207031,24.3000011444092,-890.100036621094,1.71830118268453,-0.0191130182246029,-0.0379896939405711,ST
51.4666666666667,-0.625657558441162,-0.0107665732502937,9.31248760223389,-0.403965979814529,2.30184388160706,-1.60061991214752,-897.900024414062,25.5000019073486,-897.300048828125,1.72310172904534,-0.0606571731350671,-0.0060899389249632,ST
51.5,-1.25310957431793,-0.139367312192917,10.4100799560547,-0.685979962348938,1.98934197425842,-1.76068198680878,-902.700012207031,30.9000015258789,-894.900024414062,1.72844834344381,-0.11061946121352,0.0106272717956995,ST
51.5333333333333,-0.777585864067078,-0.690855145454407,10.354453086853,-1.56251001358032,1.61586391925812,-2.0655620098114,-914.700012207031,32.7000007629395,-880.500061035156,1.73754331481277,-0.0841711692799859,0.0578071983911005,ST
51.5666666666667,-0.837400138378143,-0.753062009811401,9.57686710357666,-1.71494996547699,-0.167683988809586,-2.5152599811554,-900.300048828125,35.7000007629395,-868.500061035156,1.74494378202032,-0.085959648785641,0.0775434967823378,ST
51.6,-0.579600512981415,-1.10058307647705,9.7898063659668,-2.72105383872986,-1.40244793891907,-2.39330792427063,-912.300048828125,29.1000003814697,-885.300048828125,1.7519794256028,-0.061986356049157,0.1090295289883,ST
51.6333333333333,0.107665732502937,-1.25669836997986,10.0398302078247,-2.56099200248718,-2.23324584960938,-1.65397393703461,-905.100036621094,27.9000015258789,-878.100036621094,1.75547367189671,-0.0006551934173949,0.125015057822741,ST
51.6666666666667,0.992319166660309,-1.18013608455658,9.2879638671875,-1.84452390670776,-3.26983785629272,-1.51677799224854,-926.700012207031,26.1000003814697,-897.300048828125,1.75800908687982,0.0889096604480362,0.128612738934832,ST
51.7,1.63352847099304,-1.10118126869202,7.80277490615845,-0.655492007732391,-2.46952795982361,-1.2500079870224,-917.100036621094,30.3000011444092,-882.900024414062,1.7589322374529,0.184687851571208,0.1385865397167,ST
51.7333333333333,0.973776757717133,-1.16936945915222,8.28547668457031,-0.190549999475479,-0.472563982009888,-0.975615978240967,-914.700012207031,37.5,-885.300048828125,1.76095574227423,0.129007837680256,0.140019298851909,ST
51.7666666666667,-0.426475942134857,-1.39307498931885,10.8299770355225,0.0304879993200302,1.70732796192169,-0.663114011287689,-909.900024414062,42.3000030517578,-892.500061035156,1.76357808589049,-0.0073210763324378,0.130344553460473,ST
51.8,-0.445018380880356,-1.33445692062378,10.8437337875366,-0.335367977619171,1.22714197635651,-1.02134799957275,-924.300048828125,32.7000007629395,-875.700012207031,1.76613035548292,-0.0354971649226858,0.124552039681841,ST
51.8333333333333,-1.12809765338898,-1.67360401153564,11.3671092987061,-0.182927995920181,2.0731840133667,-1.05183601379395,-929.100036621094,30.3000011444092,-878.100036621094,1.77022427750588,-0.0879550684822266,0.142192445116,ST
51.8666666666667,-1.18551933765411,-1.80639171600342,11.7080507278442,-1.01372599601746,1.98171997070312,-1.76068198680878,-921.900024414062,39.9000015258789,-878.100036621094,1.77563909507034,-0.0997309219867825,0.152568059349075,ST
51.9,-0.449803501367569,-1.81656014919281,9.82748889923096,-0.647870004177094,0.807931959629059,-1.96647596359253,-909.900024414062,40.5,-880.500061035156,1.78257450301508,-0.0554408702376366,0.178536090017918,ST
51.9333333333333,-0.0394774377346039,-1.53902184963226,7.69570732116699,-0.106707997620106,0.510673999786377,-2.43141794204712,-907.500061035156,33.3000030517578,-875.700012207031,1.78882048190346,-0.0152712897394667,0.193834675187426,ST
51.9666666666667,-0.314025074243546,-1.287801861763,6.57717990875244,1.21951997280121,0.922261953353882,-1.32622802257538,-909.900024414062,34.5,-882.900024414062,1.79224714227268,-0.0413695843788965,0.191819618102445,ST
52.0,-1.41101932525635,-1.26746499538422,8.51097679138184,1.29574000835419,1.29574000835419,-0.388722002506256,-914.700012207031,32.1000022888184,-866.100036621094,1.79057654016614,-0.139801183230364,0.155121226828139,ST
52.0333333333333,-1.20944511890411,-1.2058562040329,9.13842868804932,0.777444005012512,-0.46494197845459,0.114329993724823,-917.100036621094,34.5,-878.100036621094,1.78766983887669,-0.131733496389965,0.134894565233733,ST
52.0666666666667,-1.28899812698364,-1.09101283550262,10.916109085083,0.891773998737335,-1.48628997802734,0.907018005847931,-921.900024414062,39.9000015258789,-878.100036621094,1.78177143843147,-0.118037317470623,0.105284317423994,ST
52.1,-0.562254369258881,-1.56115317344666,11.5633001327515,1.13567793369293,-1.83690190315247,1.6692179441452,-929.100036621094,33.3000030517578,-873.300048828125,1.7796090898986,-0.0599870758826488,0.126609557775829,ST
52.1333333333333,0.366063505411148,-1.62934148311615,10.2653293609619,0.754577994346619,-2.76678586006165,0.853663980960846,-926.700012207031,38.1000022888184,-882.900024414062,1.77729351873724,0.0196293631434808,0.150148112561836,ST
52.1666666666667,0.717771589756012,-1.14544379711151,8.40989017486572,0.716467976570129,-0.884151995182037,0.221037998795509,-919.500061035156,29.1000003814697,-880.500061035156,1.77696785350719,0.0747220149553525,0.136854541878122,ST
52.2,0.317015767097473,-1.30215728282928,8.5905294418335,1.12043392658234,0.861285984516144,0.693601965904236,-933.900024414062,35.7000007629395,-885.300048828125,1.77496628851724,0.0428520676489443,0.146187844743737,ST
52.2333333333333,0.0089721446856856,-1.31172752380371,9.23831844329834,1.60061991214752,0.815553963184357,0.685979962348938,-924.300048828125,33.9000015258789,-885.300048828125,1.77357539455435,0.0062274524913658,0.139518914505809,ST
52.2666666666667,-0.515599250793457,-1.08024621009827,8.91233062744141,2.18751406669617,0.884151995182037,1.02897000312805,-909.900024414062,42.3000030517578,-873.300048828125,1.77101699071864,-0.0481673628602481,0.120581501626694,ST
52.3,-0.812876284122467,-0.939084470272064,10.2019262313843,2.11891603469849,1.02897000312805,1.48628997802734,-926.700012207031,35.1000022888184,-882.900024414062,1.76657180571102,-0.0745766363227061,0.0945202175169136,ST
52.3333333333333,-0.458177506923676,-0.602329969406128,10.7893028259277,1.98934197425842,-0.67835795879364,1.98934197425842,-912.300048828125,36.9000015258789,-902.100036621094,1.75993426541656,-0.047732067070407,0.0601317408998218,ST
52.3666666666667,0.529954671859741,-0.364867210388184,8.91352653503418,1.55488801002502,-2.43141794204712,2.18751406669617,-919.500061035156,27.9000015258789,-882.900024414062,1.7545658001463,0.0409723741398047,0.0426675129923788,ST
52.4,0.913364291191101,-0.434849947690964,9.02836990356445,1.33385002613068,-1.61586391925812,2.22562384605408,-924.300048828125,36.3000030517578,-878.100036621094,1.74822113163293,0.0935243888250162,0.0455689207783697,ST
52.4333333333333,0.522178828716278,-0.0645994395017624,10.1576642990112,2.00458598136902,-0.884151995182037,1.97409796714783,-931.500061035156,35.1000022888184,-887.700012207031,1.7458911013627,0.0610309780707545,0.0116483715960953,ST
52.4666666666667,0.91575688123703,0.157311603426933,8.584547996521,1.98171997070312,-0.83841997385025,1.40244793891907,-924.300048828125,32.7000007629395,-899.700012207031,1.74442016897882,0.0983271036324517,-0.0148570330952802,ST
52.5,-0.629246413707733,0.565843224525452,8.81782341003418,2.41617393493652,1.30336201190948,1.28049600124359,-926.700012207031,33.9000015258789,-890.100036621094,1.74235403416374,-0.0405645683498761,-0.0581121747747456,ST
52.5333333333333,-1.7423905134201,0.757847130298615,10.3389015197754,2.75916385650635,2.59910202026367,1.53964400291443,-921.900024414062,33.3000030517578,-885.300048828125,1.73727102000042,-0.147531472339679,-0.0747225324956291,ST
52.5666666666667,-0.530552804470062,0.35709136724472,8.23164367675781,0.487807989120483,0.480185985565186,0.495429992675781,-914.700012207031,26.7000007629395,-887.700012207031,1.73897413205283,-0.0798172843764381,-0.0497029310486445,ST
52.6,-1.36615860462189,0.430662930011749,10.2144870758057,-0.990859985351562,-0.114329993724823,0.480185985565186,-909.900024414062,26.1000003814697,-887.700012207031,1.73834074059063,-0.123176614884563,-0.0421517800131678,ST
52.6333333333333,-1.0455539226532,0.273351341485977,11.4532413482666,-1.13567793369293,-0.342989981174469,0.701223969459534,-929.100036621094,33.9000015258789,-885.300048828125,1.7382432283321,-0.0969846096962043,-0.026058867598643,ST
52.6666666666667,-0.435448080301285,-0.322997212409973,9.61155986785889,-0.533540010452271,-0.525918006896973,-0.67835795879364,-919.500061035156,27.3000011444092,-885.300048828125,1.74355402288103,-0.0537491000005351,0.0237901234548827,ST
52.7,0.111852735280991,-0.421690791845322,8.82918834686279,-1.98934197425842,-1.14329993724823,-1.63872992992401,-919.500061035156,31.5000019073486,-882.900024414062,1.74801865379029,0.0032496417116072,0.046629034891326,ST
52.7333333333333,0.65735912322998,-0.277538329362869,7.53062009811401,-1.98934197425842,-1.89787793159485,-2.00458598136902,-912.300048828125,31.5000019073486,-897.300048828125,1.7528044720459,0.0728651519831533,0.0414684785570645,ST
52.7666666666667,0.401952087879181,-0.730332553386688,8.54088306427002,-1.52439999580383,-0.320124000310898,-1.37958192825317,-912.300048828125,33.9000015258789,-887.700012207031,1.75382489147677,0.0526829882224415,0.0784876279684431,ST
52.8,-1.00069320201874,-0.753062009811401,11.8097352981567,-0.853663980960846,0.403965979814529,-0.411587983369827,-907.500061035156,33.3000030517578,-897.300048828125,1.75486657687268,-0.061856743003685,0.067458383881826,ST
52.8333333333333,-0.224303618073463,-0.983347058296204,11.2576484680176,-0.769822001457214,-0.46494197845459,-0.167683988809586,-914.700012207031,28.5000019073486,-892.500061035156,1.7558418357153,-0.0276539154449836,0.0842484597724803,ST
52.8666666666667,0.275145769119263,-1.49236667156219,9.40340518951416,-1.51677799224854,-0.335367977619171,-1.31098401546478,-919.500061035156,37.5,-878.100036621094,1.75924203483087,0.0200966803189964,0.147287084825216,ST
52.9,0.203368604183197,-1.20226740837097,10.8820152282715,-1.76830399036407,-0.0914639979600906,-2.04269599914551,-919.500061035156,28.5000019073486,-892.500061035156,1.76449557374486,0.0193742072091424,0.119955811122885,ST
52.9333333333333,0.532945394515991,-1.42358028888702,8.76159858703613,-0.396344006061554,-0.434453994035721,-1.92074394226074,-929.100036621094,30.9000015258789,-885.300048828125,1.76757329526384,0.0527555180986542,0.153213129565518,ST
52.9666666666667,-0.211742609739304,-1.3440272808075,9.28317928314209,0.0685980021953583,0.937505960464478,-1.94360995292664,-917.100036621094,30.9000015258789,-882.900024414062,1.77263112305496,-0.0091740984830095,0.145456769035019,ST
53.0,-1.1436493396759,-1.21901535987854,9.5445671081543,0.853663980960846,1.21951997280121,-0.983237981796265,-914.700012207031,35.7000007629395,-882.900024414062,1.77451676353966,-0.097784931932086,0.129709001299229,ST
53.0333333333333,-1.6903520822525,-1.35718643665314,11.1840772628784,0.937505960464478,2.19513607025146,-0.114329993724823,-902.700012207031,33.3000030517578,-878.100036621094,1.77471746068081,-0.143488829216734,0.120980398753893,ST
53.0666666666667,0.188415035605431,-1.0916109085083,8.98889255523682,-0.777444005012512,-0.342989981174469,-0.350611984729767,-919.500061035156,36.9000015258789,-882.900024414062,1.77535748751104,-0.011916590973426,0.121994323377948,ST
53.1,-0.225499898195267,-1.40623414516449,8.02827453613281,0.0228659994900227,-1.32622802257538,0.327746003866196,-912.300048828125,38.1000022888184,-875.700012207031,1.77484115931852,-0.0230460389307321,0.164168162654997,ST
53.1333333333333,-0.690855145454407,-1.87637448310852,8.22326946258545,-0.663114011287689,0.701223969459534,-0.304879993200302,-926.700012207031,42.3000030517578,-880.500061035156,1.77805929523176,-0.0707781003638928,0.213121908609431,ST
53.1666666666667,-1.15082705020905,-1.96250712871552,10.0643539428711,-0.78506600856781,1.14329993724823,-0.967993974685669,-921.900024414062,40.5,-878.100036621094,1.7792840249617,-0.104800180965528,0.197986637803529,ST
53.2,-0.0789548754692078,-1.50074076652527,9.7718620300293,-0.548784017562866,-1.83690190315247,-0.548784017562866,-926.700012207031,36.3000030517578,-885.300048828125,1.77737541375435,-0.0237053231439183,0.161819293857505,ST
53.2333333333333,0.278734624385834,-1.96370339393616,7.91283321380615,0.487807989120483,-2.62196803092957,0.548784017562866,-917.100036621094,39.3000030517578,-882.900024414062,1.77490371415246,0.0258890478314772,0.226149644263942,ST
53.2666666666667,-1.03777801990509,-1.78725123405457,9.20003700256348,1.00610399246216,0.0685980021953583,0.99848198890686,-924.300048828125,36.9000015258789,-906.900024414062,1.77171503989456,-0.0863592946751,0.196576681282022,ST
53.3,-0.889438569545746,-1.45229113101959,11.2941360473633,0.701223969459534,-0.304879993200302,1.85214591026306,-917.100036621094,41.1000022888184,-880.500061035156,1.76288982759734,-0.0796744720333063,0.140519527479107,ST
53.3333333333333,0.640611112117767,-1.38948607444763,9.07263278961182,0.6250039935112,-3.09453201293945,2.66770005226135,-921.900024414062,39.9000015258789,-880.500061035156,1.75528862096663,0.0484124113850773,0.149208371660723,ST
53.3666666666667,1.09101283550262,-1.52885341644287,7.74535322189331,1.04421401023865,-2.0655620098114,3.71191382408142,-921.900024414062,35.7000007629395,-875.700012207031,1.74217946332464,0.123427699855367,0.185763042899582,ST
53.4,-0.576011657714844,-1.08144247531891,10.7360677719116,2.18751406669617,0.480185985565186,3.60520601272583,-924.300048828125,39.9000015258789,-875.700012207031,1.73676573281207,-0.0250347536262082,0.111728691035949,ST
53.4333333333333,-0.342735916376114,-0.910971760749817,10.7187223434448,2.12653803825378,-0.0381099991500378,3.33843588829041,-929.100036621094,37.5,-878.100036621094,1.72831243350875,-0.0309533160154703,0.0867477918684834,ST
53.4666666666667,0.208751901984215,-0.729734420776367,9.07143592834473,1.99696397781372,-0.419209986925125,3.06404399871826,-912.300048828125,30.3000011444092,-885.300048828125,1.72073490598774,0.0135620044652789,0.0785628905918762,ST
53.5,0.0747678726911545,-0.859531462192535,9.70905685424805,1.41006994247437,0.990859985351562,1.93598794937134,-909.900024414062,32.1000022888184,-885.300048828125,1.71585826148159,0.006910333410539,0.0847165122998854,ST
53.5333333333333,-0.47552365064621,-0.55567479133606,10.2318334579468,1.71494996547699,0.87652999162674,0.99848198890686,-919.500061035156,30.3000011444092,-887.700012207031,1.71336389617602,-0.0369516231620156,0.0579825511052456,ST
53.5666666666667,-0.715977132320404,-0.327184200286865,9.66240119934082,2.01220798492432,1.265251994133,0.304879993200302,-917.100036621094,30.3000011444092,-880.500061035156,1.7117908173074,-0.0695758934359202,0.0349596105951481,ST
53.6,-0.316417634487152,-0.471934795379639,9.63847541809082,1.08232402801514,-0.167683988809586,0.868907988071442,-907.500061035156,35.7000007629395,-870.900024414062,1.71028275872599,-0.0387619164934728,0.0449525980968144,ST
53.6333333333333,0.270958751440048,-0.497654944658279,9.76229190826416,0.0304879993200302,-1.6920839548111,0.762199997901917,-900.300048828125,31.5000019073486,-899.700012207031,1.70839758766475,0.0166143447861661,0.0496850451165251,ST
53.6666666666667,0.894821882247925,-0.715378999710083,9.74853420257568,-0.899396002292633,-2.67532205581665,0.160062000155449,-914.700012207031,32.7000007629395,-882.900024414062,1.70675000481825,0.0808643238237114,0.0700679746987758,ST
53.7,1.45528185367584,-0.963010191917419,8.09825801849365,-0.304879993200302,-1.60061991214752,-0.472563982009888,-917.100036621094,26.7000007629395,-890.100036621094,1.70273485096982,0.162874958463524,0.110546395982548,ST
53.7333333333333,0.334361910820007,-0.881064593791962,8.79030895233154,0.746955990791321,0.739333987236023,-1.14329993724823,-926.700012207031,29.1000003814697,-899.700012207031,1.70659051035015,0.0592940583504698,0.100594858880515,ST
53.7666666666667,-0.330174922943115,-0.561058104038239,10.7707605361938,0.884151995182037,0.495429992675781,-0.647870004177094,-919.500061035156,35.1000022888184,-904.500061035156,1.70904685264517,-0.0130961237446244,0.0606051153254223,ST
53.8,-1.23935222625732,-0.324193477630615,11.6308898925781,2.22562384605408,-0.396344006061554,0.403965979814529,-926.700012207031,32.7000007629395,-904.500061035156,1.70686771079939,-0.0868265623791603,0.0313655858475282,ST
53.8333333333333,-1.46066510677338,-0.0322997197508812,10.8556966781616,3.94819593429565,1.73019397258759,0.594515979290009,-912.300048828125,31.5000019073486,-897.300048828125,1.70335859622449,-0.128398951696764,0.0019201878796247,ST
53.8666666666667,-1.81237316131592,0.462962657213211,10.0846900939941,4.03965997695923,2.96495795249939,0.335367977619171,-919.500061035156,30.3000011444092,-882.900024414062,1.69719798628173,-0.172479115819207,-0.0425686131369339,ST
53.9,-1.07007777690887,0.277538329362869,8.96616268157959,1.00610399246216,0.769822001457214,-0.175305992364883,-905.100036621094,25.5000019073486,-894.900024414062,1.69907677982957,-0.130643699193177,-0.03464696431009,ST
53.9333333333333,0.323595345020294,-0.156115308403969,7.02818012237549,-1.82927989959717,-1.31098401546478,-0.617381989955902,-907.500061035156,32.7000007629395,-885.300048828125,1.7032519312864,0.019958625144661,0.0159239204382932,ST
53.9666666666667,-0.099889874458313,-0.297277063131332,7.64606142044067,-2.67532205581665,-1.74543797969818,-1.32622802257538,-905.100036621094,24.9000015258789,-887.700012207031,1.70607140761553,-0.0039092262839085,0.0379571628383999,ST
54.0,-0.259594053030014,-0.70461243391037,8.38536643981934,-2.5000159740448,-0.396344006061554,-0.769822001457214,-907.500061035156,35.1000022888184,-902.100036621094,1.70852927779937,-0.0259384885974794,0.0802927752632725,ST
54.0333333333333,-0.364269077777863,-0.739902853965759,10.2336282730103,-2.10367202758789,-0.983237981796265,-0.228659987449646,-917.100036621094,27.3000011444092,-878.100036621094,1.7086417142874,-0.0323525822971748,0.0766481721176251,ST
54.0666666666667,-0.0460570082068443,-1.41042113304138,10.4423799514771,-2.78202986717224,-2.24086785316467,-0.0152439996600151,-929.100036621094,32.7000007629395,-880.500061035156,1.70900747631089,-0.0069185281802102,0.126513698427596,ST
54.1,-0.780576586723328,-1.46126329898834,12.2822675704956,-2.88111591339111,-2.83538389205933,-0.0381099991500378,-921.900024414062,38.1000022888184,-899.700012207031,1.70803019080047,-0.0477900928386358,0.124058547635397,ST
54.1333333333333,-0.806296706199646,-1.61378967761993,11.1152906417847,-1.13567793369293,-2.44666194915771,0.609759986400604,-931.500061035156,34.5,-882.900024414062,1.70667275487371,-0.0638249919222934,0.141884172195871,ST
54.1666666666667,-0.190209463238716,-2.07196736335754,8.9476203918457,-0.160062000155449,-1.41769194602966,0.266770005226135,-931.500061035156,36.9000015258789,-911.700012207031,1.70859456393437,-0.0265419157261379,0.212455255438033,ST
54.2,0.0322997197508812,-0.846970438957214,10.3323221206665,0.388722002506256,-2.65245604515076,0.0152439996600151,-948.300048828125,35.7000007629395,-887.700012207031,1.70620390717565,0.0015414973735825,0.104583948839803,ST
54.2333333333333,0.851157426834106,-0.483299523591995,7.37450456619263,0.800309956073761,-3.85673189163208,1.11281192302704,-938.700012207031,35.7000007629395,-892.500061035156,1.70424945148702,0.0998180299076563,0.071497803882298,ST
54.2666666666667,0.812876284122467,-1.1095552444458,9.26942157745361,0.518296003341675,0.92988395690918,1.56251001358032,-948.300048828125,37.5,-902.100036621094,1.69693581220148,0.0876382492985811,0.110089508900922,ST
54.3,0.722556710243225,-1.54859220981598,9.72101974487305,-0.350611984729767,1.44055795669556,0.487807989120483,-931.500061035156,37.5,-885.300048828125,1.69306741891801,0.0737090899369699,0.14996738987672,NLL
54.3333333333333,1.0916109085083,-1.61917304992676,9.15637302398682,-0.533540010452271,0.769822001457214,-0.358233988285065,-926.700012207031,35.7000007629395,-890.100036621094,1.69241504448834,0.108146672596698,0.171234765226073,NLL
54.3666666666667,1.21482837200165,-2.03727507591248,8.66649341583252,-0.556405961513519,0.297257989645004,-1.07470202445984,-924.300048828125,41.1000022888184,-887.700012207031,1.68937162243652,0.13092085288951,0.221439541726132,NLL
54.4,-0.880466461181641,-1.80579364299774,9.60617637634277,-0.144817993044853,1.86738991737366,-0.396344006061554,-924.300048828125,36.9000015258789,-902.100036621094,1.69354936717776,-0.0905478411815905,0.186584446834493,NLL
54.4333333333333,-2.84297347068787,-0.482701390981674,9.20542049407959,0.777444005012512,0.0228659994900227,3.47563195228577,-917.100036621094,38.7000007629395,-882.900024414062,1.66716826946262,-0.257797178119411,0.0785874858965655,NLL
54.4666666666667,-3.74437499046326,-1.08682572841644,8.31897258758545,-0.868907988071442,-0.335367977619171,11.9970273971558,-921.900024414062,36.9000015258789,-885.300048828125,1.65161992593027,-0.388387705232668,0.114062627620624,NLL
54.5,-2.53492999076843,-2.35548710823059,9.95130443572998,-3.52898597717285,0.304879993200302,18.2623119354248,-900.300048828125,33.9000015258789,-892.500061035156,1.64000624968839,-0.277602251456613,0.20634715175192,NLL
54.5333333333333,-1.46425402164459,-3.33225440979004,9.51705265045166,-2.53050398826599,-0.259148001670837,19.7943344116211,-900.300048828125,29.7000007629395,-890.100036621094,1.61663551159038,-0.175891380038846,0.31197706556542,NLL
54.5666666666667,0.298473328351974,-3.47939777374268,8.50918197631836,-2.43903994560242,-0.327746003866196,16.4254093170166,-900.300048828125,30.9000015258789,-882.900024414062,1.58535091259589,-0.0151005932151144,0.375892405805858,NLL
54.6,0.24882747232914,-2.72035431861877,9.01162242889404,-1.45580196380615,-2.60672402381897,13.2851457595825,-893.100036621094,26.7000007629395,-880.500061035156,1.55171372404823,0.016842076594218,0.309247297158525,NLL
54.6333333333333,0.267369896173477,-2.58337950706482,8.42663860321045,-2.59910202026367,-3.7881338596344,10.7470197677612,-890.700012207031,33.3000030517578,-882.900024414062,1.52412072711606,0.0284805621041291,0.303704720770248,NLL
54.6666666666667,-0.468345940113068,-2.16348314285278,9.66778469085693,-1.07470202445984,-2.83538389205933,8.24700355529785,-893.100036621094,30.3000011444092,-882.900024414062,1.50392020649146,-0.031186073891532,0.238340153781534,NLL
54.7,0.401353925466537,-2.85673093795776,9.6342887878418,0.609759986400604,-2.10367202758789,6.52443170547485,-900.300048828125,25.5000019073486,-880.500061035156,1.48775535691986,0.0268532793149397,0.278018837021948,NLL
54.7333333333333,0.465953379869461,-2.06778025627136,8.71255016326904,0.807931959629059,-2.72105383872986,2.46190595626831,-890.700012207031,26.1000003814697,-892.500061035156,1.4820099312588,0.0497464367391331,0.241144279601886,NLL
54.7666666666667,0.225499898195267,-1.70710003376007,8.70896148681641,0.693601965904236,-2.4847719669342,1.60824191570282,-893.100036621094,34.5,-892.500061035156,1.47868395077691,0.0332114913959477,0.20228242209894,NLL
54.8,-1.28839993476868,-0.77878212928772,10.0200910568237,2.33995389938354,-1.42531394958496,1.55488801002502,-900.300048828125,18.9000015258789,-887.700012207031,1.47168245848209,-0.09344960139967,0.0996570262417682,NLL
54.8333333333333,-0.643003702163696,-1.26686680316925,10.1732158660889,1.87501192092896,-0.731711983680725,1.86738991737366,-895.500061035156,18.9000015258789,-897.300048828125,1.46892240616126,-0.0681279371578292,0.11620093801519,NLL
54.8666666666667,-0.696238398551941,-0.951047301292419,9.48295879364014,1.05945801734924,-2.21037983894348,1.45580196380615,-893.100036621094,22.5,-902.100036621094,1.46383049768614,-0.0691504242618477,0.100973262387631,NLL
54.9,-0.23925718665123,-1.32249414920807,8.97872447967529,-0.243903994560242,-2.15702605247498,1.85976791381836,-900.300048828125,28.5000019073486,-894.900024414062,1.46080866514176,-0.0323388422145201,0.137341292878999,NLL
54.9333333333333,0.75246387720108,-2.51220059394836,10.2886571884155,-3.43752193450928,-3.59758400917053,2.62196803092957,-900.300048828125,17.7000007629395,-887.700012207031,1.45251979643483,0.0542217652635383,0.223728691008613,NLL
54.9666666666667,1.45348739624023,-2.42427349090576,8.49721908569336,-3.68142580986023,-4.64179801940918,2.17989206314087,-912.300048828125,14.7000007629395,-878.100036621094,1.44101439599376,0.146496798927587,0.272593432169943,NLL
55.0,1.26567053794861,-3.06548261642456,8.48705101013184,-0.846041977405548,-0.37347799539566,2.33995389938354,-905.100036621094,21.3000011444092,-892.500061035156,1.42698215803046,0.140231494002979,0.334237615888489,NLL
55.0333333333333,0.945664048194885,-3.07505297660828,9.473388671875,-0.533540010452271,0.564027965068817,0.731711983680725,-909.900024414062,18.9000015258789,-894.900024414062,1.42783122847509,0.102765822229702,0.318789030933045,NLL
55.0666666666667,-0.352904349565506,-1.78186786174774,8.77834606170654,0.182927995920181,-0.823175966739655,0.129574000835419,-905.100036621094,21.3000011444092,-902.100036621094,1.43142885507594,-0.0096959673227836,0.223981090073759,NLL
55.1,-0.562852561473846,-1.86500978469849,9.78920745849609,0.708845973014832,0.716467976570129,1.49391198158264,-905.100036621094,25.5000019073486,-906.900024414062,1.42736788463817,-0.0495348066730081,0.193558993414892,NLL
55.1333333333333,-1.17714536190033,-1.57790112495422,12.3570356369019,0.777444005012512,1.22714197635651,1.39482593536377,-907.500061035156,22.5,-887.700012207031,1.42107880580464,-0.0872458623760827,0.139242874077278,NLL
55.1666666666667,-0.428868502378464,-1.93200182914734,11.7397518157959,0.907018005847931,-0.0685980021953583,1.44817996025085,-912.300048828125,21.3000011444092,-894.900024414062,1.41908563834553,-0.0465710867959056,0.156928379382848,NLL
55.2,0.559861838817596,-2.15869808197021,9.56968975067139,0.6250039935112,-0.495429992675781,-0.708845973014832,-912.300048828125,27.9000015258789,-892.500061035156,1.42078545676666,0.0415220702321625,0.210664302960464,NLL
55.2333333333333,0.0317015759646893,-1.66463184356689,9.49312686920166,0.937505960464478,-0.106707997620106,-2.28659987449646,-905.100036621094,30.9000015258789,-890.100036621094,1.42699078499753,0.0108757252856735,0.178800422600481,NLL
55.2666666666667,0.876279473304749,-1.90388906002045,7.34220504760742,1.50153398513794,-0.236281991004944,-2.56861400604248,-902.700012207031,21.3000011444092,-890.100036621094,1.42959985595395,0.0974697172344782,0.237813351690075,NLL
55.3,-0.16269488632679,-0.785361707210541,7.85780429840088,1.97409796714783,1.84452390670776,-2.70580983161926,-897.900024414062,20.7000007629395,-897.300048828125,1.44248083495834,-0.002808392281407,0.11989349091199,NLL
55.3333333333333,-0.92173832654953,-1.03478729724884,10.3789768218994,2.19513607025146,3.97106194496155,-1.02134799957275,-900.300048828125,20.7000007629395,-897.300048828125,1.4455236659708,-0.0793920861981177,0.0997663597472669,NLL
55.3666666666667,0.604124426841736,-2.21193265914917,10.139121055603,2.24848985671997,4.33691787719727,-1.18903195858002,-885.900024414062,18.9000015258789,-885.300048828125,1.45223983366699,0.0245095481189583,0.188363217497291,NLL
55.4,-0.199779748916626,-2.02232146263123,9.70965480804443,0.99848198890686,3.55185198783875,-1.73781597614288,-893.100036621094,18.3000011444092,-904.500061035156,1.45819774899841,-0.0172062341460804,0.201063377397934,NLL
55.4333333333333,-1.06110560894012,-1.93618881702423,9.00623893737793,0.0838419944047928,3.19361782073975,-1.33385002613068,-895.500061035156,21.9000015258789,-887.700012207031,1.46351037794946,-0.101344059665523,0.209943764209579,NLL
55.4666666666667,-1.30514800548553,-1.82254159450531,8.82799243927002,-0.78506600856781,3.26221585273743,-1.15092194080353,-883.500061035156,24.3000011444092,-887.700012207031,1.466973003507,-0.139351495764439,0.20629478379874,NLL
55.5,-1.45887064933777,-1.85543954372406,8.47209739685059,-1.47104597091675,1.2576299905777,-0.510673999786377,-871.500061035156,22.5,-880.500061035156,1.46965246822502,-0.162710271205459,0.21593813075686,NLL
55.5333333333333,-1.59165847301483,-1.67480027675629,8.20771789550781,-1.72257196903229,-0.106707997620106,-0.602137982845306,-871.500061035156,22.5,-885.300048828125,1.46868682418697,-0.182404503937191,0.20679678562649,NLL
55.5666666666667,-1.41101932525635,-1.75196075439453,7.8655800819397,-1.69970595836639,-0.967993974685669,0.167683988809586,-888.300048828125,24.9000015258789,-873.300048828125,1.46927870818149,-0.173658546339671,0.219297140880415,NLL
55.6,-1.57969558238983,-1.88175773620605,8.27829837799072,-1.76068198680878,-1.34147191047668,1.58537602424622,-873.900024414062,29.1000003814697,-878.100036621094,1.46532987337437,-0.180560530722945,0.224654943403807,NLL
55.6333333333333,-1.31950342655182,-2.10665965080261,9.56909084320068,-1.83690190315247,-2.60672402381897,2.37806391716003,-871.500061035156,20.7000007629395,-880.500061035156,1.45736182876438,-0.14045175910709,0.220226038743917,NLL
55.6666666666667,-1.08503139019012,-2.23406410217285,11.2737989425659,-1.94360995292664,-4.45124769210815,2.31708788871765,-905.100036621094,29.7000007629395,-890.100036621094,1.44691410007283,-0.096834811728239,0.202281173202483,NLL
55.7,1.04316139221191,-3.03258490562439,9.95668792724609,-1.96647596359253,-5.7850980758667,1.06708002090454,-893.100036621094,18.3000011444092,-887.700012207031,1.44166224007569,0.0742115517363542,0.282839993644334,NLL
55.7333333333333,0.0311034340411425,-2.73291516304016,9.67795372009277,-1.15854394435883,-3.3460578918457,-0.0076219998300075,-907.500061035156,33.9000015258789,-906.900024414062,1.43982036163449,0.021130847571207,0.278361418183145,NLL
55.7666666666667,-0.119628593325615,-2.76162600517273,9.01042556762695,-0.228659987449646,-0.586893975734711,-0.228659987449646,-905.100036621094,31.5000019073486,-890.100036621094,1.43983665974238,-0.0061056013943636,0.294540662709217,NLL
55.8,-0.610105812549591,-2.3937680721283,9.30650615692139,0.160062000155449,-1.78354799747467,0.457319974899292,-900.300048828125,32.1000022888184,-887.700012207031,1.43674384235465,-0.0496593858795017,0.260131756111859,NLL
55.8333333333333,-0.132189601659775,-2.30225229263306,8.3339262008667,1.03659200668335,-2.12653803825378,0.403965979814529,-917.100036621094,29.7000007629395,-890.100036621094,1.4346743292542,-0.0182305611190726,0.266413046174638,NLL
55.8666666666667,-0.772202551364899,-2.08034133911133,9.74015998840332,2.54574799537659,0.701223969459534,0.0076219998300075,-914.700012207031,31.5000019073486,-902.100036621094,1.43317368350769,-0.0684803488059804,0.216159814229596,NLL
55.9,-0.559263706207275,-2.26995253562927,10.5614109039307,1.79879200458527,0.236281991004944,-0.182927995920181,-917.100036621094,23.7000007629395,-890.100036621094,1.43361886027182,-0.05499251308037,0.209943257590886,NLL
55.9333333333333,0.714780867099762,-2.30763554573059,8.56720161437988,-0.160062000155449,-2.69056582450867,0.731711983680725,-921.900024414062,33.3000030517578,-892.500061035156,1.43026106522973,0.059574777253538,0.25387606411153,NLL
55.9666666666667,0.60352623462677,-1.89431881904602,7.99298429489136,0.46494197845459,-1.01372599601746,1.30336201190948,-917.100036621094,26.7000007629395,-890.100036621094,1.42785870986059,0.0715060381288205,0.236466542137453,NLL
56.0,0.349913626909256,-2.04445266723633,8.98051834106445,1.64635193347931,1.16616594791412,1.2347639799118,-905.100036621094,20.1000003814697,-904.500061035156,1.42619017416981,0.0427512861503381,0.22415643582558,NLL
56.0333333333333,-0.579600512981415,-1.72564244270325,9.17132663726807,0.716467976570129,0.800309956073761,1.19665396213531,-907.500061035156,27.3000011444092,-899.700012207031,1.42386927827201,-0.0423562984165924,0.192694320915874,NLL
56.0666666666667,0.181237325072289,-1.68137991428375,8.92848014831543,-2.0731840133667,0.693601965904236,1.92074394226074,-900.300048828125,27.3000011444092,-887.700012207031,1.41969822309048,0.0059269077633848,0.190330083959852,NLL
56.1,0.339745193719864,-1.61618232727051,10.4112768173218,-2.95733594894409,-0.198172003030777,2.37044191360474,-900.300048828125,28.5000019073486,-899.700012207031,1.41475683644911,0.0266412875083669,0.165514571317986,NLL
56.1333333333333,1.00966536998749,-2.70779323577881,8.61325836181641,-0.426831990480423,0.0838419944047928,1.63110792636871,-900.300048828125,32.7000007629395,-887.700012207031,1.40449825235465,0.093594531852793,0.27704049530977,NLL
56.1666666666667,1.34163463115692,-3.3226842880249,7.9253945350647,-0.701223969459534,1.12805593013763,-0.586893975734711,-905.100036621094,29.1000003814697,-882.900024414062,1.39537647463135,0.142037134547971,0.374788868080932,NLL
56.2,1.29139065742493,-3.73540282249451,9.11749362945557,-0.823175966739655,1.43293595314026,-3.61282801628113,-907.500061035156,26.1000003814697,-882.900024414062,1.40291131092949,0.13271647416292,0.386414422617365,NLL
56.2333333333333,1.61618232727051,-4.29526472091675,9.47458457946777,0.129574000835419,1.56251001358032,-6.79882383346558,-909.900024414062,28.5000019073486,-873.300048828125,1.4155367432349,0.15237327801657,0.41735289909752,NLL
56.2666666666667,0.616685390472412,-3.59962439537048,10.4477634429932,2.12653803825378,0.807931959629059,-12.3705053329468,-909.900024414062,29.1000003814697,-902.100036621094,1.45133052296209,0.0792926624146569,0.343288784737945,NLL
56.3,-0.602329969406128,-2.20056796073914,9.82748889923096,6.07473373413086,2.14178204536438,-11.9436740875244,-914.700012207031,32.1000022888184,-885.300048828125,1.48300303675005,-0.0333734785184014,0.233735505219121,NLL
56.3333333333333,-0.773398876190186,-2.01933073997498,10.4298191070557,6.03662395477295,2.37044191360474,-9.41316986083984,-926.700012207031,27.9000015258789,-885.300048828125,1.50460236351782,-0.0657895681446198,0.191575825179245,NLL
56.3666666666667,-0.936093747615814,-0.495262384414673,8.33691692352295,5.41161966323853,0.739333987236023,-7.47718191146851,-909.900024414062,27.9000015258789,-894.900024414062,1.51347187472672,-0.102340492362966,0.0795814570169718,NLL
56.4,-0.422887086868286,-0.665134966373444,8.77296257019043,4.30642986297607,1.85976791381836,-4.73326206207275,-912.300048828125,35.7000007629395,-906.900024414062,1.52472970124447,-0.0610908890438925,0.0709654733465325,NLL
56.4333333333333,-0.765622973442078,-0.464158952236176,9.0851936340332,3.37654590606689,1.83690190315247,-4.42838191986084,-907.500061035156,33.9000015258789,-899.700012207031,1.53487657954715,-0.0821464883843052,0.0502626739908252,NLL
56.4666666666667,-0.833811283111572,-0.795530140399933,8.82859039306641,2.0731840133667,1.6692179441452,-2.98782396316528,-883.500061035156,30.9000015258789,-902.100036621094,1.54493422825526,-0.0934817646183112,0.0793681359204326,NLL
56.5,-0.760239720344543,-0.873288750648499,8.93805027008057,1.28811800479889,1.09756803512573,-3.803377866745,-921.900024414062,30.9000015258789,-890.100036621094,1.55528765036264,-0.0873329520504654,0.0924512842686439,NLL
56.5333333333333,-0.226098045706749,-0.954038023948669,8.393141746521,0.640248000621796,0.815553963184357,-4.25307607650757,-924.300048828125,28.5000019073486,-916.500061035156,1.56630370924287,-0.0395124914436946,0.108447764690653,NLL
56.5666666666667,-0.980954468250275,-1.35539197921753,10.5303068161011,0.442075997591019,1.15854394435883,-3.17075204849243,-917.100036621094,30.9000015258789,-880.500061035156,1.57484918765567,-0.0825945628927457,0.123750257110791,NLL
56.6,0.230285048484802,-1.86022460460663,9.96506214141846,-0.144817993044853,0.533540010452271,-4.06252574920654,-924.300048828125,30.9000015258789,-885.300048828125,1.58623600280401,0.0015319793303435,0.172633324475861,NLL
56.6333333333333,-0.294286340475082,-1.3201014995575,9.94412708282471,0.663114011287689,0.754577994346619,-4.31405210494995,-905.100036621094,35.7000007629395,-897.300048828125,1.59597570587998,-0.0232512165284682,0.139356973585522,NLL
56.6666666666667,0.267968058586121,-2.07615423202515,9.6223258972168,-0.571649968624115,0.297257989645004,-2.62196803092957,-924.300048828125,34.5,-899.700012207031,1.60221649217831,0.0172494947938305,0.198510270344471,NLL
56.7,-0.151330173015594,-1.39845824241638,9.78741359710693,-0.457319974899292,-0.190549999475479,-2.9192259311676,-912.300048828125,28.5000019073486,-899.700012207031,1.60916987307618,-0.0081790681832885,0.153321207147904,NLL
56.7333333333333,1.16338813304901,-1.73521280288696,8.95898532867432,0.632625997066498,0.160062000155449,-0.731711983680725,-921.900024414062,32.1000022888184,-890.100036621094,1.60950151750377,0.103990686190073,0.183897690050054,NLL
56.7666666666667,-0.600535571575165,-0.404344648122787,8.9356575012207,2.69818782806396,1.37195992469788,-1.18140995502472,-895.500061035156,34.5,-885.300048828125,1.61645149132297,-0.0381886567639772,0.0663075497754689,NLL
56.8,-1.2178190946579,-0.652574002742767,10.2455911636353,2.55336999893188,1.42531394958496,1.15092194080353,-912.300048828125,34.5,-897.300048828125,1.61401874772427,-0.104046301743597,0.0604675275902662,NLL
56.8333333333333,-1.00966536998749,-0.248229339718819,9.25387001037598,1.6920839548111,1.01372599601746,1.18140995502472,-907.500061035156,32.7000007629395,-897.300048828125,1.60870665712073,-0.10920148701384,0.031067739738343,ST
56.8666666666667,-1.36376595497131,-0.0107665732502937,10.7432460784912,1.51677799224854,1.71494996547699,1.18903195858002,-902.700012207031,27.9000015258789,-885.300048828125,1.60327014238398,-0.125482867863048,0.0043673531071402,ST
56.9,-0.312230616807938,-0.517991840839386,9.86158275604248,0.792688012123108,-0.3125019967556,0.190549999475479,-897.900024414062,28.5000019073486,-892.500061035156,1.60628471040386,-0.0479640815029198,0.0427637772900166,ST
56.9333333333333,0.0107665732502937,-0.659751713275909,9.50688457489014,0.335367977619171,-0.487807989120483,-0.724089980125427,-909.900024414062,36.3000030517578,-894.900024414062,1.60864443176228,-0.0063479635112968,0.0643688938107437,ST
56.9666666666667,0.308043628931046,-0.906784772872925,8.32734680175781,-0.518296003341675,-0.228659987449646,-2.37044191360474,-895.500061035156,27.3000011444092,-892.500061035156,1.61395221597991,0.0296813893876602,0.101257927583724,ST
57.0,-0.852951884269714,-1.54380702972412,9.57028770446777,-1.03659200668335,0.129574000835419,-1.6615959405899,-917.100036621094,27.3000011444092,-894.900024414062,1.61904741908246,-0.0678609835259659,0.151629516392992,ST
57.0333333333333,0.0113647161051631,-1.51270353794098,9.16175556182861,-1.31098401546478,-0.213415995240211,-2.61434602737427,-912.300048828125,29.1000003814697,-906.900024414062,1.62577871945365,-0.0094834590488397,0.163628275701452,ST
57.0666666666667,0.477318078279495,-1.67539846897125,8.65512847900391,-0.533540010452271,-0.510673999786377,-1.69970595836639,-905.100036621094,31.5000019073486,-882.900024414062,1.62907315014708,0.0423736994711804,0.186329729262171,ST
57.1,-0.742893576622009,-1.60721015930176,9.5326042175293,0.884151995182037,0.205793991684914,-2.02745199203491,-917.100036621094,33.3000030517578,-885.300048828125,1.63367845901154,-0.0524628094481298,0.169796618002469,ST
57.1333333333333,-0.824839174747467,-1.58806955814362,9.33282470703125,0.403965979814529,0.67835795879364,-1.28811800479889,-914.700012207031,32.1000022888184,-892.500061035156,1.63711771856781,-0.0817841599233257,0.168317396449492,ST
57.1666666666667,-1.33266258239746,-1.13108837604523,10.5219326019287,0.266770005226135,0.830797970294952,-2.62196803092957,-902.700012207031,33.3000030517578,-880.500061035156,1.63865768750016,-0.117722235367361,0.118798049794893,ST
57.2,-1.44331896305084,-0.91874760389328,9.63967227935791,0.594515979290009,-0.0381099991500378,-2.37044191360474,-914.700012207031,38.7000007629395,-887.700012207031,1.64196489012019,-0.142156375902465,0.0988901863012517,ST
57.2333333333333,-0.401353925466537,-1.36137342453003,9.68154239654541,0.342989981174469,-1.93598794937134,-1.41006994247437,-905.100036621094,26.7000007629395,-899.700012207031,1.64798055578339,-0.0585590081644698,0.131179566821246,ST
57.2666666666667,0.336156338453293,-1.38171029090881,7.97145128250122,0.602137982845306,-1.58537602424622,-0.769822001457214,-909.900024414062,35.1000022888184,-882.900024414062,1.64979632579075,0.0248547460977889,0.163098837642901,ST
57.3,-0.772800743579865,-0.891233026981354,8.85191822052002,1.86738991737366,1.76068198680878,-0.632625997066498,-909.900024414062,26.1000003814697,-887.700012207031,1.65081118593615,-0.0691329625151813,0.109002461241573,ST
57.3333333333333,-1.13348090648651,-0.787156164646149,8.82799243927002,1.65397393703461,1.17378795146942,-0.167683988809586,-929.100036621094,28.5000019073486,-882.900024414062,1.65011799807769,-0.118484453218235,0.0902021701504995,ST
57.3666666666667,-1.22499680519104,-0.946860313415527,9.19764423370361,0.419209986925125,-0.724089980125427,1.08994603157043,-924.300048828125,35.1000022888184,-890.100036621094,1.64847696655004,-0.12873169106879,0.0997993752145258,ST
57.4,-0.873288750648499,-0.913364291191101,10.6828336715698,0.0076219998300075,-1.04421401023865,1.51677799224854,-905.100036621094,33.3000030517578,-882.900024414062,1.64350648933397,-0.0895782721494137,0.0879612741845839,ST
57.4333333333333,-0.813474416732788,-1.43554317951202,12.4934120178223,0.304879993200302,-1.89025592803955,3.07166600227356,-909.900024414062,22.5,-897.300048828125,1.63771078064025,-0.0674478448142371,0.108322091136374,ST
57.4666666666667,0.888242304325104,-1.31950342655182,10.0416240692139,0.830797970294952,-2.35519790649414,2.13416004180908,-914.700012207031,29.7000007629395,-887.700012207031,1.6322734004574,0.0590414579772791,0.125054462120736,ST
57.5,1.06290006637573,-0.970786035060883,8.68204498291016,0.960371971130371,-1.75305998325348,1.59299790859222,-900.300048828125,35.7000007629395,-880.500061035156,1.62899666519857,0.110734408466181,0.113031102084219,ST
57.5333333333333,1.16697692871094,-0.82065212726593,7.72561454772949,1.08232402801514,-1.42531394958496,2.47714996337891,-929.100036621094,35.1000022888184,-892.500061035156,1.62355275449814,0.142966630793104,0.106265431017501,ST
57.5666666666667,0.501841962337494,-0.70760315656662,8.09347248077393,1.43293595314026,-0.152439996600151,3.29270386695862,-921.900024414062,33.9000015258789,-880.500061035156,1.61749283295147,0.0778321076402182,0.089495036523744,ST
57.6,-0.222509190440178,-0.138171032071114,9.1802978515625,1.95123195648193,0.114329993724823,3.10977602005005,-909.900024414062,29.7000007629395,-890.100036621094,1.61247896857692,-0.0040144837472405,0.0274336000114707,ST
57.6333333333333,-0.736313998699188,-0.0047851437702775,10.2940406799316,2.22562384605408,1.13567793369293,4.16923379898071,-912.300048828125,30.3000011444092,-890.100036621094,1.60228285842768,-0.0594788583218664,0.0025628723943263,ST
57.6666666666667,-1.78426051139832,-0.131591454148293,12.9234771728516,1.72257196903229,1.41769194602966,3.99392795562744,-897.900024414062,25.5000019073486,-892.500061035156,1.59377086413674,-0.123531320234961,0.0056494674765195,ST
57.7,-0.512608528137207,-0.192003890872002,10.2916479110718,0.106707997620106,-0.800309956073761,2.59910202026367,-895.500061035156,29.1000003814697,-882.900024414062,1.58874047201029,-0.0635517738501499,0.0155921779265445,ST
57.7333333333333,-0.461766362190247,-0.453990519046783,9.7718620300293,-0.510673999786377,-0.609759986400604,1.16616594791412,-907.500061035156,21.9000015258789,-897.300048828125,1.58724812419591,-0.0492795715529926,0.0415670233729162,ST
57.7666666666667,0.242846041917801,-0.320604622364044,8.87165641784668,-0.518296003341675,-0.922261953353882,0.449698001146317,-900.300048828125,23.1000003814697,-899.700012207031,1.58604098278198,0.0131551337416646,0.0379384735256738,ST
57.8,-0.335558205842972,0.187218755483627,8.452956199646,0.350611984729767,-0.853663980960846,0.541162014007568,-897.900024414062,27.9000015258789,-885.300048828125,1.58441636106192,-0.0278356193534623,-0.0105177449873738,ST
57.8333333333333,-0.386998504400253,0.170470744371414,8.26155090332031,0.442075997591019,0.152439996600151,1.18140995502472,-912.300048828125,29.7000007629395,-892.500061035156,1.58141623253928,-0.0431641637294742,-0.0192721433502324,ST
57.8666666666667,-0.0346922911703587,0.431261092424393,8.1544828414917,0.0838419944047928,-0.114329993724823,0.99848198890686,-907.500061035156,26.1000003814697,-892.500061035156,1.57809598267986,-0.0101544452897459,-0.0477063186422647,ST
57.9,-0.735715866088867,-0.0538328662514687,10.2378149032593,0.0685980021953583,0.518296003341675,0.442075997591019,-905.100036621094,30.9000015258789,-882.900024414062,1.57853079510849,-0.060038648045352,-0.0055757051467532,ST
57.9333333333333,-0.130395174026489,-0.346324771642685,10.3371067047119,-1.45580196380615,-0.0762199983000755,-0.106707997620106,-907.500061035156,21.9000015258789,-885.300048828125,1.580000380812,-0.0220648996414325,0.0276563754081914,ST
57.9666666666667,-0.311034351587296,-0.224901750683784,10.60866355896,-1.31098401546478,-0.487807989120483,-0.92988395690918,-909.900024414062,30.9000015258789,-882.900024414062,1.58195652458413,-0.0271325081852222,0.0243585655288632,ST
58.0,0.0586180128157139,-0.564048826694489,9.53619384765625,-0.693601965904236,0.106707997620106,-1.37958192825317,-919.500061035156,26.1000003814697,-897.300048828125,1.58580629167369,0.0004837911135232,0.0542729821658981,ST
58.0333333333333,0.250621914863586,-1.00787091255188,8.94403171539307,-0.952749967575073,0.800309956073761,-2.08842802047729,-909.900024414062,30.9000015258789,-880.500061035156,1.59024733661276,0.0214588879419665,0.101800388187512,ST
58.0666666666667,-0.0711790099740028,-0.519188106060028,8.417067527771,-1.19665396213531,0.419209986925125,-2.60672402381897,-902.700012207031,32.7000007629395,-890.100036621094,1.59735253198775,-0.0040394801458421,0.0696912848262736,ST
58.1,-0.521580696105957,-0.859531462192535,8.01810646057129,-1.28049600124359,0.106707997620106,-1.79879200458527,-900.300048828125,30.3000011444092,-878.100036621094,1.60274103750926,-0.0543319093820379,0.102508801938954,ST
58.1333333333333,-0.875681281089783,-0.82364284992218,9.4967155456543,-2.02745199203491,-0.358233988285065,-1.71494996547699,-905.100036621094,29.7000007629395,-887.700012207031,1.60587209273602,-0.0845970637686517,0.0923372651566838,ST
58.1666666666667,-0.397765070199966,-1.53722739219666,9.46979999542236,-2.22562384605408,-1.16616594791412,-1.82165801525116,-900.300048828125,35.7000007629395,-890.100036621094,1.61364606234722,-0.0466891991992137,0.152788750456143,ST
58.2,-0.282323479652405,-1.85005617141724,9.97523021697998,-2.20275783538818,-1.53202199935913,-2.08842802047729,-914.700012207031,30.3000011444092,-880.500061035156,1.61891521800429,-0.0285206788181937,0.181162670979423,ST
58.2333333333333,0.20097604393959,-1.87338376045227,10.5751676559448,-0.990859985351562,-2.65245604515076,-1.59299790859222,-919.500061035156,36.9000015258789,-887.700012207031,1.62138950586501,0.0132160374005616,0.177892033382768,ST
58.2666666666667,0.330174922943115,-2.01275110244751,8.9236946105957,0.289635986089706,-3.20886182785034,-1.09756803512573,-914.700012207031,31.5000019073486,-882.900024414062,1.62156577934084,0.0361506553600034,0.212553585823753,ST
58.3,0.202172324061394,-1.51509618759155,7.86079502105713,0.548784017562866,-0.967993974685669,-0.87652999162674,-919.500061035156,39.9000015258789,-892.500061035156,1.62365319469726,0.0290101846746905,0.194074176191369,ST
58.3333333333333,-0.86491471529007,-1.45647811889648,9.97044563293457,0.945127964019775,1.77592599391937,0.655492007732391,-941.100036621094,36.3000030517578,-885.300048828125,1.6221132483711,-0.0665123759748623,0.153073668722828,ST
58.3666666666667,-0.553282260894775,-1.56892895698547,10.6080656051636,0.289635986089706,0.0838419944047928,0.891773998737335,-929.100036621094,35.1000022888184,-887.700012207031,1.6198240145905,-0.0548649369593777,0.147616476813229,ST
58.4,0.345726639032364,-1.66044485569,10.3377046585083,-0.137196004390717,-1.22714197635651,1.32622802257538,-921.900024414062,33.9000015258789,-880.500061035156,1.61654983130718,0.0166808681811869,0.15710097279285,ST
58.4333333333333,1.29378318786621,-2.26038217544556,9.29932880401611,0.37347799539566,-0.137196004390717,1.06708002090454,-919.500061035156,33.9000015258789,-885.300048828125,1.60939533617243,0.114420982221397,0.224242687390023,ST
58.4666666666667,-0.263781040906906,-1.69154834747314,10.2503757476807,1.2576299905777,1.71494996547699,0.556405961513519,-924.300048828125,31.5000019073486,-894.900024414062,1.61159072915116,-0.0029939343644391,0.172633590521032,ST
58.5,-0.161498606204987,-1.38051402568817,9.28018856048584,1.81403601169586,0.92988395690918,1.02134799957275,-905.100036621094,35.1000022888184,-897.300048828125,1.60943987885448,-0.015853403860895,0.150162071364164,ST
58.5333333333333,-0.117834165692329,-1.65027642250061,7.17532300949097,1.85976791381836,0.129574000835419,1.05183601379395,-907.500061035156,36.9000015258789,-890.100036621094,1.60811563191187,-0.0164441572107598,0.208133620331499,ST
58.5666666666667,-1.18013608455658,-1.08383500576019,10.2192726135254,1.92836594581604,0.670735955238342,1.69970595836639,-921.900024414062,30.9000015258789,-894.900024414062,1.59955909310162,-0.0982523522851122,0.12117280209479,ST
58.6,-1.70769822597504,-1.36795294284821,11.4059886932373,2.85824990272522,0.525918006896973,2.35519790649414,-926.700012207031,34.5,-894.900024414062,1.5941482515216,-0.139916185282959,0.115164543674756,ST
58.6333333333333,-1.20047295093536,-0.683677434921265,10.7019739151001,2.5000159740448,-0.198172003030777,1.47866797447205,-909.900024414062,33.3000030517578,-897.300048828125,1.58527110406491,-0.116161851862536,0.0684831262250346,ST
58.6666666666667,-0.70461243391037,-0.397765070199966,9.98599720001221,2.13416004180908,-1.76830399036407,1.85214591026306,-893.100036621094,35.1000022888184,-887.700012207031,1.5787563323388,-0.0772829278874255,0.0423504519581423,ST
58.7,-0.424083352088928,-0.412718653678894,10.0643539428711,1.76830399036407,-2.52288198471069,1.88263392448425,-917.100036621094,34.5,-906.900024414062,1.57421803070037,-0.0457590527306719,0.0386410889267929,ST
58.7333333333333,1.12630319595337,-0.296080768108368,7.90206670761108,1.44055795669556,-2.26373386383057,1.2500079870224,-929.100036621094,30.9000015258789,-890.100036621094,1.57084001405654,0.11310844482981,0.0356991114390553,ST
58.7666666666667,0.545506417751312,-0.178844749927521,8.03724670410156,2.05031800270081,-1.2576299905777,1.2347639799118,-931.500061035156,23.7000007629395,-899.700012207031,1.56875928315816,0.0785953596042377,0.0222546242538362,ST
58.8,0.397765070199966,-0.129797026515007,8.54207992553711,0.746955990791321,-0.685979962348938,0.525918006896973,-917.100036621094,28.5000019073486,-882.900024414062,1.5678456529945,0.053930765550844,0.015620788004476,ST
58.8333333333333,-0.0059814294800162,-0.080151155591011,10.3251438140869,0.335367977619171,-0.975615978240967,0.967993974685669,-924.300048828125,29.7000007629395,-897.300048828125,1.56578352850613,0.0117504547090923,0.0089130544325396,ST
58.8666666666667,0.930710434913635,-0.792539417743683,10.5883264541626,-0.67835795879364,-1.53202199935913,1.53202199935913,-921.900024414062,28.5000019073486,-911.700012207031,1.55989727248027,0.0742134977262098,0.0624629711255118,ST
58.9,1.67958545684814,-0.943869590759277,10.3939304351807,-0.411587983369827,-1.44055795669556,0.830797970294952,-921.900024414062,30.3000011444092,-911.700012207031,1.55511660724635,0.14626795517716,0.0862673881109785,ST
58.9333333333333,1.22619307041168,-1.1717621088028,9.03435134887695,1.09756803512573,0.114329993724823,0.228659987449646,-921.900024414062,27.9000015258789,-892.500061035156,1.54967458992988,0.136138965867653,0.118899032599532,ST
58.9666666666667,0.34811919927597,-0.410924226045609,9.28676795959473,1.2423859834671,1.04421401023865,-0.564027965068817,-929.100036621094,38.1000022888184,-897.300048828125,1.55713938558645,0.0515437439117944,0.0540527520910176,ST
59.0,0.462962657213211,-0.290697485208511,9.20242977142334,1.30336201190948,0.175305992364883,0.571649968624115,-919.500061035156,27.3000011444092,-899.700012207031,1.55663421965082,0.0501913296734891,0.0337619477366887,ST
59.0333333333333,-0.853550016880035,0.0352904349565506,9.82330226898193,1.65397393703461,1.95885396003723,0.541162014007568,-914.700012207031,19.5,-894.900024414062,1.55517865731109,-0.0649967636959007,0.0007261629862371,ST
59.0666666666667,-1.39247679710388,0.480906963348389,10.278489112854,2.20275783538818,2.88111591339111,0.0762199983000755,-914.700012207031,30.9000015258789,-906.900024414062,1.55147772691867,-0.124509061890181,-0.0402239013620637,ST
59.1,-1.83390629291534,0.374437510967255,10.720516204834,2.38568592071533,2.9116039276123,0.525918006896973,-912.300048828125,23.1000003814697,-892.500061035156,1.55091555068044,-0.164313869309565,-0.0394597488241878,ST
59.1333333333333,-0.816465139389038,0.328978627920151,9.06306266784668,0.922261953353882,1.93598794937134,-0.381099998950958,-890.700012207031,33.3000030517578,-906.900024414062,1.55217107753714,-0.105125549707664,-0.0381029931673204,ST
59.1666666666667,-0.714780867099762,0.407335370779037,8.38656234741211,-0.198172003030777,0.175305992364883,-1.78354799747467,-890.700012207031,24.9000015258789,-892.500061035156,1.55543592716154,-0.0893498814580446,-0.0459234228886079,ST
59.2,-0.925327181816101,0.0394774377346039,9.19764423370361,-0.792688012123108,-0.175305992364883,-1.76068198680878,-907.500061035156,35.7000007629395,-890.100036621094,1.56254366685263,-0.0978888965623508,-0.0113570892771748,ST
59.2333333333333,-0.0293090064078569,-0.275743901729584,8.56899642944336,-1.45580196380615,-1.03659200668335,-2.24086785316467,-897.900024414062,17.7000007629395,-894.900024414062,1.57015983900151,-0.0177507534431014,0.0271151102437382,ST
59.2666666666667,0.649583280086517,-0.349913626909256,8.90874099731445,-2.43903994560242,-2.72105383872986,-2.88111591339111,-909.900024414062,33.9000015258789,-880.500061035156,1.5768102410167,0.060587406029268,0.0404357210694479,ST
59.3,0.945664048194885,-0.571226537227631,9.71384143829346,-2.39330792427063,-2.12653803825378,-2.98020195960999,-921.900024414062,33.9000015258789,-894.900024414062,1.58285733789654,0.0936625906077172,0.0585493456013166,ST
59.3333333333333,0.756650865077972,-0.96958976984024,8.74126148223877,-1.15092194080353,0.381099998950958,-2.33995389938354,-914.700012207031,31.5000019073486,-897.300048828125,1.58489189690034,0.0869949167643399,0.102543494131596,ST
59.3666666666667,-0.317613929510117,-1.14305126667023,10.2964334487915,-0.548784017562866,2.00458598136902,-2.69056582450867,-929.100036621094,33.3000030517578,-897.300048828125,1.59171995076644,-0.0120461611948597,0.109863676708841,ST
59.4,-0.928916037082672,-0.852353751659393,11.5920104980469,0.0914639979600906,1.48628997802734,-2.20275783538818,-912.300048828125,36.3000030517578,-894.900024414062,1.59620794196015,-0.0694996944600112,0.0799819533862778,ST
59.4333333333333,-0.881064593791962,-0.599937379360199,12.4551315307617,0.87652999162674,-0.236281991004944,-1.01372599601746,-914.700012207031,33.3000030517578,-899.700012207031,1.59678708861797,-0.0699208095046532,0.0534266831056089,ST
59.4666666666667,1.01684308052063,-1.6664263010025,9.17252254486084,0.670735955238342,0.121951997280121,0.937505960464478,-909.900024414062,42.9000015258789,-882.900024414062,1.59455930439628,0.072053652234141,0.153064261709903,ST
59.5,0.424083352088928,-1.04734838008881,9.25327205657959,0.472563982009888,2.80489587783813,-2.080806016922,-905.100036621094,38.7000007629395,-890.100036621094,1.60208700893211,0.0473655861364815,0.119993521690087,ST
59.5333333333333,-0.314623206853867,-0.927121579647064,7.78423261642456,0.289635986089706,2.17227005958557,-2.69818782806396,-902.700012207031,33.3000030517578,-885.300048828125,1.6096826989128,-0.0290121042021014,0.118388850663917,ST
59.5666666666667,-0.728538155555725,-1.41520631313324,8.46073246002197,0.396344006061554,2.9192259311676,-1.77592599391937,-900.300048828125,34.5,-894.900024414062,1.61668114423096,-0.0771649905057877,0.155787915930494,ST
59.6,-1.13886415958405,-1.64489316940308,8.79808521270752,1.61586391925812,3.17075204849243,-3.04879999160767,-897.900024414062,38.7000007629395,-894.900024414062,1.62725592646776,-0.120232807355189,0.177215987118608,ST
59.6333333333333,-3.25569224357605,-1.70470750331879,11.011812210083,2.09605002403259,2.84300589561462,-3.82624387741089,-895.500061035156,33.9000015258789,-894.900024414062,1.63447155216862,-0.257971118501272,0.1562817281254,ST
59.6666666666667,-2.93568563461304,-0.900205194950104,11.5531311035156,1.12805593013763,0.381099998950958,-3.73477983474731,-895.500061035156,33.3000030517578,-885.300048828125,1.62776737592948,-0.249955918414569,0.091524060444338,ST
59.7,-1.47023546695709,-1.17475283145905,10.4154634475708,0.472563982009888,-3.64331603050232,-2.19513607025146,-897.900024414062,33.9000015258789,-897.300048828125,1.63542265084629,-0.156332470970197,0.107990593091912,ST
59.7333333333333,-0.174059599637985,-1.18791198730469,9.08997917175293,0.792688012123108,-4.88570165634155,-2.56099200248718,-914.700012207031,32.1000022888184,-887.700012207031,1.6417623989415,-0.0395820826489543,0.124657865673357,ST
59.7666666666667,0.426475942134857,-1.40623414516449,6.75482845306396,0.92988395690918,-4.66466379165649,-2.24086785316467,-929.100036621094,33.3000030517578,-892.500061035156,1.64496253706404,0.0494458772038759,0.188542327774328,ST
59.8,0.112450875341892,-1.02940404415131,9.67556095123291,0.602137982845306,-0.815553963184357,-1.56251001358032,-917.100036621094,35.1000022888184,-894.900024414062,1.65087732146685,0.0194052019259794,0.118915503561996,ST
59.8333333333333,0.636424124240875,-0.852353751659393,9.0851936340332,1.00610399246216,-1.41769194602966,-1.21951997280121,-917.100036621094,30.9000015258789,-890.100036621094,1.65410102997425,0.0616454454157905,0.0972003132856212,ST
59.8666666666667,-0.312828779220581,-1.05273163318634,9.66898155212402,1.70732796192169,-0.0533539988100529,-1.45580196380615,-931.500061035156,36.9000015258789,-890.100036621094,1.65716691964035,-0.0129482481685585,0.103791204488197,ST
59.9,-0.753660142421722,-0.832016885280609,11.0423173904419,1.32622802257538,0.693601965904236,-1.60061991214752,-929.100036621094,28.5000019073486,-899.700012207031,1.66022338802962,-0.0576359644835187,0.0792361337428713,ST
59.9333333333333,-0.129198879003525,-0.709995687007904,11.1146926879883,0.670735955238342,-0.708845973014832,-0.617381989955902,-917.100036621094,32.7000007629395,-894.900024414062,1.66106940560919,-0.0198361010355925,0.0659933951608187,ST
59.9666666666667,0.738108456134796,-0.366661638021469,8.97334098815918,0.685979962348938,-0.87652999162674,-0.670735955238342,-917.100036621094,33.3000030517578,-887.700012207031,1.66291760843292,0.0627099432193047,0.0449527006069072,ST
60.0,-0.378624498844147,-0.400755792856216,7.44329118728638,1.63872992992401,1.05945801734924,0.746955990791321,-926.700012207031,39.3000030517578,-894.900024414062,1.66112352859949,-0.03074064771517,0.0498000871193789,ST
60.0333333333333,-0.422288924455643,-0.383409649133682,8.90874099731445,0.693601965904236,2.90398192405701,0.701223969459534,-931.500061035156,33.3000030517578,-902.100036621094,1.65954785642458,-0.0485682484870777,0.0431933398827869,ST
60.0666666666667,-0.436644375324249,0.0275145769119263,9.03554725646973,0.800309956073761,0.297257989645004,1.2423859834671,-924.300048828125,33.3000030517578,-899.700012207031,1.65493980749953,-0.0487978161308688,0.0050706271824537,ST
60.1,-0.687266290187836,-0.712388277053833,9.75870227813721,0.304879993200302,0.198172003030777,1.70732796192169,-919.500061035156,37.5,-887.700012207031,1.65414740334395,-0.0662257012039085,0.0586167995473948,ST
60.1333333333333,-0.955234348773956,-0.265575468540192,10.5823450088501,0.564027965068817,0.670735955238342,1.05945801734924,-921.900024414062,32.7000007629395,-897.300048828125,1.64977657992247,-0.0862068951389559,0.0309543330141553,ST
60.1666666666667,0.274547636508942,-0.291893780231476,9.50150108337402,1.37958192825317,-1.07470202445984,0.586893975734711,-926.700012207031,34.5,-890.100036621094,1.64839468116924,0.0071173829794164,0.0288149439094611,ST
60.2,0.300865918397903,-0.548497080802917,9.11450290679932,2.15702605247498,-1.49391198158264,0.335367977619171,-907.500061035156,35.1000022888184,-906.900024414062,1.64698922234038,0.0297951515183921,0.0508031096188407,ST
60.2333333333333,0.176452174782753,-0.666929423809052,9.3358154296875,1.98934197425842,-1.2423859834671,0.137196004390717,-933.900024414062,37.5,-904.500061035156,1.64600784494733,0.0226703345880324,0.0646195889383829,ST
60.2666666666667,-0.440831363201141,0.0921140164136887,9.34837627410889,1.19665396213531,-2.43903994560242,0.594515979290009,-921.900024414062,32.7000007629395,-902.100036621094,1.64410333752643,-0.0311799183577686,0.0017462998988644,ST
60.3,0.0610105842351913,-0.0293090064078569,9.32803916931152,1.02897000312805,-1.6615959405899,1.37958192825317,-919.500061035156,35.7000007629395,-902.100036621094,1.64094944836391,0.0012540073997962,0.0014087769635671,ST
60.3333333333333,0.208751901984215,-0.495860517024994,10.2138891220093,0.67835795879364,-0.937505960464478,0.503051996231079,-929.100036621094,32.1000022888184,-899.700012207031,1.63938347496616,0.0178395259519403,0.0380778493920673,ST
60.3666666666667,-0.530552804470062,-0.170470744371414,11.1541700363159,0.868907988071442,-0.945127964019775,-0.0228659994900227,-919.500061035156,33.3000030517578,-897.300048828125,1.63921903841873,-0.0351788379962802,0.0178528453629289,ST
60.4,-0.758445262908936,-0.16568560898304,10.4531469345093,1.00610399246216,-0.78506600856781,0.586893975734711,-931.500061035156,28.5000019073486,-909.300048828125,1.63780253883242,-0.0638341966021121,0.0148046064679584,ST
60.4333333333333,-0.144750595092773,-0.470738530158997,9.67914962768555,0.449698001146317,-0.358233988285065,0.0076219998300075,-943.500061035156,30.3000011444092,-899.700012207031,1.63896939957607,-0.0243006486990904,0.0411648614922367,ST
60.4666666666667,-0.723752975463867,-0.0466551519930363,9.83107757568359,0.78506600856781,-0.137196004390717,0.403965979814529,-933.900024414062,34.5,-902.100036621094,1.63673317053634,-0.0639729388791256,0.0105338876427731,ST
60.5,-0.17525589466095,0.0059814294800162,8.3399076461792,1.09756803512573,0.114329993724823,1.39482593536377,-933.900024414062,33.9000015258789,-892.500061035156,1.6331460441489,-0.0298329467454904,-6.31743936283672e-05,ST
60.5333333333333,-0.748276829719543,0.117236025631428,8.74126148223877,1.27287399768829,0.556405961513519,2.02745199203491,-933.900024414062,29.7000007629395,-892.500061035156,1.62751739976992,-0.076848013414664,-0.0132033011733507,ST
60.5666666666667,-0.66932201385498,-0.39537250995636,9.29932880401611,0.442075997591019,0.87652999162674,3.50611996650696,-924.300048828125,35.7000007629395,-914.100036621094,1.62244677056788,-0.0740565386135926,0.0315482775617204,ST
60.6,0.279332756996155,-1.12391066551208,9.186279296875,-0.37347799539566,0.693601965904236,4.6341757774353,-926.700012207031,30.3000011444092,-897.300048828125,1.61362571712252,0.0099679358697099,0.106066476111625,ST
60.6333333333333,-0.269164323806763,-0.317015767097473,9.84782600402832,1.32622802257538,0.160062000155449,4.29880809783936,-926.700012207031,31.5000019073486,-899.700012207031,1.60251813705937,-0.0216898728424954,0.0425681585528927,ST
60.6666666666667,-1.11434030532837,0.172863319516182,9.53798770904541,2.67532205581665,0.609759986400604,4.54271173477173,-924.300048828125,24.9000015258789,-921.300048828125,1.58929787353268,-0.0981278861538953,-0.0100173894541889,ST
60.7,-0.477318078279495,0.195592746138573,10.6295986175537,1.36433792114258,-0.274392008781433,4.15398979187012,-921.900024414062,26.7000007629395,-918.900024414062,1.57931159480349,-0.0551132737710613,-0.0190182739283909,ST
60.7333333333333,-0.0137572884559631,0.348717361688614,10.4956150054932,2.00458598136902,-1.57013201713562,3.88721990585327,-905.100036621094,26.1000003814697,-902.100036621094,1.57013978446029,-0.0098001142405007,-0.0332833775957169,ST
60.7666666666667,0.571226537227631,0.0370848625898361,8.94941520690918,2.36281991004944,-1.74543797969818,2.88873791694641,-921.900024414062,23.1000003814697,-892.500061035156,1.56260184048799,0.0531995690644623,-0.0126076023115309,ST
60.8,-0.0753660127520561,0.596946656703949,9.29693603515625,1.2423859834671,-1.27287399768829,2.01220798492432,-919.500061035156,29.1000003814697,-911.700012207031,1.55925377900045,0.0061619426379294,-0.0554187333952401,ST
60.8333333333333,-0.0041870009154081,0.596348524093628,8.90036773681641,0.434453994035721,-1.37958192825317,2.01220798492432,-912.300048828125,30.9000015258789,-906.900024414062,1.55458904413996,0.0028682535587811,-0.0654662622863957,ST
60.8666666666667,1.40683221817017,0.245238617062569,9.05109977722168,-1.63872992992401,-2.40855193138123,1.62348592281342,-926.700012207031,24.9000015258789,-916.500061035156,1.5492224866323,0.127032405683959,-0.0324573459376633,ST
60.9,0.913364291191101,0.60352623462677,9.97822093963623,-0.693601965904236,-2.86587190628052,0.243903994560242,-929.100036621094,25.5000019073486,-890.100036621094,1.55157450644298,0.102369687068792,-0.0538138065319236,ST
60.9333333333333,0.611302137374878,0.233275756239891,10.3131809234619,-0.579271972179413,-1.33385002613068,-0.137196004390717,-936.300048828125,29.1000003814697,-899.700012207031,1.54990839136091,0.0692698430103427,-0.0277191465027242,ST
60.9666666666667,1.72205364704132,0.171068891882896,10.2312355041504,-1.33385002613068,-0.6250039935112,-0.777444005012512,-929.100036621094,32.1000022888184,-904.500061035156,1.55096080149825,0.149058095688248,-0.0170735329304948,ST
61.0,1.14664006233215,0.324791640043259,10.1714210510254,-0.571649968624115,-0.137196004390717,-1.02897000312805,-938.700012207031,22.5,-918.900024414062,1.55519238367778,0.118944904803628,-0.0286504317887195,ST
61.0333333333333,0.825437307357788,-0.22011661529541,9.83646106719971,-0.87652999162674,1.18140995502472,-1.14329993724823,-924.300048828125,27.3000011444092,-902.100036621094,1.55365460822693,0.0891818925486757,0.0131807901581696,ST
61.0666666666667,0.394176214933395,-0.150133892893791,8.41527366638184,-1.07470202445984,2.11891603469849,-1.40244793891907,-943.500061035156,30.9000015258789,-902.100036621094,1.55676864717025,0.0524238593806574,0.0182718377655295,ST
61.1,-0.79074501991272,-0.294884473085403,8.30461692810059,-0.99848198890686,3.7728898525238,-1.19665396213531,-941.100036621094,26.1000003814697,-904.500061035156,1.5598661655074,-0.0702994057727987,0.0334559684062379,ST
61.1333333333333,-2.02710652351379,-1.00428199768066,9.60198879241943,-1.12043392658234,4.79423809051514,-0.320124000310898,-917.100036621094,27.9000015258789,-887.700012207031,1.56836411421214,-0.185997919871312,0.0913497175548168,ST
61.1666666666667,-1.91645002365112,-1.37931764125824,11.5716743469238,-1.82165801525116,2.79727387428284,0.144817993044853,-912.300048828125,32.7000007629395,-897.300048828125,1.57238083309087,-0.17111900176092,0.116435252082547,ST
61.2,-1.49595558643341,-1.35957896709442,10.7863121032715,-0.868907988071442,-0.259148001670837,0.25152599811554,-893.100036621094,32.7000007629395,-892.500061035156,1.57269343545408,-0.142182585359752,0.125089124244256,ST
61.2333333333333,-1.25131511688232,-1.69633340835571,9.36572265625,0.0914639979600906,-1.18140995502472,0.823175966739655,-900.300048828125,33.9000015258789,-887.700012207031,1.57635442713296,-0.131170045875083,0.169777413242998,ST
61.2666666666667,-0.489280939102173,-1.05512416362762,8.0833044052124,0.617381989955902,-1.73019397258759,0.823175966739655,-905.100036621094,35.7000007629395,-890.100036621094,1.57068481772683,-0.0721014734416157,0.136817326384435,ST
61.3,0.430064797401428,-1.05990934371948,7.53540515899658,0.868907988071442,-3.70429182052612,1.6920839548111,-919.500061035156,30.9000015258789,-890.100036621094,1.56571277732598,0.0352763547311144,0.137959986189037,ST
61.3333333333333,1.05273163318634,-1.07605922222137,6.69381809234619,0.891773998737335,-4.83234786987305,2.31708788871765,-929.100036621094,27.9000015258789,-906.900024414062,1.55726525473228,0.136228058454701,0.154249254041134,ST
61.3666666666667,-1.02402079105377,-0.436644375324249,8.6264181137085,1.64635193347931,-1.6920839548111,2.9192259311676,-924.300048828125,31.5000019073486,-902.100036621094,1.55272922925609,-0.0674541959506397,0.0682547300551729,ST
61.4,-1.11134958267212,-0.477916240692139,12.3672037124634,1.53202199935913,-0.815553963184357,3.65855979919434,-921.900024414062,27.9000015258789,-892.500061035156,1.54222851655222,-0.0844773887965488,0.0416668024773253,ST
61.4333333333333,-0.0897214487195015,-0.397166937589645,12.2535572052002,2.23324584960938,-2.53050398826599,3.89484190940857,-912.300048828125,30.9000015258789,-916.500061035156,1.53276770057617,-0.0195211534117869,0.0309264668142686,ST
61.4666666666667,1.01863753795624,-0.145946890115738,10.3999118804932,2.00458598136902,-3.12502002716064,2.57623600959778,-933.900024414062,29.7000007629395,-899.700012207031,1.52700756076964,0.0782690322253948,0.0148378300626836,ST
61.5,1.13706982135773,0.407933503389359,10.2414035797119,1.51677799224854,-2.33995389938354,1.82165801525116,-941.100036621094,22.5,-909.300048828125,1.52656843210517,0.108549367280595,-0.0325622294166605,ST
61.5333333333333,1.54619956016541,0.586778283119202,8.62402534484863,1.28049600124359,-2.09605002403259,2.46952795982361,-936.300048828125,28.5000019073486,-909.300048828125,1.52448055468141,0.168760616574417,-0.0632828466673207,ST
61.5666666666667,1.8626172542572,0.43724250793457,7.13106060028076,1.21951997280121,-1.09756803512573,2.34757590293884,-931.500061035156,28.5000019073486,-911.700012207031,1.51865288455764,0.239361688620556,-0.0626523246523402,ST
61.6,1.32967185974121,0.454588651657104,9.63309288024902,0.480185985565186,-0.350611984729767,2.22562384605408,-945.900024414062,26.7000007629395,-906.900024414062,1.51102314442382,0.15829996939985,-0.0503098868066425,ST
61.6333333333333,1.54320883750916,0.479710668325424,9.5086784362793,0.670735955238342,-1.77592599391937,1.89787793159485,-943.500061035156,24.3000011444092,-916.500061035156,1.50624217046345,0.163064493258827,-0.0509449409804979,ST
61.6666666666667,0.887046039104462,0.779978454113007,9.27301025390625,0.472563982009888,-1.32622802257538,1.2423859834671,-936.300048828125,27.9000015258789,-906.900024414062,1.50699555276294,0.108513519050868,-0.0788985530063705,ST
61.7,0.413914948701859,0.613694667816162,11.0273637771606,0.594515979290009,0.144817993044853,1.46342396736145,-953.100036621094,28.5000019073486,-916.500061035156,1.50183746261172,0.0500795710011127,-0.0604448715701878,ST
61.7333333333333,-0.422288924455643,0.719565987586975,11.2869577407837,0.868907988071442,0.434453994035721,1.2347639799118,-941.100036621094,24.3000011444092,-916.500061035156,1.49896165454207,-0.0201875473343885,-0.0642266149559092,ST
61.7666666666667,-0.425877809524536,1.11972367763519,10.7695646286011,0.289635986089706,0.46494197845459,1.58537602424622,-948.300048828125,27.3000011444092,-906.900024414062,1.49435956892558,-0.0359161886182984,-0.0961353738671282,ST
61.8,0.181237325072289,0.696238398551941,9.50449180603027,-0.419209986925125,0.304879993200302,0.792688012123108,-936.300048828125,29.7000007629395,-899.700012207031,1.49249640622709,0.0100136385093338,-0.0761379391591458,ST
61.8333333333333,0.940878868103027,0.241051614284515,7.77167177200317,-1.6920839548111,0.6250039935112,-0.449698001146317,-936.300048828125,20.7000007629395,-904.500061035156,1.49159969600953,0.0972423548685925,-0.0378652314429023,ST
61.8666666666667,-0.0370848625898361,0.622666835784912,9.5385856628418,-1.63872992992401,1.37195992469788,-1.06708002090454,-938.700012207031,26.7000007629395,-911.700012207031,1.49520933278898,0.0145539597739704,-0.0574602521576107,ST
61.9,0.0867307335138321,0.189611315727234,8.47867679595947,-1.38720393180847,1.12805593013763,-0.891773998737335,-929.100036621094,28.5000019073486,-904.500061035156,1.49694287774458,0.0093386669943603,-0.0266516523301104,ST
61.9333333333333,0.488682806491852,0.197387173771858,8.78073883056641,-2.27897787094116,0.365855991840363,-1.60061991214752,-931.500061035156,25.5000019073486,-904.500061035156,1.50080113418736,0.0467457525552718,-0.0200355990587353,ST
61.9666666666667,0.385802209377289,0.165087461471558,10.3430881500244,-2.59910202026367,-1.02897000312805,-1.00610399246216,-938.700012207031,23.7000007629395,-909.300048828125,1.5032689363867,0.0404223059649683,-0.0130234248813914,ST
62.0,1.24952065944672,-0.919345736503601,9.80655384063721,-2.74391984939575,-1.79879200458527,-0.472563982009888,-936.300048828125,27.3000011444092,-904.500061035156,1.49768068357497,0.114455073307498,0.0793800869393284,ST
62.0333333333333,0.522178828716278,-1.3458217382431,11.4879341125488,-2.76678586006165,-0.663114011287689,-1.37958192825317,-941.100036621094,32.7000007629395,-899.700012207031,1.49832269154718,0.060224648457651,0.11285964182781,ST
62.0666666666667,0.964206457138062,-1.15441596508026,10.5380830764771,-2.39330792427063,-0.815553963184357,-1.92836594581604,-931.500061035156,34.5,-894.900024414062,1.50290300803094,0.08598816092314,0.113009155023382,ST
62.1,1.95832014083862,-1.44331896305084,7.72980165481567,-1.28049600124359,0.0457319989800453,-1.83690190315247,-941.100036621094,37.5,-904.500061035156,1.49884813480487,0.212356950247003,0.171147865759723,ST
62.1333333333333,0.860727727413177,-1.20944511890411,8.84593677520752,-0.304879993200302,1.03659200668335,-1.17378795146942,-943.500061035156,32.1000022888184,-897.300048828125,1.50714653135013,0.113178396124644,0.141580099600376,ST
62.1666666666667,-0.294884473085403,-1.08383500576019,9.31727313995361,0.327746003866196,2.39330792427063,-0.381099998950958,-919.500061035156,35.7000007629395,-906.900024414062,1.51000138244687,-0.0120354362437164,0.119399703427009,ST
62.2,-0.843979716300964,-1.29557764530182,10.1080179214478,0.175305992364883,3.02593398094177,0.381099998950958,-938.700012207031,34.5,-906.900024414062,1.51026032873014,-0.0726484603098467,0.125603883648349,ST
62.2333333333333,-0.0909177288413048,-0.87388688325882,11.2259473800659,-0.762199997901917,0.868907988071442,0.396344006061554,-917.100036621094,32.7000007629395,-897.300048828125,1.507578995294,-0.0195895210051839,0.0863299081801762,ST
62.2666666666667,0.501841962337494,-0.919345736503601,10.6702728271484,1.08232402801514,-0.3125019967556,1.11281192302704,-926.700012207031,36.9000015258789,-890.100036621094,1.50495864472942,0.0337350170021256,0.0845456205306485,ST
62.3,0.933701157569885,-0.872092425823212,8.58335208892822,1.6920839548111,-0.213415995240211,0.213415995240211,-912.300048828125,27.9000015258789,-899.700012207031,1.50348298596086,0.0931280919694897,0.0955385941486613,ST
62.3333333333333,-0.0968991592526436,-0.0550291538238525,9.05409049987793,2.23324584960938,0.823175966739655,0.746955990791321,-926.700012207031,38.1000022888184,-902.100036621094,1.50523858531345,0.004433709223337,0.016923465787518,ST
62.3666666666667,0.0992917343974113,-0.0227294322103262,8.76518726348877,1.55488801002502,0.106707997620106,1.48628997802734,-924.300048828125,33.9000015258789,-904.500061035156,1.50157904949912,0.0100016439651332,0.0027556251014111,ST
62.4,0.52935653924942,-0.446812808513641,8.2142972946167,0.282013982534409,-0.899396002292633,0.640248000621796,-919.500061035156,27.3000011444092,-916.500061035156,1.4987190645726,0.0545516390978941,0.0435652522543787,ST
62.4333333333333,0.248229339718819,-0.701023578643799,11.6512269973755,-0.990859985351562,-1.12043392658234,0.525918006896973,-931.500061035156,30.9000015258789,-906.900024414062,1.49686094792209,0.0294919019625734,0.0581794925509063,ST
62.4666666666667,1.44152450561523,-0.772800743579865,10.2713108062744,-1.33385002613068,-3.24697184562683,-0.25152599811554,-921.900024414062,33.9000015258789,-897.300048828125,1.49598847293178,0.124103060918331,0.0739745841195082,ST
62.5,0.637620389461517,-0.862522184848785,8.99786472320557,-0.403965979814529,-1.17378795146942,-0.0457319989800453,-926.700012207031,29.7000007629395,-899.700012207031,1.49412342759396,0.0828812404970257,0.0918084091218357,ST
62.5333333333333,0.84158718585968,-1.07845175266266,11.3826608657837,-1.265251994133,0.236281991004944,0.685979962348938,-929.100036621094,34.5,-894.900024414062,1.49235019092132,0.0745139821015777,0.0959804942168183,ST
62.5666666666667,1.26806306838989,-0.840988993644714,6.90615892410278,-0.0609759986400604,0.121951997280121,1.04421401023865,-933.900024414062,32.7000007629395,-909.300048828125,1.48730424556944,0.162146636606332,0.117201174614699,ST
62.6,-0.0502440109848976,-0.951645493507385,8.48226547241211,0.792688012123108,3.91008591651917,1.57775402069092,-924.300048828125,34.5,-902.100036621094,1.48480586115243,0.0164436300559857,0.111648989406098,ST
62.6333333333333,-1.41221559047699,-0.735715866088867,10.3532562255859,2.01220798492432,3.28508186340332,1.92074394226074,-917.100036621094,36.9000015258789,-894.900024414062,1.47935122509554,-0.113034964697526,0.0752438452927968,ST
62.6666666666667,-2.06419134140015,-0.280529052019119,11.8085384368896,2.69818782806396,3.13264203071594,1.90549993515015,-902.700012207031,30.3000011444092,-897.300048828125,1.46936971041945,-0.167630080794671,0.0281287209700014,ST
62.7,-0.632835268974304,0.206957474350929,8.80346870422363,1.79117000102997,0.800309956073761,1.50153398513794,-905.100036621094,29.1000003814697,-897.300048828125,1.46032767041323,-0.0890123677847583,-0.017776362497178,ST
62.7333333333333,-1.94157207012177,0.0406737215816975,10.7121429443359,2.11129403114319,0.533540010452271,0.87652999162674,-900.300048828125,25.5000019073486,-897.300048828125,1.45985624373246,-0.164888797896511,-0.0094451612464553,ST
62.7666666666667,-0.690257012844086,-0.104076877236366,10.9687461853027,0.518296003341675,-0.830797970294952,0.403965979814529,-905.100036621094,32.7000007629395,-880.500061035156,1.46083103212819,-0.0787729011957776,0.0055115694343438,ST
62.8,1.5061240196228,0.318810194730759,6.76439905166626,-0.693601965904236,-5.4192419052124,-0.693601965904236,-909.900024414062,30.9000015258789,-890.100036621094,1.46478968474135,0.172708853562207,-0.0364501612227434,ST
62.8333333333333,0.693845868110657,0.211144462227821,7.07902193069458,0.426831990480423,-3.62045001983643,-0.129574000835419,-914.700012207031,22.5,-894.900024414062,1.46455973974978,0.116246033610154,-0.0316439220459072,ST
62.8666666666667,-0.0155517170205712,-0.279332756996155,9.17012977600098,0.907018005847931,-0.129574000835419,-0.160062000155449,-931.500061035156,24.9000015258789,-899.700012207031,1.46141824785076,0.0183433937779426,0.0187456828130375,ST
62.9,0.0089721446856856,-0.119628593325615,9.83107757568359,0.884151995182037,-1.20427596569061,-0.243903994560242,-917.100036621094,24.9000015258789,-899.700012207031,1.46199123259456,0.006108351677647,0.01225808648472,ST
62.9333333333333,1.19748222827911,-0.165087461471558,9.341796875,-0.556405961513519,-4.11588001251221,-0.198172003030777,-929.100036621094,31.5000019073486,-904.500061035156,1.46210312864613,0.113033121942489,0.0175560273255057,ST
62.9666666666667,0.730332553386688,-0.251818180084229,11.6596012115479,0.0914639979600906,-2.25611186027527,0.304879993200302,-931.500061035156,34.5,-906.900024414062,1.46096014481848,0.0753041762716824,0.0207471359242979,ST
63.0,1.3338588476181,-0.191405743360519,10.3520603179932,0.663114011287689,-0.92988395690918,0.137196004390717,-931.500061035156,26.7000007629395,-902.100036621094,1.46068433513709,0.120600576968516,0.0179317326834289,ST
63.0333333333333,1.15621042251587,-0.320006489753723,9.0134162902832,0.647870004177094,0.304879993200302,-0.0304879993200302,-938.700012207031,27.3000011444092,-906.900024414062,1.45895063946496,0.125764869127226,0.0312311904796201,ST
63.0666666666667,0.600535571575165,0.107067592442036,7.91402959823608,0.655492007732391,1.12805593013763,-0.556405961513519,-933.900024414062,30.3000011444092,-897.300048828125,1.46395444382937,0.0842648887586418,-0.0055233375093332,ST
63.1,0.154320880770683,0.0047851437702775,8.66529750823975,0.632625997066498,1.76830399036407,-0.403965979814529,-921.900024414062,29.1000003814697,-894.900024414062,1.46461154065685,0.0287398286493155,-0.002455893423348,ST
63.1333333333333,-0.474925518035889,0.32838049530983,9.16235446929932,0.381099998950958,1.37195992469788,-0.205793991684914,-929.100036621094,35.7000007629395,-897.300048828125,1.46492079272902,-0.0374333575311892,-0.0296124822661112,ST
63.1666666666667,-0.906186580657959,0.0155517170205712,10.9741287231445,-0.144817993044853,1.20427596569061,0.46494197845459,-919.500061035156,24.3000011444092,-897.300048828125,1.46503661758691,-0.0760814579611145,-0.0063026891266366,ST
63.2,-0.986337780952454,0.241649761795998,10.9585771560669,0.205793991684914,0.297257989645004,0.106707997620106,-926.700012207031,32.7000007629395,-892.500061035156,1.46372527000955,-0.0877288762786742,-0.0195430467495617,ST
63.2333333333333,-0.103478737175465,-0.363072782754898,9.36811542510986,-0.541162014007568,-0.129574000835419,-0.87652999162674,-936.300048828125,29.7000007629395,-899.700012207031,1.46836970267656,-0.0263282865908894,0.0278127271933048,ST
63.2666666666667,-0.78476357460022,-0.05742172524333,10.2168798446655,-0.754577994346619,-0.78506600856781,-0.823175966739655,-938.700012207031,26.1000003814697,-902.100036621094,1.46938814849866,-0.0653996737116741,0.0112184068691618,ST
63.3,0.319408357143402,-0.401353925466537,9.6043815612793,-1.04421401023865,-1.28811800479889,-0.670735955238342,-938.700012207031,32.7000007629395,-890.100036621094,1.47144991137474,0.0151297780646901,0.0370654907786118,ST
63.3333333333333,0.576011657714844,-0.398961365222931,8.76518726348877,-0.411587983369827,-0.922261953353882,-1.37958192825317,-917.100036621094,32.7000007629395,-906.900024414062,1.47431130783182,0.0567477271143608,0.0442779827179123,ST
63.3666666666667,-0.338548928499222,-0.194994613528252,8.60667896270752,0.655492007732391,0.495429992675781,-1.16616594791412,-926.700012207031,32.7000007629395,-909.300048828125,1.47733762331724,-0.0205616711568015,0.0261029006722068,ST
63.4,-0.208153754472733,-0.596946656703949,8.31777572631836,0.0457319989800453,0.602137982845306,-1.00610399246216,-931.500061035156,33.9000015258789,-890.100036621094,1.48054058256163,-0.0248411954270668,0.0624302245651641,ST
63.4333333333333,0.129797026515007,-0.581993103027344,10.2234592437744,-1.6692179441452,-1.40244793891907,-1.02897000312805,-926.700012207031,27.3000011444092,-899.700012207031,1.48265453384974,0.0071488816680015,0.0603181649700598,ST
63.4666666666667,0.882260859012604,-0.489879101514816,8.53849124908447,-1.34147191047668,-2.44666194915771,-1.05945801734924,-926.700012207031,29.1000003814697,-902.100036621094,1.48506531768423,0.0892744466081807,0.0597011856492624,ST
63.5,-0.35110992193222,-1.6084064245224,11.5561218261719,-1.19665396213531,0.6250039935112,-0.731711983680725,-929.100036621094,34.5,-894.900024414062,1.48432584974686,-0.0067116112133866,0.124099662361669,ST
63.5333333333333,0.32838049530983,-1.59285473823547,12.3594284057617,-2.02745199203491,-0.716467976570129,-0.846041977405548,-936.300048828125,25.5000019073486,-894.900024414062,1.48603875986518,0.0208201977656649,0.130164499629278,ST
63.5666666666667,1.33086812496185,-1.69992232322693,8.0474157333374,-1.28049600124359,-1.76068198680878,-1.05183601379395,-945.900024414062,33.3000030517578,-894.900024414062,1.48278846475979,0.141104497704458,0.19747888268985,ST
63.6,1.41700065135956,-1.54679775238037,8.23642826080322,-1.45580196380615,-0.548784017562866,-0.967993974685669,-945.900024414062,43.5,-921.300048828125,1.48636907147852,0.163188667428693,0.189880141664273,ST
63.6333333333333,0.82962429523468,-1.41640257835388,8.60667896270752,0.0762199983000755,-0.548784017562866,0.426831990480423,-933.900024414062,36.3000030517578,-902.100036621094,1.4880728962709,0.109247637226295,0.168463599960953,ST
63.6666666666667,-0.223107323050499,-1.68257617950439,10.0757179260254,1.64635193347931,1.35671591758728,1.63110792636871,-941.100036621094,36.3000030517578,-904.500061035156,1.48471995350549,-0.0007346362456776,0.163743216208017,ST
63.7,0.182433605194092,-1.69932413101196,9.95549201965332,0.990859985351562,0.762199997901917,1.48628997802734,-936.300048828125,33.3000030517578,-892.500061035156,1.48140990952303,0.0132773171448047,0.166710361879765,ST
63.7333333333333,-1.29497957229614,-1.56294763088226,12.4329996109009,1.81403601169586,0.442075997591019,2.38568592071533,-933.900024414062,32.7000007629395,-904.500061035156,1.47445927867661,-0.0846027796682794,0.129278038320456,ST
63.7666666666667,0.0376830063760281,-1.50253510475159,10.6870203018188,1.50153398513794,0.0533539988100529,2.19513607025146,-941.100036621094,35.7000007629395,-906.900024414062,1.46964927733886,-0.0127454591722169,0.135572297665217,ST
63.8,0.608311414718628,-0.82065212726593,7.94034814834595,1.13567793369293,-1.07470202445984,1.47866797447205,-917.100036621094,36.9000015258789,-918.900024414062,1.46654851657519,0.059392880722616,0.10808363788316,ST
63.8333333333333,-0.0143554313108325,-0.574815392494202,8.40689945220947,1.57775402069092,-0.37347799539566,1.99696397781372,-933.900024414062,39.3000030517578,-902.100036621094,1.46295194559524,0.0108849188261302,0.0741602270415781,ST
63.8666666666667,0.559861838817596,-0.771006286144257,8.3937406539917,1.15854394435883,-0.327746003866196,2.66770005226135,-921.900024414062,32.7000007629395,-890.100036621094,1.45566223192201,0.0571739592414282,0.0871566459089108,ST
63.9,0.0957028716802597,-0.958823204040527,9.33880615234375,1.11281192302704,0.213415995240211,2.53050398826599,-931.500061035156,34.5,-904.500061035156,1.448860966466,0.0174129172167051,0.0982654076521596,ST
63.9333333333333,-0.671116411685944,-1.00488018989563,10.9741287231445,1.30336201190948,0.579271972179413,2.26373386383057,-914.700012207031,32.1000022888184,-894.900024414062,1.44325953571022,-0.0488448689421398,0.0904971586961289,ST
63.9666666666667,0.0526365824043751,-1.02342259883881,10.4716892242432,0.983237981796265,-0.190549999475479,1.62348592281342,-931.500061035156,34.5,-897.300048828125,1.43944451242315,-0.004556320253112,0.0947379746918959,ST
64.0,1.19568777084351,-0.747678697109222,8.16225910186768,0.541162014007568,-1.54726600646973,1.64635193347931,-931.500061035156,30.3000011444092,-892.500061035156,1.43508576776193,0.121702801382557,0.0913845752272363,ST
64.0333333333333,0.305052906274796,-0.578404247760773,9.28377723693848,0.556405961513519,-0.0990860015153885,2.05031800270081,-929.100036621094,30.3000011444092,-897.300048828125,1.43193158975613,0.0476210480546574,0.0665000235961793,ST
64.0666666666667,-0.32538977265358,-0.680088579654694,10.3347139358521,0.92988395690918,1.10518991947174,2.46190595626831,-929.100036621094,27.9000015258789,-894.900024414062,1.42626373480396,-0.0182011903056524,0.0645568792700763,ST
64.1,0.756052732467651,-0.584983825683594,8.9416389465332,0.144817993044853,0.167683988809586,2.0655620098114,-924.300048828125,32.1000022888184,-897.300048828125,1.42152056027052,0.0630959041223119,0.0650856402469007,ST
64.1333333333333,0.110656447708607,-0.348717361688614,9.98838901519775,0.655492007732391,-0.0381099991500378,2.05031800270081,-919.500061035156,29.1000003814697,-899.700012207031,1.4177906801507,0.0214677896681264,0.0401587414461393,ST
64.1666666666667,0.645994424819946,-0.653172135353088,9.34478759765625,0.46494197845459,0.213415995240211,1.61586391925812,-929.100036621094,30.3000011444092,-911.700012207031,1.41312966829729,0.0588802254395809,0.0632598305000296,ST
64.2,0.451597929000854,-0.0011962859425693,9.39383506774902,0.335367977619171,-0.152439996600151,1.03659200668335,-907.500061035156,26.1000003814697,-899.700012207031,1.41343039743637,0.0502855468699537,0.0117077529146174,ST
64.2333333333333,-0.800315320491791,0.225499898195267,8.64854907989502,1.77592599391937,1.36433792114258,0.975615978240967,-914.700012207031,29.1000003814697,-892.500061035156,1.41075929116517,-0.0686666542931086,-0.0218734943063237,ST
64.2666666666667,-0.55866551399231,-0.275743901729584,9.91302299499512,0.685979962348938,1.44817996025085,0.518296003341675,-914.700012207031,27.9000015258789,-894.900024414062,1.41216662164675,-0.0604758392169634,0.018434888067408,ST
64.3,-0.0131591456010938,-0.0789548754692078,9.57088565826416,-0.274392008781433,-1.09756803512573,0.472563982009888,-905.100036621094,39.9000015258789,-890.100036621094,1.4107380209948,-0.0117668880702848,0.0106626457651414,ST
64.3333333333333,0.288304924964905,-0.0604124404489994,10.1367292404175,-0.266770005226135,-1.81403601169586,-0.396344006061554,-907.500061035156,27.9000015258789,-911.700012207031,1.41163559587282,0.022862300411474,0.0072735794376805,ST
64.3666666666667,0.564048826694489,-0.343334078788757,9.87892913818359,0.0533539988100529,-1.77592599391937,-0.419209986925125,-929.100036621094,32.1000022888184,-892.500061035156,1.41171663748923,0.0534644900868098,0.0297294531978248,ST
64.4,0.0711790099740028,-0.312828779220581,11.2426948547363,0.327746003866196,-1.20427596569061,-0.663114011287689,-924.300048828125,30.9000015258789,-899.700012207031,1.41320744211858,0.0175341491018382,0.027722355207302,ST
64.4333333333333,1.31651270389557,-0.275145769119263,7.88711309432983,-0.487807989120483,-1.46342396736145,-1.18140995502472,-929.100036621094,28.5000019073486,-894.900024414062,1.41556221321634,0.140947689363998,0.0341229386771676,ST
64.4666666666667,0.977365612983704,-0.53234726190567,7.21420240402222,-1.01372599601746,0.0381099991500378,-0.87652999162674,-919.500061035156,29.1000003814697,-899.700012207031,1.41336646474535,0.135593146500625,0.067422025863411,ST
64.5,-0.659751713275909,-0.336754500865936,9.06844520568848,-0.670735955238342,1.31098401546478,-0.663114011287689,-926.700012207031,30.9000015258789,-902.100036621094,1.41634271948004,-0.0321869301361467,0.044215124578434,ST
64.5333333333333,-0.479710668325424,-1.00248765945435,10.2653293609619,-1.05945801734924,1.265251994133,0.190549999475479,-924.300048828125,29.1000003814697,-897.300048828125,1.41772483726852,-0.0455780830413207,0.0887481726466158,ST
64.5666666666667,-0.18482618033886,-0.550291538238525,11.5818424224854,-1.02897000312805,-0.602137982845306,-0.0152439996600151,-931.500061035156,27.9000015258789,-894.900024414062,1.41649186137958,-0.0200431542129602,0.0558908691180403,ST
64.6,-0.28112718462944,-1.23815596103668,10.3855562210083,-0.0838419944047928,-0.487807989120483,0.67835795879364,-914.700012207031,30.9000015258789,-880.500061035156,1.41590313256994,-0.0250558865984285,0.107539763687587,ST
64.6333333333333,-0.878672003746033,-0.800315320491791,10.8012657165527,0.396344006061554,1.21189796924591,-0.190549999475479,-936.300048828125,35.7000007629395,-904.500061035156,1.41532808238015,-0.0713488997445016,0.0802199658169328,ST
64.6666666666667,0.0352904349565506,-0.917551338672638,9.66120529174805,-0.434453994035721,0.419209986925125,-0.289635986089706,-917.100036621094,38.7000007629395,-904.500061035156,1.41654063758103,-0.0120387819619353,0.0923959793587179,ST
64.7,0.16269488632679,-0.324791640043259,8.1066312789917,0.25152599811554,-1.04421401023865,-0.0457319989800453,-921.900024414062,32.7000007629395,-902.100036621094,1.41653636018216,0.0150383092964204,0.0502483841964222,ST
64.7333333333333,-0.0484495796263218,-0.362474650144577,6.65613508224487,0.823175966739655,-0.259148001670837,0.609759986400604,-926.700012207031,38.1000022888184,-909.300048828125,1.41507679833038,-0.0024569861975328,0.0524218816337534,ST
64.7666666666667,-2.25978422164917,-0.416307508945465,11.4705877304077,1.31860601902008,1.64635193347931,1.03659200668335,-914.700012207031,32.7000007629395,-906.900024414062,1.41156191072431,-0.166456350387723,0.0367570366305366,ST
64.8,-0.82962429523468,-0.52337509393692,12.1123952865601,0.472563982009888,-0.419209986925125,1.53964400291443,-912.300048828125,37.5,-902.100036621094,1.40848595133791,-0.0853356256765684,0.0411159186509892,ST
64.8333333333333,0.819455862045288,-0.778183996677399,9.30650615692139,-0.533540010452271,-2.88111591339111,0.541162014007568,-914.700012207031,33.9000015258789,-904.500061035156,1.40733437882297,0.0564808293143188,0.0756033035819866,ST
64.8666666666667,1.11374223232269,-0.541319370269775,10.3293313980103,-1.2500079870224,-2.39330792427063,-0.0076219998300075,-921.900024414062,26.1000003814697,-909.300048828125,1.40852145260039,0.100355788074229,0.0588261517022885,ST
64.9,0.560459971427917,-0.772800743579865,9.72161769866943,-0.327746003866196,-0.99848198890686,0.411587983369827,-905.100036621094,39.9000015258789,-911.700012207031,1.40607202807566,0.0674115567281199,0.0757178480282788,ST
64.9333333333333,1.56175124645233,-0.904392182826996,9.39323711395264,-1.47866797447205,-0.46494197845459,0.297257989645004,-919.500061035156,30.3000011444092,-904.500061035156,1.40372480019495,0.145108444280695,0.0939918093816194,ST
64.9666666666667,2.05282664299011,-0.641807436943054,7.86378574371338,-0.853663980960846,-1.19665396213531,0.289635986089706,-921.900024414062,36.9000015258789,-904.500061035156,1.40484597313792,0.235357712765067,0.0852348892808524,ST
65.0,0.753062009811401,-0.798520863056183,9.27480506896973,0.548784017562866,1.05945801734924,0.0609759986400604,-914.700012207031,34.5,-899.700012207031,1.40472904915833,0.110439264240659,0.0850506483305998,ST
65.0333333333333,0.758445262908936,-0.879270195960999,9.29155254364014,0.426831990480423,1.15092194080353,-0.381099998950958,-924.300048828125,35.7000007629395,-902.100036621094,1.40511917539866,0.0847322409668124,0.0920196125283834,ST
65.0666666666667,-0.897812604904175,-0.361278355121613,11.6063661575317,0.868907988071442,0.754577994346619,-0.0381099991500378,-933.900024414062,36.3000030517578,-887.700012207031,1.40625870597547,-0.0454914676515399,0.0422695404603955,ST
65.1,0.251818180084229,-0.994113624095917,9.94771575927734,0.846041977405548,0.182927995920181,0.480185985565186,-924.300048828125,39.3000030517578,-902.100036621094,1.40599431466802,0.0106132667777668,0.0868553590107415,ST
65.1333333333333,0.0496458671987057,-0.767417430877686,10.876033782959,-0.3125019967556,-0.304879993200302,-0.350611984729767,-926.700012207031,33.9000015258789,-897.300048828125,1.40687983236416,0.0061715868069026,0.0739963184883669,ST
65.1666666666667,0.0813474431633949,-1.06708705425262,10.0422220230103,-0.37347799539566,-0.693601965904236,-0.472563982009888,-936.300048828125,33.9000015258789,-904.500061035156,1.40763924511474,0.0086979263304971,0.0999546794637111,ST
65.2,0.342735916376114,-1.28899812698364,8.95778942108154,-0.792688012123108,0.37347799539566,-1.90549993515015,-912.300048828125,30.9000015258789,-906.900024414062,1.41141909761526,0.0317830783415211,0.135281784570655,ST
65.2333333333333,0.356493204832077,-1.15202331542969,9.42792987823486,-0.579271972179413,0.144817993044853,-1.82927989959717,-926.700012207031,39.3000030517578,-904.500061035156,1.41603144176688,0.0364863527392139,0.125068456546739,ST
65.2666666666667,-0.208153754472733,-1.01684308052063,8.73827075958252,0.708845973014832,-0.335367977619171,-1.17378795146942,-933.900024414062,31.5000019073486,-909.300048828125,1.41886324432084,-0.0122399840245402,0.11647765002793,ST
65.3,-0.428868502378464,-0.914560616016388,8.37041282653809,1.37958192825317,0.83841997385025,-0.442075997591019,-917.100036621094,32.7000007629395,-885.300048828125,1.41995498608322,-0.0441933458871222,0.108476203958002,ST
65.3333333333333,-0.865512907505035,-0.817661464214325,9.87294769287109,0.87652999162674,0.236281991004944,-0.205793991684914,-931.500061035156,31.5000019073486,-880.500061035156,1.41925169550894,-0.0797908922581695,0.0860226054309244,ST
65.3666666666667,-0.678892254829407,-0.761435985565186,10.8903894424438,1.28811800479889,-0.25152599811554,0.647870004177094,-936.300048828125,37.5,-882.900024414062,1.41686317479918,-0.0653898757734909,0.0712086717085213,ST
65.4,0.0538328662514687,-0.309838056564331,9.91661262512207,0.990859985351562,-0.967993974685669,0.403965979814529,-924.300048828125,38.1000022888184,-894.900024414062,1.41468132569839,-0.0075373157582726,0.0378852271614278,ST
65.4333333333333,0.465355217456818,-0.223107323050499,9.37529277801514,0.907018005847931,-1.08994603157043,0.769822001457214,-931.500061035156,32.1000022888184,-899.700012207031,1.41299604557327,0.0395547038638471,0.0254012671280247,ST
65.4666666666667,0.405540943145752,-0.297875195741653,8.93505954742432,-0.0762199983000755,-0.594515979290009,0.297257989645004,-933.900024414062,38.1000022888184,-904.500061035156,1.41200770154894,0.0449833233000574,0.0318537437424491,ST
65.5,0.40853163599968,-0.340343356132507,7.8715615272522,-0.472563982009888,-0.320124000310898,0.129574000835419,-917.100036621094,29.1000003814697,-906.900024414062,1.41126841720421,0.050869411411297,0.0415894913346622,ST
65.5333333333333,0.567039549350739,-0.880466461181641,7.83208417892456,-0.907018005847931,0.0914639979600906,-0.320124000310898,-933.900024414062,33.9000015258789,-882.900024414062,1.4087452872477,0.0675264223914901,0.0989759392147499,ST
65.5666666666667,-0.288304924964905,-1.12929391860962,9.80057239532471,-0.647870004177094,-0.0381099991500378,0.37347799539566,-936.300048828125,36.3000030517578,-885.300048828125,1.40753157154887,-0.0097085557965248,0.11246972956636,ST
65.6,-0.38939106464386,-1.19808042049408,9.89747142791748,-0.571649968624115,-0.304879993200302,0.388722002506256,-921.900024414062,35.1000022888184,-887.700012207031,1.40665778199714,-0.033109001679711,0.119738806696156,ST
65.6333333333333,-0.0466551519930363,-1.32369041442871,11.1888628005981,-0.594515979290009,-0.419209986925125,0.731711983680725,-926.700012207031,33.9000015258789,-885.300048828125,1.40460449473681,-0.0082200486777382,0.118926471399201,ST
65.6666666666667,0.647788822650909,-1.39845824241638,10.4830541610718,-0.457319974899292,-1.84452390670776,0.967993974685669,-929.100036621094,39.3000030517578,-892.500061035156,1.40146338256545,0.0512203719575651,0.130888705547252,ST
65.7,1.22140789031982,-0.996506214141846,9.5445671081543,-0.403965979814529,-1.84452390670776,0.792688012123108,-926.700012207031,36.9000015258789,-904.500061035156,1.40086638539808,0.115625483477944,0.109586703925,ST
65.7333333333333,1.81117689609528,-0.716575264930725,8.3279447555542,-0.198172003030777,-1.35671591758728,1.41006994247437,-926.700012207031,30.3000011444092,-902.100036621094,1.40025785686098,0.195340505521137,0.0913663879980347,ST
65.7666666666667,1.08084440231323,-0.0783567279577255,7.81713056564331,0.922261953353882,-0.693601965904236,1.95123195648193,-941.100036621094,44.1000022888184,-892.500061035156,1.40670829858352,0.14998933474721,0.0254747936501278,ST
65.8,1.21363210678101,-0.445018380880356,8.81423473358154,-0.0914639979600906,-0.807931959629059,2.4847719669342,-933.900024414062,31.5000019073486,-894.900024414062,1.39803106384608,0.140337423126743,0.0460600474621583,ST
65.8333333333333,0.602928102016449,0.05742172524333,8.96915340423584,0.0076219998300075,-1.13567793369293,2.9116039276123,-938.700012207031,35.7000007629395,-892.500061035156,1.39593742058448,0.0834052393535234,0.0045160558721861,ST
65.8666666666667,0.120226740837097,-0.328978627920151,11.5411682128906,0.0457319989800453,-0.0533539988100529,3.62045001983643,-929.100036621094,29.1000003814697,-902.100036621094,1.38576901271142,0.0226306858525577,0.0246344446990199,ST
65.9,0.40853163599968,-0.0221312902867794,11.2247514724731,0.0304879993200302,-0.891773998737335,2.82776188850403,-926.700012207031,36.3000030517578,-909.300048828125,1.37973841789908,0.0348070934757827,0.0066172393609379,TR
65.9333333333333,0.285314202308655,0.193798318505287,10.6421594619751,0.983237981796265,0.221037998795509,2.37806391716003,-931.500061035156,33.9000015258789,-894.900024414062,1.37485127368479,0.0281314557038699,-0.0144797300563207,TR
65.9666666666667,0.60950767993927,0.431261092424393,9.24848651885986,1.2500079870224,1.60061991214752,0.6250039935112,-921.900024414062,36.9000015258789,-911.700012207031,1.3743382349486,0.0559606731923438,-0.0418092530881046,TR
66.0,0.445018380880356,0.69863098859787,7.69810009002686,0.541162014007568,1.57775402069092,-0.716467976570129,-929.100036621094,35.1000022888184,-902.100036621094,1.37803145811062,0.0549151767191639,-0.0826269915589655,TR
66.0333333333333,-0.86192399263382,0.651975810527802,9.92917346954346,-0.0381099991500378,2.82013988494873,-0.754577994346619,-931.500061035156,32.7000007629395,-890.100036621094,1.37947166856876,-0.0667705074957353,-0.0683786900172932,TR
66.0666666666667,-0.134582161903381,0.340343356132507,10.0362405776978,-1.82165801525116,0.952749967575073,-0.99848198890686,-926.700012207031,29.1000003814697,-894.900024414062,1.38306592587539,-0.0238092552319642,-0.036985302210503,TR
66.1,-0.0430662930011749,0.0873288735747337,9.90883636474609,-2.05031800270081,-0.144817993044853,-1.82927989959717,-929.100036621094,37.5,-897.300048828125,1.3876151621692,-0.0081184574251246,-0.011602506874954,TR
66.1333333333333,0.593357801437378,-0.136974737048149,9.88251781463623,-2.17989206314087,0.442075997591019,-2.87349390983582,-926.700012207031,34.5,-902.100036621094,1.39388903344047,0.0456249144319788,0.0116342835586826,TR
66.1666666666667,0.90977543592453,-0.594554126262665,9.11689472198486,-1.98934197425842,-0.0381099991500378,-3.7881338596344,-936.300048828125,37.5,-892.500061035156,1.40052230502855,0.0905466735338463,0.0585601936026185,TR
66.2,0.498253107070923,-0.314025074243546,10.3006200790405,-2.14940404891968,-0.358233988285065,-3.83386588096619,-933.900024414062,41.7000007629395,-887.700012207031,1.41110848107971,0.0575751215963413,0.0387637960782016,TR
66.2333333333333,1.15621042251587,-0.206359326839447,7.59462118148804,-1.58537602424622,-0.198172003030777,-4.02441596984863,-936.300048828125,36.3000030517578,-875.700012207031,1.42138137208175,0.132602528864266,0.031138964772842,TR
66.2666666666667,-0.151928320527077,-0.634629666805267,10.5817470550537,-1.54726600646973,2.18751406669617,-3.76526784896851,-931.500061035156,45.9000015258789,-887.700012207031,1.42869854770603,0.0125918132811186,0.0560304858157267,TR
66.3,-0.787156164646149,-0.802109718322754,11.147590637207,-1.2576299905777,1.49391198158264,-3.30032587051392,-931.500061035156,39.3000030517578,-890.100036621094,1.4367512366159,-0.0553503173795052,0.0705499984039987,TR
66.3333333333333,-0.0005981429712846,-0.904990315437317,10.4716892242432,-2.56861400604248,0.762199997901917,-4.37502813339233,-936.300048828125,42.9000015258789,-882.900024414062,1.44726859157041,-0.0117817886955217,0.0867861031514668,TR
66.3666666666667,0.793137550354004,-1.03119850158691,9.38605976104736,-2.64483404159546,-0.0152439996600151,-3.7728898525238,-933.900024414062,48.3000030517578,-880.500061035156,1.45549202232632,0.0650305282036896,0.108319144900493,TR
66.4,0.549693405628204,-1.21901535987854,9.83945178985596,-1.86738991737366,0.335367977619171,-3.91770792007446,-933.900024414062,47.1000022888184,-868.500061035156,1.46391921267928,0.057511228151292,0.122522240997401,TR
66.4333333333333,0.185424327850342,-1.11493849754333,9.62352180480957,-0.868907988071442,1.05945801734924,-3.68904781341553,-943.500061035156,44.7000007629395,-880.500061035156,1.47372236928945,0.024691289247217,0.117621928642231,TR
66.4666666666667,0.866111040115356,-0.911569893360138,8.55942630767822,-1.34147191047668,0.594515979290009,-4.15398979187012,-936.300048828125,44.7000007629395,-880.500061035156,1.48456895917547,0.086569722044506,0.109693281951558,TR
66.5,0.550889670848846,-0.946262180805206,10.0781106948853,-0.434453994035721,-0.228659987449646,-2.66770005226135,-933.900024414062,53.1000022888184,-878.100036621094,1.49219538541319,0.0604948885759315,0.0966843063417898,TR
66.5333333333333,0.590965270996094,-0.311632484197617,9.69529914855957,0.175305992364883,-0.967993974685669,-2.30184388160706,-943.500061035156,45.9000015258789,-875.700012207031,1.50088609783612,0.0623820964246451,0.0432181418441988,TR
66.5666666666667,0.357689499855042,-0.593357801437378,9.82270431518555,1.57775402069092,1.41769194602966,-2.03507399559021,-948.300048828125,50.1000022888184,-873.300048828125,1.50522838360767,0.0391073521569908,0.0548792916360714,TR
66.6,0.488682806491852,-0.187816888093948,11.1565628051758,0.6250039935112,0.907018005847931,-3.20886182785034,-926.700012207031,46.5,-887.700012207031,1.51438386573773,0.0417878972937819,0.0225483772048822,TR
66.6333333333333,0.576011657714844,0.314623206853867,10.7139368057251,0.754577994346619,-1.07470202445984,-2.62959003448486,-948.300048828125,44.1000022888184,-870.900024414062,1.52236357341404,0.0527712759874035,-0.0201130340128849,TR
66.6666666666667,0.559263706207275,0.130395174026489,9.30949687957764,0.92988395690918,1.19665396213531,-3.28508186340332,-941.100036621094,51.9000015258789,-878.100036621094,1.5295657440823,0.0567908148976937,-0.0167866920554588,TR
66.7,0.461168229579926,0.23925718665123,9.1982421875,0.365855991840363,2.29422187805176,-3.71191382408142,-957.900024414062,50.1000022888184,-878.100036621094,1.53914759427202,0.0477521766153882,-0.0252560884298922,TR
66.7333333333333,0.129198879003525,0.177648469805717,10.6840295791626,-0.6250039935112,0.967993974685669,-3.67380380630493,-945.900024414062,51.9000015258789,-870.900024414062,1.54735015483292,0.0178341339047496,-0.0176339274055505,TR
66.7666666666667,0.659751713275909,0.360082060098648,9.40400409698486,-0.0228659994900227,-0.0990860015153885,-3.49849796295166,-943.500061035156,48.3000030517578,-870.900024414062,1.55605004350211,0.0594629703991037,-0.0342909591532224,TR
66.8,0.738108456134796,-0.227892473340034,9.73956203460693,-0.0381099991500378,1.02134799957275,-4.45124769210815,-962.700012207031,54.3000030517578,-866.100036621094,1.56328112634218,0.0709367652642077,0.0113744966561256,TR
66.8333333333333,-0.0317015759646893,0.113049022853374,10.5805511474609,-0.0533539988100529,1.16616594791412,-4.38264989852905,-945.900024414062,51.3000030517578,-866.100036621094,1.57409625857063,0.0103024358288688,-0.0063417130301208,TR
66.8666666666667,0.287706762552261,0.114245310425758,10.5338954925537,-0.487807989120483,0.121951997280121,-4.58844375610352,-955.500061035156,55.5000038146973,-873.300048828125,1.58472694923162,0.0236498319890559,-0.0093803536819276,TR
66.9,1.30275535583496,0.104675017297268,8.50619125366211,-1.30336201190948,-0.602137982845306,-4.80948209762573,-977.100036621094,59.7000007629395,-875.700012207031,1.59644451748223,0.12829094509867,-0.0105396302087782,TR
66.9333333333333,1.08144247531891,-0.46236452460289,8.58813667297363,-1.13567793369293,1.37958192825317,-4.73326206207275,-984.300048828125,54.3000030517578,-880.500061035156,1.60208802327878,0.123800397922586,0.0444200765391378,TR
66.9666666666667,-0.271556913852692,-0.421092659235001,11.0782060623169,-0.640248000621796,1.64635193347931,-4.58844375610352,-967.500061035156,58.5000038146973,-863.700012207031,1.61316992553814,0.0034737502215801,0.039933185911007,TR
67.0,0.796128273010254,-0.349913626909256,10.0517930984497,-0.861285984516144,0.236281991004944,-4.83234786987305,-977.100036621094,53.1000022888184,-861.300048828125,1.62584850345298,0.0669772662925031,0.0365353981652704,TR
67.0333333333333,0.52636581659317,-0.741099119186401,10.8114337921143,-0.144817993044853,-0.121951997280121,-4.10825777053833,-981.900024414062,59.1000022888184,-858.900024414062,1.6337706228806,0.0527374591232479,0.0618836160356908,TR
67.0666666666667,0.322997212409973,-0.263781040906906,11.1134967803955,0.655492007732391,-0.243903994560242,-3.92532992362976,-972.300048828125,47.7000007629395,-866.100036621094,1.64407506189756,0.0343911225684515,0.0302904337104449,TR
67.1,1.63173401355743,-0.196190893650055,8.55822944641113,0.3125019967556,-0.0304879993200302,-4.42075967788696,-984.300048828125,56.1000022888184,-858.900024414062,1.65481115188498,0.157356889741554,0.0232948010376564,TR
67.1333333333333,1.33744764328003,0.233275756239891,7.93257188796997,0.823175966739655,0.586893975734711,-4.19210004806519,-972.300048828125,55.5000038146973,-868.500061035156,1.67110090454693,0.164202177348379,-0.0208450065432722,TR
67.1666666666667,0.119030453264713,-0.283519774675369,8.64675521850586,1.08994603157043,1.91312193870544,-4.32929611206055,-991.500061035156,52.5000038146973,-875.700012207031,1.67655408604229,0.0415977750480405,0.0200535261930196,TR
67.2,-0.28710862994194,-0.779380261898041,11.6655826568604,-0.335367977619171,2.24848985671997,-5.03814172744751,-991.500061035156,57.3000030517578,-868.500061035156,1.68783745278268,-0.0140005835905311,0.0577300234705119,TR
67.2333333333333,0.573020994663239,-0.458177506923676,10.7414512634277,-0.571649968624115,-0.670735955238342,-5.14484977722168,-1003.50006103516,57.9000015258789,-870.900024414062,1.70048307125519,0.0425398107085476,0.0459741560585189,TR
67.2666666666667,0.407335370779037,-0.495262384414673,10.1498880386353,-0.632625997066498,-0.0228659994900227,-5.12960577011108,-1013.10003662109,60.3000030517578,-878.100036621094,1.71256693433387,0.040913210704917,0.0488214068707727,TR
67.3,0.436644375324249,-0.731528878211975,11.0710287094116,-0.92988395690918,0.868907988071442,-4.2302098274231,-1008.30004882812,54.3000030517578,-863.700012207031,1.72189368391285,0.0387911738478548,0.0635782870719717,TR
67.3333333333333,0.987534046173096,-0.635227859020233,9.39981651306152,-0.243903994560242,1.12043392658234,-4.33691787719727,-1010.70001220703,53.1000022888184,-849.300048828125,1.73215091659227,0.0907741115228828,0.0666188015686676,TR
67.3666666666667,1.21363210678101,-0.267369896173477,7.97025489807129,0.663114011287689,2.62196803092957,-4.70277404785156,-1001.10003662109,60.3000030517578,-856.500061035156,1.74735274499572,0.13741144425974,0.0373129264647343,TR
67.4,-0.658555388450623,-0.572422802448273,9.7778434753418,1.76830399036407,4.01679372787476,-3.20123982429504,-1013.10003662109,58.5000038146973,-858.900024414062,1.75413813984077,-0.0310476302639586,0.0516743026903645,TR
67.4333333333333,-0.260192185640335,-0.727341830730438,10.402304649353,1.2423859834671,3.87959790229797,-4.53508996963501,-1015.50006103516,59.1000022888184,-854.100036621094,1.7655666851106,-0.0311927925628852,0.0646253745080341,TR
67.4666666666667,0.0394774377346039,-0.0568235814571381,9.78741359710693,0.396344006061554,1.61586391925812,-5.41161966323853,-1025.10009765625,59.1000022888184,-861.300048828125,1.77732294257079,-0.0050866440224348,0.0172304510953151,TR
67.5,-0.418101936578751,-0.295482635498047,10.6702728271484,0.945127964019775,1.52439999580383,-3.84148788452148,-1015.50006103516,59.7000007629395,-858.900024414062,1.78752497812395,-0.0358874531365893,0.0247972301145837,TR
67.5333333333333,0.466551512479782,-0.364867210388184,9.93993949890137,0.137196004390717,0.937505960464478,-4.05490398406982,-1015.50006103516,59.7000007629395,-873.300048828125,1.7969544131703,0.0290260050440596,0.0340538608683894,TR
67.5666666666667,0.421690791845322,-0.287706762552261,9.59660625457764,0.350611984729767,0.800309956073761,-4.67990779876709,-1010.70001220703,56.1000022888184,-858.900024414062,1.80854365068065,0.0402986460791445,0.0299508278580555,TR
67.6,-0.151330173015594,-0.37025049328804,9.79997444152832,0.92988395690918,2.11129403114319,-4.30642986297607,-1015.50006103516,66.3000030517578,-844.500061035156,1.81849331147846,-0.0069234472733087,0.0348400545894531,TR
67.6333333333333,-0.155517175793648,-0.251220047473907,9.90584564208984,1.06708002090454,2.15702605247498,-3.95581793785095,-1039.5,61.5000038146973,-856.500061035156,1.82767062217224,-0.0167692754850359,0.0258576196857686,TR
67.6666666666667,-0.145946890115738,-0.386998504400253,9.02777194976807,1.35671591758728,1.78354799747467,-3.48325395584106,-1032.30004882812,63.3000030517578,-858.900024414062,1.83633160013805,-0.0186214653632679,0.0377874322678287,TR
67.7,-0.416905641555786,-0.412120521068573,9.3358154296875,1.15092194080353,2.5152599811554,-3.60520601272583,-1034.70007324219,57.3000030517578,-863.700012207031,1.84504437304411,-0.0426460405274572,0.0414132590217045,TR
67.7333333333333,0.176452174782753,-0.317613929510117,9.1922607421875,0.548784017562866,1.52439999580383,-3.14788603782654,-1032.30004882812,59.1000022888184,-873.300048828125,1.85232783906853,0.0047452473552267,0.0352108123312805,TR
67.7666666666667,-0.0663938671350479,-0.206359326839447,10.3293313980103,1.01372599601746,0.571649968624115,-3.23934984207153,-1039.5,54.3000030517578,-868.500061035156,1.85982131260127,-0.0048514173838375,0.0216433174608935,TR
67.8,0.14355431497097,-0.212340757250786,10.2850685119629,1.56251001358032,0.266770005226135,-2.74391984939575,-1044.30004882812,54.3000030517578,-878.100036621094,1.86672397170026,0.0104858879381865,0.0185185450645552,TR
67.8333333333333,0.460570096969604,-0.0155517170205712,10.0822982788086,1.40244793891907,-0.548784017562866,-2.62196803092957,-1046.70007324219,61.5000038146973,-868.500061035156,1.8730556433409,0.0393516485766399,0.0029069943063737,TR
67.8666666666667,0.295482635498047,0.299669623374939,9.42972373962402,1.45580196380615,-0.304879993200302,-2.27897787094116,-1041.90002441406,59.7000007629395,-880.500061035156,1.87927013871739,0.0333055064514797,-0.0269177946486022,TR
67.9,0.0113647161051631,0.108862020075321,10.1397199630737,1.56251001358032,1.12043392658234,-1.95123195648193,-1039.5,54.3000030517578,-873.300048828125,1.88342500906082,0.0059964399740636,-0.0162153871020219,TR
67.9333333333333,-0.331969350576401,0.431261092424393,10.2294406890869,1.83690190315247,1.18903195858002,-2.13416004180908,-1051.5,57.9000015258789,-878.100036621094,1.88806807272797,-0.0264152393959431,-0.039418990880861,TR
67.9666666666667,-0.260790348052979,0.387596637010574,9.59481143951416,1.36433792114258,1.06708002090454,-2.56861400604248,-1046.70007324219,55.5000038146973,-885.300048828125,1.89389244185377,-0.0286357950182705,-0.0419847765094562,TR
68.0,-0.497654944658279,0.161498606204987,10.2491798400879,0.716467976570129,1.265251994133,-3.07166600227356,-1044.30004882812,60.3000030517578,-863.700012207031,1.90190765951821,-0.0466496743002987,-0.021579547489062,TR
68.0333333333333,-0.183031752705574,0.238060906529427,10.438193321228,0.160062000155449,0.548784017562866,-3.72715783119202,-1044.30004882812,56.1000022888184,-868.500061035156,1.91069020268894,-0.0239534512417128,-0.0226324190235914,TR
68.0666666666667,0.258995920419693,0.0783567279577255,8.87464714050293,0.434453994035721,0.541162014007568,-4.18447780609131,-1049.10009765625,55.5000038146973,-870.900024414062,1.92033925659781,0.01760724696661,-0.0122430854718799,TR
68.1,-0.24224790930748,0.0628050118684769,9.75571155548096,0.114329993724823,1.46342396736145,-5.18296003341675,-1061.10009765625,53.7000007629395,-878.100036621094,1.93223932487057,-0.0183667511312136,-0.0077241523996555,TR
68.1333333333333,-0.571226537227631,-0.239855334162712,9.74374866485596,0.503051996231079,1.71494996547699,-4.35978412628174,-1056.30004882812,48.9000015258789,-868.500061035156,1.94453790174313,-0.0546533365722916,0.0190409951453534,TR
68.1666666666667,-0.382213354110718,-0.28112718462944,9.89986419677734,0.129574000835419,1.28811800479889,-4.61131000518799,-1056.30004882812,53.1000022888184,-861.300048828125,1.95559337541811,-0.0434573449198062,0.0266297607421478,TR
68.2,-0.391185492277145,-0.602329969406128,9.39263916015625,0.0152439996600151,1.16616594791412,-3.95581793785095,-1063.5,56.1000022888184,-873.300048828125,1.96669978893774,-0.0432868886153753,0.0575801338790943,TR
68.2333333333333,-0.520982503890991,-0.854148149490356,9.4787712097168,-0.228659987449646,1.65397393703461,-4.12350177764893,-1051.5,60.9000015258789,-870.900024414062,1.97768951484864,-0.0542584675255893,0.083968032757528,TR
68.2666666666667,-0.750669419765472,-0.99590802192688,10.1116065979004,-0.144817993044853,1.38720393180847,-3.07166600227356,-1075.5,54.9000015258789,-866.100036621094,1.98572938037851,-0.0713494973221538,0.095799966105431,TR
68.3,-0.477318078279495,-1.35060679912567,9.93814563751221,-0.335367977619171,0.99848198890686,-2.66007804870605,-1063.5,56.7000007629395,-878.100036621094,1.99422568424938,-0.0530474344510308,0.128326785247784,TR
68.3333333333333,-0.285912334918976,-0.916355013847351,8.93685436248779,-0.358233988285065,0.548784017562866,-2.30184388160706,-1056.30004882812,57.3000030517578,-868.500061035156,1.99869037665944,-0.0364910297228858,0.108085115430068,TR
68.3666666666667,-0.391185492277145,-1.13647162914276,8.78612232208252,0.426831990480423,1.16616594791412,-0.945127964019775,-1068.30004882812,63.9000015258789,-873.300048828125,2.00192740265067,-0.044157856484949,0.124192362239286,TR
68.4,-0.759641587734222,-1.20884692668915,9.65043830871582,0.777444005012512,1.18903195858002,-0.205793991684914,-1065.90002441406,52.5000038146973,-873.300048828125,2.00279740204737,-0.0727465023575474,0.123477617466814,TR
68.4333333333333,-0.333165645599365,-1.17236018180847,9.10074520111084,1.06708002090454,-0.426831990480423,0.0533539988100529,-1065.90002441406,59.1000022888184,-878.100036621094,2.00281601671857,-0.0418058606905922,0.125782233684586,TR
68.4666666666667,-0.300267785787582,-1.09938681125641,9.57626914978027,1.70732796192169,-0.304879993200302,0.236281991004944,-1077.90002441406,56.7000007629395,-890.100036621094,2.0018469322192,-0.0325305965937192,0.11373432009302,TR
68.5,-0.55866551399231,-0.397765070199966,10.1516828536987,2.80489587783813,-0.670735955238342,0.78506600856781,-1058.70007324219,57.9000015258789,-885.300048828125,1.99720945124433,-0.0505212093012486,0.0467447743341829,TR
68.5333333333333,-0.788352429866791,-0.112450875341892,9.75092697143555,3.27745985984802,-0.266770005226135,1.47866797447205,-1063.5,59.7000007629395,-875.700012207031,1.99221442685582,-0.0742801225448523,0.0139316013596604,ST
68.5666666666667,-0.705808699131012,-0.104675017297268,10.338303565979,2.08842802047729,0.586893975734711,1.50915598869324,-1058.70007324219,53.7000007629395,-890.100036621094,1.98866797873189,-0.0702331861626997,0.0078304639684813,ST
68.6,-0.364867210388184,0.0873288735747337,9.95070648193359,0.914639949798584,-0.594515979290009,0.807931959629059,-1058.70007324219,56.7000007629395,-868.500061035156,1.98610453646806,-0.04258721185731,-0.0067680719642617,ST
68.6333333333333,-0.239855334162712,-0.209948182106018,9.40699481964111,0.304879993200302,-0.884151995182037,0.129574000835419,-1061.10009765625,55.5000038146973,-887.700012207031,1.98662127343026,-0.0270752415897133,0.0169873796590678,ST
68.6666666666667,0.0580198690295219,-0.52038437128067,9.2879638671875,0.0914639979600906,-0.182927995920181,-0.46494197845459,-1068.30004882812,54.3000030517578,-882.900024414062,1.98810390526652,-0.0002028137871945,0.0479901651488807,ST
68.7,-0.270360618829727,-0.720762252807617,9.1450080871582,0.533540010452271,0.0762199983000755,-1.35671591758728,-1063.5,51.9000015258789,-880.500061035156,1.99153086098564,-0.0235508214103851,0.0717531145620763,ST
68.7333333333333,-0.637022256851196,-0.656162858009338,9.81911468505859,0.426831990480423,-0.221037998795509,-1.36433792114258,-1065.90002441406,56.1000022888184,-873.300048828125,1.99448788851177,-0.0559191272302299,0.0672315890121168,ST
68.7666666666667,-0.157909750938416,-0.525169551372528,8.89318943023682,0.693601965904236,-0.403965979814529,-1.28811800479889,-1073.10009765625,50.7000007629395,-890.100036621094,1.99714987144029,-0.0247512903206275,0.0597418884864045,ST
68.8,-0.571226537227631,-0.497056812047958,9.37708759307861,1.03659200668335,0.434453994035721,-0.922261953353882,-1077.90002441406,49.5000038146973,-873.300048828125,1.9992801819473,-0.0548766341643788,0.0527464191760378,ST
68.8333333333333,-0.879270195960999,-0.421690791845322,9.58464336395264,1.14329993724823,0.914639949798584,-0.914639949798584,-1080.30004882812,53.1000022888184,-882.900024414062,2.001070763026,-0.0852453888180158,0.0442479277168594,ST
68.8666666666667,-1.03179657459259,-0.251220047473907,9.82808685302734,1.13567793369293,0.952749967575073,-0.87652999162674,-1068.30004882812,51.3000030517578,-882.900024414062,2.0018722179619,-0.101961422788841,0.0278679857073896,ST
68.9,-0.889438569545746,-0.232079476118088,9.7419548034668,0.807931959629059,0.586893975734711,-0.891773998737335,-1070.70007324219,52.5000038146973,-887.700012207031,2.00371817005933,-0.0940132354573372,0.0236304798908255,ST
68.9333333333333,-0.902597725391388,-0.293090045452118,9.82150745391846,0.358233988285065,0.0076219998300075,-1.06708002090454,-1068.30004882812,44.7000007629395,-887.700012207031,2.00683337824494,-0.0920029310118215,0.0283540364903645,ST
68.9666666666667,-0.528160214424133,-0.362474650144577,10.0027446746826,0.0533539988100529,-0.381099998950958,-0.914639949798584,-1075.5,48.3000030517578,-887.700012207031,2.0093933607543,-0.0600661419796931,0.0346537603536867,ST
69.0,0.163891181349754,-0.418101936578751,9.10672664642334,0.190549999475479,-0.762199997901917,-0.731711983680725,-1085.10009765625,55.5000038146973,-878.100036621094,2.01126842302693,0.0033329857368507,0.0433705889802521,ST
69.0333333333333,0.156115308403969,-0.607115089893341,9.21379470825195,0.335367977619171,-0.282013982534409,-0.609759986400604,-1073.10009765625,48.9000015258789,-882.900024414062,2.01247419398534,0.0146086375498182,0.0607997473885464,ST
69.0666666666667,0.269164323806763,-0.661546111106873,9.63369083404541,0.480185985565186,-0.182927995920181,-0.350611984729767,-1077.90002441406,56.7000007629395,-902.100036621094,2.01314133758002,0.0256409776454712,0.0663994862099771,ST
69.1,0.192602038383484,-0.559263706207275,9.25865459442139,0.632625997066498,-0.320124000310898,-0.586893975734711,-1085.10009765625,56.7000007629395,-868.500061035156,2.01466695342613,0.0220974345682121,0.0604113769986939,ST
69.1333333333333,-0.148937597870827,-0.562254369258881,9.45604228973389,0.884151995182037,-0.0685980021953583,-0.350611984729767,-1082.70007324219,49.5000038146973,-882.900024414062,2.01546364332941,-0.0079749093290541,0.0583638215411336,ST
69.1666666666667,-0.0364867225289345,-0.561058104038239,9.79100227355957,1.32622802257538,-0.571649968624115,-0.434453994035721,-1073.10009765625,48.3000030517578,-887.700012207031,2.01650289597279,-0.0035155622546102,0.0554706494124416,ST
69.2,-0.199779748916626,-0.239855334162712,10.4363985061646,1.2347639799118,-0.983237981796265,-0.236281991004944,-1085.10009765625,55.5000038146973,-887.700012207031,2.01672711318653,-0.0146073826873495,0.0278107836809966,ST
69.2333333333333,0.203966751694679,0.110656447708607,9.8256950378418,1.22714197635651,-1.12805593013763,0.480185985565186,-1080.30004882812,46.5,-880.500061035156,2.01560011228945,0.0151951361947959,-0.0050915742663238,ST
69.2666666666667,0.431859225034714,0.349315494298935,9.32504844665527,1.2423859834671,-0.777444005012512,0.861285984516144,-1082.70007324219,44.7000007629395,-899.700012207031,2.0143445942234,0.0411024037060768,-0.0326110226819048,ST
69.3,-0.17525589466095,0.183031752705574,9.79877853393555,1.28811800479889,1.11281192302704,0.320124000310898,-1073.10009765625,51.3000030517578,-875.700012207031,2.01325978632083,-0.0095836815570442,-0.0228832824406495,ST
69.3333333333333,-0.565245091915131,0.366063505411148,9.60557842254639,1.27287399768829,1.17378795146942,0.0381099991500378,-1080.30004882812,50.1000022888184,-902.100036621094,2.01274931686046,-0.0510614941525797,-0.0370063107530413,ST
69.3666666666667,-0.792539417743683,0.310436189174652,9.60378360748291,0.884151995182037,0.503051996231079,-0.0533539988100529,-1094.70007324219,51.9000015258789,-897.300048828125,2.01312093096211,-0.0767023678854727,-0.0344913287673706,ST
69.4,-1.31651270389557,0.302660346031189,10.0954570770264,0.381099998950958,0.647870004177094,-0.701223969459534,-1077.90002441406,43.5,-897.300048828125,2.01507626568269,-0.119879837857648,-0.031322381026227,ST
69.4333333333333,-0.992319166660309,0.368456065654755,10.5297088623047,0.167683988809586,-0.0076219998300075,-0.83841997385025,-1082.70007324219,48.3000030517578,-885.300048828125,2.0168721516574,-0.0982940232913079,-0.0344818952856541,ST
69.4666666666667,-0.418101936578751,0.279332756996155,9.62053108215332,0.243903994560242,-0.579271972179413,-1.2576299905777,-1070.70007324219,51.3000030517578,-890.100036621094,2.02034547940903,-0.0524431710231867,-0.0302282016200997,ST
69.5,-0.485692083835602,0.271556913852692,9.44407939910889,0.495429992675781,-0.0152439996600151,-1.41769194602966,-1094.70007324219,49.5000038146973,-885.300048828125,2.02389852161709,-0.0515936264244715,-0.0296156455106844,ST
69.5333333333333,-0.372044920921326,0.135180309414864,9.25985145568848,0.266770005226135,0.25152599811554,-1.89025592803955,-1077.90002441406,49.5000038146973,-880.500061035156,2.02895525044366,-0.0427388389219141,-0.017702854511191,ST
69.5666666666667,-0.434849947690964,0.183629885315895,9.40101337432861,-0.175305992364883,0.0076219998300075,-2.37806391716003,-1085.10009765625,45.3000030517578,-890.100036621094,2.03436078690933,-0.0455848075073551,-0.0187697331711868,ST
69.6,-0.279930919408798,-0.0867307335138321,9.23772048950195,-0.37347799539566,-0.0381099991500378,-2.53050398826599,-1080.30004882812,49.5000038146973,-897.300048828125,2.04125004741645,-0.0331560824794712,0.004705021872848,ST
69.6333333333333,0.0179442893713713,-0.491075366735458,9.36332988739014,-0.945127964019775,0.0076219998300075,-2.94971394538879,-1085.10009765625,41.1000022888184,-878.100036621094,2.04875233298867,-0.005050550596858,0.0441563694914313,ST
69.6666666666667,-0.209350034594536,-0.534141659736633,10.1098127365112,-0.708845973014832,-0.236281991004944,-2.75154185295105,-1082.70007324219,41.7000007629395,-906.900024414062,2.05512518812945,-0.0170068586602793,0.0520815866580669,ST
69.7,-0.490477234125137,-0.681284844875336,10.4286222457886,-0.198172003030777,-0.175305992364883,-2.54574799537659,-1087.5,55.5000038146973,-880.500061035156,2.06125333546932,-0.0404159255715824,0.0629712984769506,ST
69.7333333333333,-0.380418926477432,-0.153722748160362,9.04033279418945,0.0838419944047928,0.289635986089706,-2.080806016922,-1094.70007324219,48.9000015258789,-882.900024414062,2.06456311297825,-0.0420197691287453,0.0262766087902999,ST
69.7666666666667,-0.774595141410828,-0.448607236146927,9.2466926574707,0.297257989645004,0.342989981174469,-1.53964400291443,-1085.10009765625,48.3000030517578,-882.900024414062,2.06919379373558,-0.0755163579659548,0.0437136067754196,ST
69.8,0.657957255840302,-1.12809765338898,9.13782978057861,-0.701223969459534,-2.67532205581665,-2.58385801315308,-1097.10009765625,45.3000030517578,-890.100036621094,2.08045186213181,0.0750683027198734,0.123051741836797,ST
69.8333333333333,0.460570096969604,-0.819455862045288,9.53798770904541,0.564027965068817,-1.92074394226074,-2.46952795982361,-1101.90002441406,48.9000015258789,-882.900024414062,2.08827955282231,0.0555072217830277,0.0905505542866657,ST
69.8666666666667,0.795530140399933,-0.549095273017883,9.54935264587402,0.754577994346619,-1.6920839548111,-1.44055795669556,-1118.70007324219,47.7000007629395,-878.100036621094,2.09327254478116,0.0806450812117897,0.0621438468841565,ST
69.9,0.712388277053833,-0.821848452091217,8.18080139160156,0.297257989645004,-0.815553963184357,-1.05183601379395,-1109.10009765625,47.1000022888184,-894.900024414062,2.09304984970102,0.0866952381292574,0.0927943230642918,ST
69.9333333333333,-0.409129798412323,-1.09041464328766,9.90046215057373,0.0381099991500378,1.00610399246216,-0.975615978240967,-1116.30004882812,47.7000007629395,-892.500061035156,2.0950390879635,-0.0165103191522319,0.106235945087794,ST
69.9666666666667,-0.260790348052979,-1.70769822597504,11.4837465286255,-0.945127964019775,0.121951997280121,-1.19665396213531,-1111.5,44.7000007629395,-887.700012207031,2.09869585695759,-0.0214131824991324,0.142081003896044,ST
70.0,0.450999796390533,-1.78366231918335,9.21439266204834,-1.05183601379395,-0.335367977619171,-1.58537602424622,-1106.70007324219,50.1000022888184,-873.300048828125,2.10191850609176,0.0348193864192573,0.182727333532211,ST
70.0333333333333,-0.263781040906906,-1.75315701961517,9.6881217956543,-0.525918006896973,1.16616594791412,-1.11281192302704,-1113.90002441406,45.3000030517578,-890.100036621094,2.10495817814696,-0.0156867504336668,0.180510646610562,ST
70.0666666666667,-0.44322395324707,-1.50552582740784,9.75631046295166,0.342989981174469,1.47866797447205,0.221037998795509,-1116.30004882812,50.7000007629395,-875.700012207031,2.10441865585994,-0.0410771506521514,0.158157906180828,ST
70.1,-0.427672237157822,-1.29019439220428,9.41536808013916,1.30336201190948,1.09756803512573,1.15854394435883,-1109.10009765625,50.7000007629395,-899.700012207031,2.10144083174196,-0.0459374931773094,0.13873225813953,ST
70.1333333333333,-0.163891181349754,-0.859531462192535,8.06177139282227,2.17989206314087,0.518296003341675,1.96647596359253,-1109.10009765625,56.7000007629395,-875.700012207031,2.09622565876208,-0.0264416557115948,0.109637357072054,ST
70.1666666666667,-0.597544848918915,-0.553282260894775,8.94223785400391,2.65245604515076,0.586893975734711,2.36281991004944,-1101.90002441406,51.9000015258789,-894.900024414062,2.08937863644578,-0.0596057694194306,0.0675969222168335,ST
70.2,-0.628050148487091,-0.424681514501572,9.96207141876221,2.66007804870605,-0.0076219998300075,2.57623600959778,-1101.90002441406,44.7000007629395,-892.500061035156,2.08218779897618,-0.0624578583498837,0.0433571135562765,ST
70.2333333333333,-0.202172324061394,-0.184228032827377,10.0661478042603,2.0731840133667,-1.28049600124359,2.13416004180908,-1104.30004882812,50.7000007629395,-880.500061035156,2.07636881364765,-0.0269179194577663,0.0203336970899044,ST
70.2666666666667,-0.0376830063760281,-0.238659039139748,9.48834228515625,2.14178204536438,-0.861285984516144,1.15854394435883,-1101.90002441406,51.3000030517578,-904.500061035156,2.07375879679681,-0.0074272203231934,0.0211700009228976,ST
70.3,-0.276342064142227,-0.383409649133682,10.2796850204468,1.57775402069092,0.586893975734711,0.548784017562866,-1109.10009765625,47.7000007629395,-892.500061035156,2.07266036859859,-0.0244731868949942,0.0322702504895003,ST
70.3333333333333,0.0167480036616325,0.0209350045770407,9.53439903259277,0.868907988071442,-0.358233988285065,-0.388722002506256,-1106.70007324219,50.1000022888184,-902.100036621094,2.07322586529195,-0.0024079061685649,0.0027170742813184,ST
70.3666666666667,0.279332756996155,0.150732025504112,8.1311559677124,0.419209986925125,-0.586893975734711,-0.533540010452271,-1106.70007324219,45.9000015258789,-892.500061035156,2.0747617631586,0.0286072535503833,-0.0153531840624455,ST
70.4,0.171667039394379,-0.389989227056503,9.77664661407471,0.236281991004944,0.205793991684914,-0.739333987236023,-1118.70007324219,48.9000015258789,-890.100036621094,2.07540215637296,0.0195077536965714,0.0283839388705133,ST
70.4333333333333,0.187218755483627,-0.434849947690964,10.1762065887451,0.236281991004944,-0.358233988285065,-1.34147191047668,-1106.70007324219,41.7000007629395,-897.300048828125,2.0785051899019,0.019159203280263,0.0399218780781765,ST
70.4666666666667,0.409129798412323,-0.107067592442036,9.40699481964111,0.0914639979600906,-0.884151995182037,-1.31860601902008,-1109.10009765625,45.3000030517578,-887.700012207031,2.08246381393508,0.0407131868435023,0.0159796162549654,ST
70.5,0.227892473340034,-0.466551512479782,8.81184196472168,-0.0,-0.282013982534409,-0.403965979814529,-1116.30004882812,45.9000015258789,-897.300048828125,2.08234335860572,0.0292390262445702,0.0454403943152941,ST
70.5333333333333,-0.246434897184372,-0.362474650144577,9.78442287445068,-0.114329993724823,0.457319974899292,-0.106707997620106,-1113.90002441406,44.7000007629395,-894.900024414062,2.08270407728482,-0.0166908668777126,0.038609917748785,ST
70.5666666666667,-0.442625790834427,-0.35709136724472,9.59361553192139,0.510673999786377,0.342989981174469,0.350611984729767,-1111.5,43.5,-894.900024414062,2.08188411552857,-0.0410010188765424,0.0367337334798328,ST
70.6,-0.546702682971954,-0.285314202308655,9.88670539855957,0.586893975734711,0.213415995240211,1.04421401023865,-1106.70007324219,42.3000030517578,-885.300048828125,2.07922508437587,-0.0526975810618335,0.0295510357431538,ST
70.6333333333333,-0.538926839828491,-0.163293033838272,10.0123147964478,0.739333987236023,-0.0381099991500378,1.55488801002502,-1109.10009765625,50.1000022888184,-887.700012207031,2.075114123877,-0.0535468706921041,0.0178294810042971,ST
70.6666666666667,-0.65436840057373,-0.142358019948006,10.3759860992432,0.769822001457214,-0.449698001146317,1.69970595836639,-1111.5,51.3000030517578,-887.700012207031,2.07103298083483,-0.0604855160814981,0.0133360001098524,ST
70.7,-0.285912334918976,-0.0322997197508812,9.40041446685791,0.731711983680725,-0.769822001457214,1.62348592281342,-1116.30004882812,38.1000022888184,-892.500061035156,2.06692908965857,-0.0354091495271389,0.0043082964583732,ST
70.7333333333333,-0.282323479652405,0.0209350045770407,8.13594055175781,0.92988395690918,-0.182927995920181,1.32622802257538,-1113.90002441406,43.5,-906.900024414062,2.06370974403231,-0.0345770427493046,-0.0025474127403163,ST
70.7666666666667,-0.788950562477112,0.186022460460663,10.1678323745728,0.602137982845306,0.0381099991500378,0.632625997066498,-1118.70007324219,41.7000007629395,-911.700012207031,2.06162909705236,-0.0688326065117238,-0.0160037881066202,ST
70.8,-0.541319370269775,0.364269077777863,10.2192726135254,0.701223969459534,-0.792688012123108,0.807931959629059,-1099.5,45.9000015258789,-887.700012207031,2.05881632111389,-0.0547626236187754,-0.0329676038786694,ST
70.8333333333333,-0.250023752450943,0.20097604393959,9.43690204620361,0.381099998950958,-1.11281192302704,0.137196004390717,-1094.70007324219,45.9000015258789,-904.500061035156,2.05898659043823,-0.03062594604256,-0.0241817403253613,ST
70.8666666666667,-0.51739364862442,0.213537037372589,9.82689094543457,0.190549999475479,-0.564027965068817,-0.37347799539566,-1118.70007324219,49.5000038146973,-899.700012207031,2.05996042396429,-0.0473891473303617,-0.0224652157901617,ST
70.9,-0.358287632465363,0.253612607717514,10.2294406890869,-0.472563982009888,-0.708845973014832,-1.08232402801514,-1118.70007324219,44.1000022888184,-916.500061035156,2.06239498253918,-0.036544780450643,-0.0235994588790451,ST
70.9333333333333,0.0921140164136887,0.0370848625898361,8.73767280578613,-0.846041977405548,-1.6844619512558,-1.22714197635651,-1111.5,45.9000015258789,-897.300048828125,2.06552414795315,0.0033730417372687,-0.0069498121354804,ST
70.9666666666667,0.136376604437828,-0.239855334162712,8.57617378234863,-1.37958192825317,-0.739333987236023,-1.6844619512558,-1111.5,49.5000038146973,-904.500061035156,2.06948870872219,0.0149011937929533,0.0240749710462375,ST
71.0,0.0562254376709461,-0.339147061109543,9.93993949890137,-1.81403601169586,-0.647870004177094,-1.2500079870224,-1104.30004882812,45.9000015258789,-880.500061035156,2.07224906169576,0.0084737607538239,0.0345940092349211,ST
71.0333333333333,0.301464051008224,-0.592161536216736,9.90046215057373,-1.81403601169586,-1.73019397258759,-1.13567793369293,-1111.5,43.5,-887.700012207031,2.07433971280487,0.0284544476694056,0.0571663032892113,ST
71.0666666666667,0.943271458148956,-0.78775429725647,9.37290000915527,-2.00458598136902,-1.6692179441452,-1.05945801734924,-1118.70007324219,41.7000007629395,-885.300048828125,2.07537728177855,0.0879501736843046,0.081160456970307,ST
71.1,1.1777435541153,-1.44451522827148,9.32325458526611,-2.11891603469849,-0.762199997901917,-1.61586391925812,-1116.30004882812,46.5,-882.900024414062,2.07312912799954,0.11823985175338,0.141757523804931,ST
71.1333333333333,0.802109718322754,-1.30873680114746,10.5458583831787,-1.92074394226074,-0.472563982009888,-1.77592599391937,-1123.5,50.1000022888184,-890.100036621094,2.07869886592547,0.0849713382058559,0.129593547196431,ST
71.1666666666667,0.424681514501572,-1.04435765743256,9.03435134887695,-0.274392008781433,-0.0609759986400604,-1.15092194080353,-1128.30004882812,53.7000007629395,-880.500061035156,2.08240560861824,0.0533819329029346,0.117814461196422,ST
71.2,-0.278734624385834,-1.00069320201874,9.50987529754639,0.594515979290009,1.88263392448425,-0.480185985565186,-1121.10009765625,45.3000030517578,-880.500061035156,2.08431371309858,-0.0179299965523066,0.106164823782631,ST
71.2333333333333,-0.543711960315704,-0.95762687921524,10.3777809143066,0.594515979290009,0.762199997901917,0.0990860015153885,-1121.10009765625,44.7000007629395,-878.100036621094,2.0838923523629,-0.0475037205976128,0.0935292889557028,ST
71.2666666666667,-0.158507883548737,-1.01086163520813,9.52482891082764,0.0228659994900227,-0.228659987449646,0.0381099991500378,-1128.30004882812,44.7000007629395,-878.100036621094,2.08409491659178,-0.022476281929174,0.103242194091842,ST
71.3,-0.114245310425758,-1.01504862308502,9.76288986206055,-0.503051996231079,-0.236281991004944,0.320124000310898,-1123.5,48.3000030517578,-885.300048828125,2.08327754215533,-0.0134097088307141,0.104233978235681,TR
71.3333333333333,-0.091515876352787,-1.08503139019012,9.65701866149902,-0.0762199983000755,-0.472563982009888,0.37347799539566,-1125.90002441406,51.3000030517578,-875.700012207031,2.08231753018244,-0.0095143445915335,0.110624249606705,TR
71.3666666666667,0.205163031816483,-0.907981038093567,9.37050819396973,0.106707997620106,-0.449698001146317,0.503051996231079,-1113.90002441406,47.7000007629395,-875.700012207031,2.08102151485547,0.0167683848732583,0.0989558002313271,TR
71.4,0.643601834774017,-0.683677434921265,8.96257400512695,0.3125019967556,-0.533540010452271,0.884151995182037,-1121.10009765625,46.5,-880.500061035156,2.07943105001465,0.0629613821073217,0.079588922031353,TR
71.4333333333333,0.05742172524333,-0.413316786289215,9.20841121673584,1.27287399768829,0.182927995920181,1.30336201190948,-1109.10009765625,45.9000015258789,-894.900024414062,2.07718524851997,0.0147855640955603,0.0485085031788331,TR
71.4666666666667,-0.308641761541367,-0.204564899206161,10.3113870620728,1.12805593013763,0.137196004390717,1.37958192825317,-1121.10009765625,49.5000038146973,-875.700012207031,2.07374454297897,-0.0221989069903186,0.0233200580226662,TR
71.5,0.0155517170205712,0.0496458671987057,10.4046974182129,0.655492007732391,-0.670735955238342,1.12043392658234,-1109.10009765625,42.9000015258789,-878.100036621094,2.0708768916794,-0.0023577108868205,-4.02735455747628e-05,TR
71.5333333333333,0.28710862994194,0.145946890115738,8.93087291717529,0.647870004177094,-0.541162014007568,1.15854394435883,-1113.90002441406,47.1000022888184,-885.300048828125,2.06836263218263,0.0259521939238555,-0.0139313203158825,TR
71.5666666666667,0.277538329362869,0.181237325072289,9.89448070526123,-0.259148001670837,0.228659987449646,0.922261953353882,-1125.90002441406,47.1000022888184,-885.300048828125,2.06607718622904,0.0273951362451619,-0.0172067930586322,TR
71.6,0.0705808699131012,0.120824880897999,9.06366062164307,-0.25152599811554,0.182927995920181,0.6250039935112,-1123.5,44.7000007629395,-892.500061035156,2.06457511274295,0.0114954834833315,-0.0137455007113404,TR
71.6333333333333,-0.0011962859425693,-0.0568235814571381,8.64675521850586,-0.213415995240211,1.28049600124359,0.137196004390717,-1116.30004882812,50.1000022888184,-885.300048828125,2.06414711018133,0.0004222979568536,0.002775757922841,TR
71.6666666666667,-0.186620607972145,-0.209948182106018,9.98958587646484,-0.0762199983000755,0.861285984516144,-0.0152439996600151,-1123.5,51.3000030517578,-887.700012207031,2.06431523043672,-0.0160266928758712,0.0174441117991632,TR
71.7,0.355296939611435,0.11484345048666,9.60976505279541,-0.0076219998300075,-0.274392008781433,-0.617381989955902,-1116.30004882812,41.1000022888184,-885.300048828125,2.06596344749399,0.0278840823884999,-0.0066962426697192,TR
71.7333333333333,0.720164120197296,0.137572884559631,9.57208156585693,-0.221037998795509,-0.777444005012512,-1.01372599601746,-1121.10009765625,51.9000015258789,-885.300048828125,2.06869386479571,0.0672084765091493,-0.0126756417761892,TR
71.7666666666667,0.257799625396729,0.562852561473846,9.90046215057373,-0.0457319989800453,-0.907018005847931,-1.05945801734924,-1125.90002441406,47.7000007629395,-894.900024414062,2.07310260560959,0.0350551202143652,-0.0484313369360083,TR
71.8,0.842783451080322,0.440831363201141,10.0476055145264,-0.579271972179413,-0.884151995182037,-1.21189796924591,-1123.5,50.7000007629395,-878.100036621094,2.07607105672546,0.076655521011332,-0.0438922338639082,TR
71.8333333333333,1.09579789638519,0.502440094947815,9.22157001495361,-0.693601965904236,-0.891773998737335,-1.70732796192169,-1118.70007324219,48.3000030517578,-897.300048828125,2.08094890489822,0.110869453667301,-0.0515733898928376,TR
71.8666666666667,0.857737004756927,0.464757084846497,9.71563625335693,-0.655492007732391,-0.320124000310898,-2.21800184249878,-1118.70007324219,51.3000030517578,-897.300048828125,2.08584633506159,0.0928695248291429,-0.0479547745608579,TR
71.9,0.0813474431633949,0.907382905483246,10.3173685073853,-0.0,0.358233988285065,-2.36281991004944,-1121.10009765625,49.5000038146973,-885.300048828125,2.09377217205291,0.0205156483317128,-0.0816136645599973,TR
71.9333333333333,0.534739792346954,1.01026344299316,8.87703990936279,-0.487807989120483,0.716467976570129,-2.71343183517456,-1135.5,49.5000038146973,-890.100036621094,2.1011620229375,0.0513614264179969,-0.107100050254148,TR
71.9666666666667,0.142358019948006,0.849363029003143,9.18927001953125,-0.922261953353882,1.59299790859222,-2.97257995605469,-1123.5,52.5000038146973,-892.500061035156,2.10720823492361,0.0200569777370547,-0.0940140225862477,TR
72.0,0.111254595220089,0.96360832452774,10.6098604202271,-0.899396002292633,1.6615959405899,-3.803377866745,-1128.30004882812,54.9000015258789,-887.700012207031,2.11605641137008,0.0092914904294985,-0.0899658262578223,TR
72.0333333333333,0.120226740837097,0.952841758728027,9.83227443695068,-0.487807989120483,1.14329993724823,-4.5655779838562,-1125.90002441406,53.7000007629395,-890.100036621094,2.12633567818575,0.0094124222044168,-0.0946460041292583,TR
72.0666666666667,0.0065795728005468,0.784165441989899,10.5362882614136,-1.35671591758728,1.48628997802734,-4.99240970611572,-1135.5,47.7000007629395,-894.900024414062,2.13742590809761,-0.0002428311853098,-0.0765257658899416,TR
72.1,0.949851036071777,0.973776757717133,10.3203592300415,-1.36433792114258,0.891773998737335,-5.49546194076538,-1133.10009765625,48.9000015258789,-882.900024414062,2.15120578444063,0.0730336153207432,-0.0893482967523881,TR
72.1333333333333,0.96360832452774,0.559861838817596,10.139121055603,-1.13567793369293,1.37195992469788,-6.15095376968384,-1152.30004882812,41.7000007629395,-873.300048828125,2.16377703681526,0.0881835150594186,-0.0603807027201885,TR
72.1666666666667,0.955234348773956,0.358885794878006,9.85620021820068,-1.44055795669556,2.23324584960938,-6.82169008255005,-1157.10009765625,52.5000038146973,-882.900024414062,2.17806724453459,0.091360643226957,-0.0397816470518405,TR
72.2,0.729734420776367,0.245238617062569,10.2743015289307,-1.44817996025085,2.63721203804016,-7.45431566238403,-1140.30004882812,42.3000030517578,-890.100036621094,2.1956201120376,0.0701773663680549,-0.0252612416660686,TR
72.2333333333333,0.39836323261261,0.212340757250786,10.2850685119629,-0.221037998795509,3.17075204849243,-7.55340194702148,-1137.90002441406,49.5000038146973,-878.100036621094,2.21367758803017,0.0395427697044153,-0.0216841511007675,TR
72.2666666666667,0.532945394515991,-0.142358019948006,10.6260099411011,-0.419209986925125,2.88111591339111,-8.16316223144531,-1157.10009765625,48.3000030517578,-887.700012207031,2.23126781297978,0.0439276112146041,0.0064112011738048,TR
72.3,-0.106469452381134,0.282921612262726,10.8287801742554,-0.3125019967556,2.30946588516235,-8.13267421722412,-1142.70007324219,50.7000007629395,-892.500061035156,2.25049928518513,-0.0023032872622592,-0.019275818514505,TR
72.3333333333333,-0.199181616306305,-0.226098045706749,10.4764738082886,0.327746003866196,3.41465592384338,-7.5610237121582,-1159.5,45.3000030517578,-894.900024414062,2.26825210863194,-0.0203748292969439,0.0130207549716292,TR
72.3666666666667,-0.147741317749023,-0.730930685997009,9.82808685302734,0.411587983369827,3.3689239025116,-7.1418137550354,-1164.30004882812,41.1000022888184,-873.300048828125,2.28597326316314,-0.0203312979399456,0.0615083006606743,TR
72.4,-0.65137767791748,0.028710862621665,9.92917346954346,0.487807989120483,2.5152599811554,-7.55340194702148,-1142.70007324219,41.1000022888184,-899.700012207031,2.30250426414154,-0.0607611626534165,0.0084708547707348,TR
72.4333333333333,-1.29079258441925,0.14355431497097,9.49851036071777,1.04421401023865,2.40855193138123,-5.29728984832764,-1147.5,38.7000007629395,-904.500061035156,2.31307527249483,-0.123440915599274,-0.0110316958508533,TR
72.4666666666667,-1.11314404010773,-0.0155517170205712,10.2443943023682,0.350611984729767,2.71343183517456,-4.50460195541382,-1164.30004882812,42.9000015258789,-880.500061035156,2.32564851335173,-0.114754791858067,-0.0003232743438036,TR
72.5,-1.08862018585205,0.315819501876831,10.5620088577271,0.899396002292633,1.27287399768829,-3.83386588096619,-1178.70007324219,45.3000030517578,-899.700012207031,2.33193041645359,-0.106967662636835,-0.0246052218527009,TR
72.5333333333333,-0.545506417751312,0.534141659736633,9.98779106140137,0.922261953353882,0.205793991684914,-2.64483404159546,-1164.30004882812,40.5,-892.500061035156,2.33675778497793,-0.0632332202803396,-0.0499589188045859,TR
72.5666666666667,-0.099889874458313,0.457579374313354,9.33641338348389,1.33385002613068,0.510673999786377,-1.89025592803955,-1166.70007324219,39.3000030517578,-894.900024414062,2.34113349986299,-0.022125875455956,-0.05093579163224,TR
72.6,-0.32838049530983,0.648985147476196,9.77126312255859,1.79117000102997,1.62348592281342,-2.38568592071533,-1161.90002441406,43.5,-904.500061035156,2.34610496419561,-0.0336817349286327,-0.065620098934036,TR
72.6333333333333,-0.804502308368683,0.79373574256897,10.4172582626343,1.09756803512573,1.04421401023865,-3.00306797027588,-1152.30004882812,36.3000030517578,-890.100036621094,2.35245916114082,-0.069895750271842,-0.0752407247814781,TR
72.6666666666667,-0.505430817604065,1.05093717575073,10.4172582626343,0.320124000310898,0.190549999475479,-3.00306797027588,-1152.30004882812,37.5,-906.900024414062,2.3580907721083,-0.0532416808054003,-0.0956485589384033,TR
72.7,-0.343334078788757,1.01325416564941,10.0685405731201,0.541162014007568,0.236281991004944,-2.27897787094116,-1154.70007324219,39.9000015258789,-904.500061035156,2.36358230702311,-0.0378272666783647,-0.100164539971738,TR
72.7333333333333,-0.320604622364044,0.886447906494141,10.2868623733521,0.87652999162674,1.265251994133,-3.06404399871826,-1154.70007324219,35.1000022888184,-892.500061035156,2.37140615758654,-0.0344240256493511,-0.0894657726040965,TR
72.7666666666667,-0.309838056564331,0.964206457138062,10.2138891220093,0.846041977405548,0.92988395690918,-3.07166600227356,-1154.70007324219,34.5,-911.700012207031,2.37857030833694,-0.0326825642528281,-0.0943617146396561,TR
72.8,-0.287706762552261,1.14544379711151,10.2964334487915,0.823175966739655,0.663114011287689,-3.30794787406921,-1159.5,39.3000030517578,-904.500061035156,2.38626876736379,-0.0300479143231263,-0.109083563425873,TR
72.8333333333333,-0.678294122219086,1.20047295093536,9.60079288482666,1.10518991947174,1.65397393703461,-3.14026403427124,-1159.5,36.9000015258789,-904.500061035156,2.39307074698368,-0.0662035998105418,-0.123196958253289,TR
72.8666666666667,-0.768015563488007,1.06469452381134,10.0452127456665,0.609759986400604,1.76830399036407,-3.32319188117981,-1152.30004882812,38.7000007629395,-904.500061035156,2.40124677525587,-0.0769113811972034,-0.109679943198499,TR
72.9,-0.468944102525711,0.836203873157501,9.75930118560791,0.0533539988100529,0.647870004177094,-3.58996200561523,-1157.10009765625,37.5,-892.500061035156,2.41138463269273,-0.0541587063462771,-0.0892961911682522,TR
72.9333333333333,-0.442625790834427,1.05093717575073,10.1056251525879,0.0685980021953583,0.457319974899292,-3.82624387741089,-1154.70007324219,31.5000019073486,-897.300048828125,2.42025059295832,-0.0465219952155928,-0.101049555637417,TR
72.9666666666667,-0.584385693073273,0.682481110095978,9.95549201965332,0.6250039935112,0.830797970294952,-3.64331603050232,-1159.5,35.7000007629395,-904.500061035156,2.42982576811529,-0.0576696445800376,-0.0756291657955324,TR
73.0,-0.84158718585968,0.990524768829346,10.9220905303955,0.823175966739655,0.907018005847931,-3.87959790229797,-1149.90002441406,30.9000015258789,-911.700012207031,2.43783410804176,-0.0744850000420246,-0.0882379321490034,TR
73.0333333333333,-0.499449372291565,1.25490391254425,9.82270431518555,0.99848198890686,0.365855991840363,-4.16923379898071,-1159.5,30.9000015258789,-911.700012207031,2.44533354438189,-0.0563999217868129,-0.120277202648956,TR
73.0666666666667,-0.168676316738129,1.00069320201874,9.61155986785889,0.396344006061554,0.663114011287689,-4.08539199829102,-1152.30004882812,35.7000007629395,-897.300048828125,2.45535744373591,-0.026425337549816,-0.107231963602184,TR
73.1,-0.216527760028839,1.16398620605469,10.5434665679932,0.342989981174469,0.167683988809586,-4.15398979187012,-1152.30004882812,32.1000022888184,-911.700012207031,2.4647812640145,-0.0224839683394631,-0.109745492194971,TR
73.1333333333333,-0.0502440109848976,1.08862018585205,11.5537300109863,0.396344006061554,-0.525918006896973,-4.5655779838562,-1169.10009765625,27.3000011444092,-914.100036621094,2.4758836318713,-0.00769279668638,-0.0974222630505588,TR
73.1666666666667,1.12271440029144,1.24294114112854,9.85320949554443,0.46494197845459,-1.46342396736145,-5.00765371322632,-1164.30004882812,32.1000022888184,-902.100036621094,2.48940352404486,0.0923076196901468,-0.121545607496139,TR
73.2,0.595152258872986,1.33086812496185,10.8981647491455,0.647870004177094,-0.457319974899292,-5.16771602630615,-1164.30004882812,29.7000007629395,-909.300048828125,2.50237451171197,0.0603061363975251,-0.122998765064776,TR
73.2333333333333,1.34223282337189,1.22499680519104,9.33761024475098,0.647870004177094,-0.945127964019775,-4.92381191253662,-1157.10009765625,23.1000003814697,-914.100036621094,2.51441980501732,0.125598494092591,-0.130562349532628,TR
73.2666666666667,0.651975810527802,1.07605922222137,9.5391845703125,0.320124000310898,-0.221037998795509,-5.40399789810181,-1173.90002441406,32.7000007629395,-894.900024414062,2.52531780540341,0.0788648982023225,-0.117161440909333,TR
73.3,-0.580796837806702,0.715977132320404,12.2051076889038,1.13567793369293,1.63110792636871,-5.28204584121704,-1169.10009765625,27.3000011444092,-909.300048828125,2.53690335617985,-0.0292067059888286,-0.0701791658464074,TR
73.3333333333333,-1.17056584358215,0.423485219478607,11.928765296936,1.06708002090454,1.15854394435883,-5.37350988388062,-1173.90002441406,26.1000003814697,-904.500061035156,2.55198833019202,-0.0883236969863573,-0.0423713719697801,TR
73.3666666666667,-0.20097604393959,0.595750391483307,10.0374374389648,0.0914639979600906,1.12043392658234,-5.40399789810181,-1171.5,29.1000003814697,-897.300048828125,2.56346218009133,-0.0357197641569378,-0.0556057077840599,TR
73.4,-0.291893780231476,0.0430662930011749,10.6451501846313,0.663114011287689,1.38720393180847,-4.67990779876709,-1173.90002441406,17.1000003814697,-923.700012207031,2.57586230053392,-0.0311514040004752,-0.0145598897520805,TR
73.4333333333333,-0.0293090064078569,-0.215331465005875,9.98180961608887,0.0228659994900227,0.419209986925125,-4.83997011184692,-1173.90002441406,23.1000003814697,-914.100036621094,2.58827401263856,-0.0085463688501398,0.0151954735257354,TR
73.4666666666667,0.118432305753231,-0.132189601659775,10.6672821044922,-0.0838419944047928,-0.3125019967556,-4.2302098274231,-1183.5,22.5,-911.700012207031,2.59800443158564,0.0076562568994113,0.0130632933844944,TR
73.5,0.686668157577515,-0.202172324061394,9.72700119018555,0.0914639979600906,-1.44817996025085,-3.86435389518738,-1171.5,23.7000007629395,-902.100036621094,2.60690589123014,0.0606697772296964,0.0189565664230556,TR
73.5333333333333,0.424083352088928,-0.0586180128157139,8.2920560836792,0.266770005226135,-1.49391198158264,-2.40092992782593,-1176.30004882812,25.5000019073486,-918.900024414062,2.61292458831068,0.0551513615951264,0.0089023624288775,TR
73.5666666666667,0.0699827298521996,-0.735117733478546,9.52781963348389,0.525918006896973,1.19665396213531,-1.18140995502472,-1171.5,17.1000003814697,-911.700012207031,2.61380703960233,0.0153919434924852,0.0624973571451308,TR
73.6,-0.528160214424133,-0.671714544296265,10.7007780075073,1.6920839548111,2.35519790649414,-1.98171997070312,-1169.10009765625,22.5,-916.500061035156,2.6191692301845,-0.0416096134755852,0.0602733155140293,TR
73.6333333333333,-0.791941285133362,-0.170470744371414,9.22934627532959,3.09453201293945,2.83538389205933,-2.01220798492432,-1161.90002441406,21.3000011444092,-914.100036621094,2.62220995104297,-0.0805719838770214,0.0227996592555994,TR
73.6666666666667,-1.12929391860962,-0.381017059087753,9.42254638671875,3.22410583496094,4.00917196273804,-1.63872992992401,-1149.90002441406,16.5,-902.100036621094,2.62808341094865,-0.117458047558638,0.0327581563773528,TR
73.7,-1.44272089004517,0.125610023736954,9.67556095123291,2.10367202758789,2.67532205581665,-0.884151995182037,-1140.30004882812,17.1000003814697,-914.100036621094,2.62566835170335,-0.146399811297393,-0.0076298000075493,TR
73.7333333333333,-0.886447906494141,-0.369652360677719,9.00863170623779,1.21189796924591,1.19665396213531,0.586893975734711,-1147.5,19.5,-918.900024414062,2.6295056985763,-0.108405935825267,0.0305340699185203,TR
73.7666666666667,-0.404942780733109,-0.353502482175827,9.53619384765625,1.10518991947174,0.304879993200302,-0.0762199983000755,-1133.10009765625,9.90000057220459,-902.100036621094,2.63024300535441,-0.0546328183411911,0.034320122724968,TR
73.8,-0.0107665732502937,0.0604124404489994,9.26284217834473,2.66007804870605,-0.937505960464478,-0.37347799539566,-1133.10009765625,17.1000003814697,-928.500061035156,2.63013105799084,-0.0093676796521287,-0.0030341716635677,TR
73.8333333333333,0.186620607972145,0.794932007789612,8.26693439483643,3.44514393806458,-1.95885396003723,-0.304879993200302,-1145.10009765625,12.3000001907349,-909.300048828125,2.63150422356559,0.0199364782997384,-0.0852727772400611,TR
73.8666666666667,-0.382213354110718,1.7423905134201,8.69998931884766,4.03965997695923,-1.02134799957275,0.289635986089706,-1152.30004882812,10.5,-911.700012207031,2.63068757730757,-0.0302541447545995,-0.183329928655774,TR
73.9,-0.0789548754692078,1.7124832868576,9.12347507476807,2.80489587783813,-0.990859985351562,0.739333987236023,-1149.90002441406,11.7000007629395,-926.100036621094,2.62945271101959,-0.0113396383962881,-0.189020746864645,TR
73.9333333333333,0.435448080301285,1.51569426059723,8.86986255645752,0.495429992675781,-2.44666194915771,0.594515979290009,-1157.10009765625,12.3000001907349,-923.700012207031,2.62880840460902,0.0426492063335331,-0.173103618280644,TR
73.9666666666667,0.28411790728569,1.1496307849884,9.68453311920166,0.472563982009888,-1.32622802257538,0.358233988285065,-1159.5,11.7000007629395,-906.900024414062,2.62666029097026,0.0333857603648656,-0.128050171048194,TR
74.0,-0.174059599637985,0.311034351587296,11.7403497695923,0.442075997591019,-0.144817993044853,0.205793991684914,-1159.5,13.5000009536743,-911.700012207031,2.62505459805142,-0.0048599550339594,-0.0476013608253866,TR
74.0333333333333,0.0795530155301094,0.241649761795998,11.8635673522949,0.243903994560242,-0.769822001457214,-0.0762199983000755,-1154.70007324219,10.5,-914.100036621094,2.6253045164129,0.0058781961036751,-0.0252910304743344,TR
74.0666666666667,0.79672646522522,0.209948182106018,9.60079288482666,0.0152439996600151,-0.891773998737335,-0.83841997385025,-1171.5,9.90000057220459,-923.700012207031,2.62718377831086,0.068480385312734,-0.0226358455823388,TR
74.1,0.2554070353508,-0.135180309414864,10.027268409729,0.0914639979600906,0.342989981174469,-1.6768399477005,-1171.5,12.9000005722046,-906.900024414062,2.62976930804174,0.0326533743320177,0.0068008390629549,TR
74.1333333333333,0.267369896173477,0.0251220054924488,9.43391132354736,0.342989981174469,0.716467976570129,-2.00458598136902,-1161.90002441406,15.9000005722046,-918.900024414062,2.63489705054062,0.0280818708260461,-0.001550205605392,TR
74.1666666666667,0.312230616807938,0.179442897439003,7.95589971542358,0.777444005012512,1.46342396736145,-1.69970595836639,-1157.10009765625,5.10000038146973,-928.500061035156,2.63965460613742,0.0351879371907567,-0.0202338095925112,TR
74.2,-0.850559294223785,0.0490477234125137,9.43510723114014,0.647870004177094,2.95733594894409,-0.830797970294952,-1142.70007324219,9.90000057220459,-909.300048828125,2.64167951925191,-0.0687720679172614,-0.0091221992817945,TR
74.2333333333333,-1.3841028213501,0.455784946680069,9.95549201965332,0.937505960464478,2.13416004180908,-0.205793991684914,-1149.90002441406,6.30000019073486,-914.100036621094,2.63926234795415,-0.127029251672008,-0.0396088591947477,TR
74.2666666666667,-1.74418485164642,0.479112505912781,9.99018383026123,0.952749967575073,1.41769194602966,0.327746003866196,-1152.30004882812,5.70000028610229,-916.500061035156,2.63752254539355,-0.165409622806626,-0.0476531542900495,TR
74.3,-2.30524301528931,0.671116411685944,10.0368394851685,-1.12043392658234,0.0457319989800453,3.07928800582886,-1137.90002441406,8.10000038146973,-916.500061035156,2.62733850175359,-0.213035141030983,-0.0621650898672745,TR
74.3333333333333,-2.29268193244934,0.788950562477112,10.0775127410889,-2.73629784584045,-1.15092194080353,8.60523796081543,-1147.5,7.50000047683716,-909.300048828125,2.60435704558331,-0.218593509549471,-0.0736989668014488,TR
74.3666666666667,-2.61209034919739,0.597544848918915,9.11091327667236,-3.24697184562683,-2.66770005226135,13.9635038375854,-1149.90002441406,15.9000005722046,-916.500061035156,2.57132883608606,-0.26272740147304,-0.0673072106152042,TR
74.4,1.58268630504608,-2.76461672782898,6.27332353591919,-6.41772365570068,-2.74391984939575,19.9696388244629,-1161.90002441406,14.7000007629395,-921.300048828125,2.54547843914214,0.136358015290929,0.336711458522908,TR
74.4333333333333,0.683677434921265,-2.4655454158783,11.0512895584106,-3.49849796295166,0.381099998950958,13.3613653182983,-1149.90002441406,15.9000005722046,-914.100036621094,2.5262549173685,0.0700268677867212,0.249581668107598,TR
74.4666666666667,0.716575264930725,-2.35249638557434,10.5267181396484,0.381099998950958,-0.579271972179413,8.04121017456055,-1152.30004882812,28.5000019073486,-918.900024414062,2.50950314966798,0.0652633241117703,0.226055900773716,TR
74.5,0.112450875341892,-1.60481762886047,9.98001575469971,0.586893975734711,-2.23324584960938,5.3506441116333,-1137.90002441406,31.5000019073486,-918.900024414062,2.4987423138903,0.0236630869815508,0.172337339580358,TR
74.5333333333333,0.303856641054153,-1.58507883548737,8.68204498291016,-0.0457319989800453,-2.40855193138123,3.81099987030029,-1145.10009765625,25.5000019073486,-930.900024414062,2.48893231787584,0.0346210808942304,0.179163083035245,TR
74.5666666666667,-0.0741697251796722,-1.27763342857361,10.3634252548218,0.221037998795509,-1.33385002613068,1.37195992469788,-1154.70007324219,23.7000007629395,-911.700012207031,2.48617344906863,0.0028528660450252,0.133776721306331,TR
74.6,-0.0568235814571381,-1.04974091053009,9.13244724273682,0.754577994346619,-2.21037983894348,0.769822001457214,-1142.70007324219,20.7000007629395,-911.700012207031,2.48378630814949,-0.0014363938409876,0.117287853890034,TR
74.6333333333333,-0.397166937589645,-0.557469248771667,8.55284595489502,0.708845973014832,-1.08994603157043,0.388722002506256,-1161.90002441406,25.5000019073486,-911.700012207031,2.48188942078533,-0.0358078369584101,0.0746231455997016,TR
74.6666666666667,-0.276940196752548,-1.17295837402344,9.98659515380859,0.419209986925125,-0.411587983369827,1.57775402069092,-1154.70007324219,24.3000011444092,-897.300048828125,2.47889203792159,-0.0284697114367606,0.109566822293086,TR
74.7,-0.200377896428108,-1.06409633159637,9.57567119598389,0.228659987449646,-1.79117000102997,-1.27287399768829,-1137.90002441406,24.3000011444092,-911.700012207031,2.48160550890496,-0.0192939718432143,0.110188430515601,TR
74.7333333333333,-0.445616513490677,-1.15800476074219,9.59600734710693,0.541162014007568,-0.701223969459534,-0.983237981796265,-1157.10009765625,19.5,-911.700012207031,2.48392011079494,-0.0395458677773722,0.117383481879866,TR
74.7666666666667,-0.279332756996155,-1.34701800346375,10.063157081604,0.746955990791321,-0.358233988285065,-0.884151995182037,-1164.30004882812,24.9000015258789,-916.500061035156,2.48648762873328,-0.0288508312568186,0.129389246320495,TR
74.8,-0.375035643577576,-1.36077523231506,9.50628662109375,0.846041977405548,-0.92988395690918,-1.54726600646973,-1157.10009765625,22.5,-906.900024414062,2.49029687930599,-0.0355949661480662,0.138748332588959,TR
74.8333333333333,-0.189611315727234,-1.17714536190033,9.31248760223389,0.403965979814529,-0.853663980960846,-0.914639949798584,-1157.10009765625,20.7000007629395,-909.300048828125,2.4919941140458,-0.0213784533682844,0.127364679870396,ST
74.8666666666667,-0.443822085857391,-1.30215728282928,10.3359107971191,0.937505960464478,-0.983237981796265,-1.08994603157043,-1166.70007324219,23.7000007629395,-916.500061035156,2.49417830382173,-0.0367553280135925,0.12447096348994,ST
74.9,0.0777585878968239,-1.59823799133301,9.48295879364014,0.708845973014832,-1.51677799224854,-1.79879200458527,-1161.90002441406,25.5000019073486,-911.700012207031,2.49840159328805,0.0014865307055312,0.157445082633825,ST
74.9333333333333,0.904392182826996,-1.82613050937653,8.92130279541016,-0.556405961513519,-2.14178204536438,-2.69056582450867,-1164.30004882812,22.5,-911.700012207031,2.50252295287774,0.0863435893869118,0.195043059757246,ST
74.9666666666667,0.294286340475082,-1.52885341644287,9.65761661529541,0.830797970294952,-1.96647596359253,-3.98630595207214,-1171.5,18.3000011444092,-892.500061035156,2.5126974874988,0.0450974180595386,0.163208544218368,ST
75.0,1.10297560691833,-2.14015555381775,9.32564735412598,1.89787793159485,-1.08232402801514,-3.94057393074036,-1152.30004882812,21.9000015258789,-916.500061035156,2.51735802662003,0.10324892604066,0.209877678131238,ST
75.0333333333333,0.442027658224106,-1.97506809234619,9.66658878326416,2.0579400062561,-1.39482593536377,-5.75461006164551,-1157.10009765625,19.5,-904.500061035156,2.5304469567255,0.0594507992128251,0.199659779401273,ST
75.0666666666667,-0.583189368247986,-1.34941053390503,9.88311672210693,2.58385801315308,-1.44817996025085,-5.02289772033691,-1161.90002441406,16.5,-916.500061035156,2.5428829019418,-0.0353457992537607,0.142793788387472,ST
75.1,-0.0370848625898361,-1.48877787590027,9.63847541809082,2.65245604515076,-1.82927989959717,-3.58996200561523,-1173.90002441406,15.3000001907349,-904.500061035156,2.55137599858384,-0.0057132260441694,0.147721218667518,ST
75.1333333333333,0.911569893360138,-2.12819266319275,9.73477649688721,1.37195992469788,-4.55795574188232,-2.77440786361694,-1193.10009765625,11.7000007629395,-916.500061035156,2.55398741419922,0.0810126812859185,0.201029798491168,ST
75.1666666666667,0.299669623374939,-0.869101762771606,10.4489593505859,1.55488801002502,-5.88418388366699,-5.10673999786377,-1183.5,6.30000019073486,-909.300048828125,2.5706452821763,0.0468912025409306,0.100182517923194,ST
75.2,1.03538548946381,-0.760837852954865,8.0946683883667,2.20275783538818,-4.97716569900513,-1.43293595314026,-1195.5,16.5,-906.900024414062,2.57328874979213,0.120657658218518,0.0914867506779414,ST
75.2333333333333,2.24901747703552,-1.33326065540314,7.91761827468872,0.594515979290009,-0.87652999162674,0.205793991684914,-1200.30004882812,16.5,-904.500061035156,2.5609259750439,0.248691700408235,0.153045200342497,ST
75.2666666666667,1.70111858844757,-0.834409415721893,8.92249870300293,0.541162014007568,0.571649968624115,0.228659987449646,-1197.90002441406,11.1000003814697,-894.900024414062,2.57109425158769,0.199144189652454,0.104483039691521,ST
75.3,1.17594909667969,-0.977963745594025,9.07861423492432,0.99848198890686,1.16616594791412,1.30336201190948,-1217.10009765625,8.70000076293945,-894.900024414062,2.56775338088075,0.139733414591093,0.105652357101118,ST
75.3333333333333,1.55756425857544,-0.898410737514496,10.6260099411011,0.358233988285065,0.129574000835419,1.18140995502472,-1197.90002441406,3.90000009536743,-902.100036621094,2.56742323709346,0.143636414829543,0.0883767773014189,ST
75.3666666666667,1.72145545482635,-0.530552804470062,10.6182336807251,1.19665396213531,-0.663114011287689,1.30336201190948,-1195.5,6.90000009536743,-887.700012207031,2.56875602582641,0.157942529060582,0.0563119544337915,ST
75.4,1.314120054245,0.110656447708607,9.42434024810791,2.080806016922,-0.0762199983000755,0.731711983680725,-1197.90002441406,12.9000005722046,-909.300048828125,2.5749658463746,0.142364358528629,-0.0016369414434927,ST
75.4333333333333,1.06110560894012,-0.149535745382309,10.5051851272583,2.13416004180908,2.10367202758789,0.792688012123108,-1195.5,14.1000003814697,-882.900024414062,2.57133922026161,0.106128842610135,0.0082091398630964,ST
75.4666666666667,1.38350474834442,0.209948182106018,9.33102989196777,1.18903195858002,1.17378795146942,-0.777444005012512,-1202.70007324219,9.30000019073486,-885.300048828125,2.57596319957903,0.137252654323642,-0.0180679109773319,ST
75.5,0.531150937080383,0.659153580665588,8.48585414886475,1.02897000312805,1.90549993515015,-1.38720393180847,-1200.30004882812,14.7000007629395,-914.100036621094,2.58390061706556,0.0747332853684432,-0.0672006172717761,ST
75.5333333333333,0.302660346031189,0.272753208875656,9.66300010681152,0.769822001457214,2.42379593849182,-0.823175966739655,-1183.5,8.10000038146973,-899.700012207031,2.58372985412255,0.0366345951334538,-0.0371880957465473,ST
75.5666666666667,0.336754500865936,0.0550291538238525,9.39862060546875,0.167683988809586,1.49391198158264,-1.2423859834671,-1193.10009765625,12.9000005722046,-904.500061035156,2.5858371821599,0.0337496089898756,-0.0114187657501974,ST
75.6,0.587376415729523,0.0986935868859291,9.33641338348389,-1.19665396213531,0.198172003030777,-2.14178204536438,-1188.30004882812,6.30000019073486,-914.100036621094,2.59093776122428,0.0569958434361324,-0.009186594308249,ST
75.6333333333333,0.313426911830902,0.261986613273621,9.59660625457764,-0.830797970294952,-0.25152599811554,-2.05031800270081,-1190.70007324219,14.7000007629395,-892.500061035156,2.59639125666521,0.0378487533671692,-0.0226171417128097,ST
75.6666666666667,0.595152258872986,-0.395970642566681,9.82390022277832,-0.78506600856781,-0.106707997620106,-1.32622802257538,-1183.5,8.70000076293945,-918.900024414062,2.59712289546289,0.0560850949975988,0.0285897491780449,ST
75.7,1.42298209667206,-0.865512907505035,9.05947303771973,-1.71494996547699,-1.2347639799118,-1.41769194602966,-1188.30004882812,12.3000001907349,-894.900024414062,2.59525461529321,0.138172353050029,0.0846846707127828,ST
75.7333333333333,1.0054783821106,-1.02521705627441,9.00324821472168,-1.92836594581604,-0.99848198890686,-1.22714197635651,-1178.70007324219,5.10000038146973,-909.300048828125,2.59524839770485,0.117061299665072,0.110839658432073,ST
75.7666666666667,0.671116411685944,-1.57670485973358,9.90464973449707,-1.97409796714783,0.746955990791321,-0.99848198890686,-1176.30004882812,2.10000014305115,-904.500061035156,2.59448685557883,0.0738721476830309,0.153245706053398,ST
75.8,1.40144896507263,-1.93738508224487,10.6618986129761,-2.0579400062561,-0.297257989645004,-0.92988395690918,-1185.90002441406,15.9000005722046,-890.100036621094,2.5947136929954,0.119474706347056,0.177826435860348,ST
75.8333333333333,1.31352198123932,-1.30873680114746,8.36203861236572,-0.586893975734711,-1.50153398513794,-1.74543797969818,-1181.10009765625,9.30000019073486,-909.300048828125,2.60102306618826,0.150751283286064,0.15961094013942,ST
75.8666666666667,0.496458679437637,-1.30155909061432,11.0345411300659,0.495429992675781,1.39482593536377,-0.739333987236023,-1178.70007324219,9.30000019073486,-899.700012207031,2.606926534332,0.0617846128326285,0.124102384313367,ST
75.9,1.38649535179138,-0.87089616060257,9.68154239654541,0.442075997591019,-0.327746003866196,-0.213415995240211,-1183.5,8.10000038146973,-914.100036621094,2.61004391884123,0.128775209120101,0.0948817663377791,ST
75.9333333333333,1.22738933563232,-1.07426476478577,8.60009956359863,-0.190549999475479,-0.259148001670837,0.716467976570129,-1183.5,9.90000057220459,-902.100036621094,2.60513356996894,0.138684357886892,0.119097884157723,ST
75.9666666666667,0.855942606925964,-1.52227389812469,9.33521747589111,-1.11281192302704,1.29574000835419,0.990859985351562,-1183.5,10.5,-909.300048828125,2.59918480486009,0.0968766097074076,0.155811753348729,ST
76.0,0.736912131309509,-2.07017278671265,10.2976293563843,-1.6844619512558,1.07470202445984,0.434453994035721,-1181.10009765625,11.7000007629395,-892.500061035156,2.59572275323597,0.0729104072560533,0.193733383913646,ST
76.0333333333333,0.845774173736572,-1.8566358089447,9.521240234375,-0.87652999162674,0.190549999475479,-0.114329993724823,-1178.70007324219,6.90000009536743,-909.300048828125,2.59620029648942,0.0839051349139118,0.194020849552485,ST
76.0666666666667,0.267968058586121,-1.9128612279892,9.66000938415527,1.04421401023865,0.891773998737335,0.0381099991500378,-1181.10009765625,8.70000076293945,-899.700012207031,2.59639916423704,0.035437253514235,0.193730905315409,ST
76.1,0.24882747232914,-1.60182690620422,10.1134014129639,1.62348592281342,1.18903195858002,0.510673999786377,-1171.5,11.1000003814697,-909.300048828125,2.59653733579792,0.024479547694855,0.1613083055352,ST
76.1333333333333,0.800315320491791,-0.885849714279175,8.96018123626709,2.30946588516235,0.0,0.807931959629059,-1181.10009765625,8.70000076293945,-916.500061035156,2.59707469944668,0.0770635555842808,0.106566368225706,ST
76.1666666666667,0.464757084846497,-0.653172135353088,8.31957054138184,2.62959003448486,0.533540010452271,1.2423859834671,-1164.30004882812,12.3000001907349,-894.900024414062,2.59549028611163,0.0582987601195833,0.0793720776785163,ST
76.2,-0.30325847864151,-0.439036935567856,10.4011077880859,2.34757590293884,2.05031800270081,2.52288198471069,-1176.30004882812,11.1000003814697,-894.900024414062,2.59023666405854,-0.0166515206686217,0.0455020311980249,ST
76.2333333333333,1.24712812900543,-0.74349170923233,9.21199989318848,0.937505960464478,-0.609759986400604,1.98934197425842,-1169.10009765625,8.10000038146973,-902.100036621094,2.58374763405331,0.109438808401308,0.0734356708922972,ST
76.2666666666667,0.665134966373444,-0.462962657213211,8.78791618347168,1.6692179441452,-0.480185985565186,1.38720393180847,-1169.10009765625,6.90000009536743,-906.900024414062,2.58193433357723,0.0828409011663353,0.0546734250689901,ST
76.3,-0.0807493031024933,-0.962412059307098,10.3861541748047,1.6768399477005,0.853663980960846,1.6615959405899,-1173.90002441406,11.1000003814697,-921.300048828125,2.57644074469065,0.0060643899771772,0.0837303212728007,ST
76.3333333333333,0.671116411685944,-0.407933503389359,9.91900444030762,1.44817996025085,-0.807931959629059,1.02134799957275,-1159.5,-0.300000011920929,-904.500061035156,2.57498752690166,0.0561569398468419,0.0477598823015754,ST
76.3666666666667,1.10835897922516,0.0293090064078569,8.59471607208252,1.17378795146942,-1.69970595836639,1.34147191047668,-1161.90002441406,3.90000009536743,-916.500061035156,2.57520702137714,0.116061326722509,0.0055216579708865,ST
76.4,0.812876284122467,0.148937597870827,9.27360820770264,1.02897000312805,-1.03659200668335,2.21037983894348,-1181.10009765625,6.30000019073486,-906.900024414062,2.57183278864788,0.0946583967054613,-0.0128398388558215,ST
76.4333333333333,1.04435765743256,0.0317015759646893,9.4554443359375,1.05183601379395,0.129574000835419,2.60672402381897,-1169.10009765625,4.5,-906.900024414062,2.5649581611979,0.106764868422241,-0.0063595051189177,ST
76.4666666666667,0.891233026981354,0.217724040150642,10.0105209350586,0.983237981796265,0.0990860015153885,2.37806391716003,-1178.70007324219,3.90000009536743,-906.900024414062,2.5606037197628,0.0923118167202834,-0.0196964753966738,ST
76.5,0.794333875179291,0.0771604403853416,9.8256950378418,0.907018005847931,-0.0076219998300075,1.82927989959717,-1176.30004882812,8.10000038146973,-897.300048828125,2.55491709833558,0.0825479953524693,-0.0108182960406791,ST
76.5333333333333,1.01744115352631,0.183629885315895,9.4847526550293,0.388722002506256,0.449698001146317,1.02134799957275,-1161.90002441406,11.1000003814697,-918.900024414062,2.55313992558093,0.101343175184404,-0.0180395605580875,ST
76.5666666666667,0.363072782754898,0.65137767791748,9.1270637512207,0.548784017562866,0.769822001457214,0.571649968624115,-1169.10009765625,2.70000004768372,-906.900024414062,2.55490965532392,0.0489590544185629,-0.0630823602672943,ST
76.6,-0.136376604437828,0.66932201385498,9.78262805938721,0.320124000310898,0.716467976570129,0.617381989955902,-1173.90002441406,9.30000019073486,-918.900024414062,2.55347329795324,-0.0021706851662914,-0.0676943545035464,ST
76.6333333333333,0.194994613528252,0.736912131309509,9.85919094085693,-0.160062000155449,0.0533539988100529,0.815553963184357,-1169.10009765625,9.90000057220459,-923.700012207031,2.55151578766733,0.0158199404827041,-0.0731309543374934,ST
76.6666666666667,0.840390861034393,0.601133704185486,9.07083797454834,-0.952749967575073,-0.487807989120483,-0.0381099991500378,-1166.70007324219,3.90000009536743,-914.100036621094,2.55146596636303,0.0792356177919881,-0.0660668134494093,ST
76.7,0.422887086868286,0.57062840461731,9.79040431976318,-1.03659200668335,-0.320124000310898,-1.48628997802734,-1166.70007324219,6.30000019073486,-914.100036621094,2.55468700602565,0.0502787924126701,-0.0583700825238243,ST
76.7333333333333,0.174657747149467,0.391185492277145,9.06605339050293,-0.617381989955902,0.160062000155449,-1.75305998325348,-1166.70007324219,8.70000076293945,-906.900024414062,2.55838073419502,0.0247869423129528,-0.0452248093679859,ST
76.7666666666667,0.252416342496872,-0.0873288735747337,10.6361780166626,-2.05031800270081,-0.236281991004944,-2.66007804870605,-1181.10009765625,9.30000019073486,-904.500061035156,2.56404056818686,0.0242002953515027,0.0021211414990462,ST
76.8,0.624461233615875,0.0442625805735588,9.85320949554443,-2.37806391716003,-2.00458598136902,-2.70580983161926,-1183.5,6.30000019073486,-911.700012207031,2.57117468085094,0.0596420243773024,-0.0001121120926435,ST
76.8333333333333,0.788352429866791,-0.45638307929039,10.0721292495728,-2.32470989227295,-0.922261953353882,-2.39330792427063,-1178.70007324219,7.50000047683716,-911.700012207031,2.57434188967805,0.07570235071963,0.0391277479371482,ST
76.8666666666667,0.596348524093628,-0.534141659736633,10.011118888855,-1.35671591758728,0.0304879993200302,-2.52288198471069,-1176.30004882812,13.5000009536743,-904.500061035156,2.5794550490632,0.0628229274627996,0.0521019983969633,ST
76.9,0.296080768108368,-0.77579140663147,9.49193096160889,-0.533540010452271,0.548784017562866,-2.74391984939575,-1164.30004882812,8.70000076293945,-914.100036621094,2.58506082497098,0.036237613872165,0.0768819156110385,LD
76.9333333333333,0.562852561473846,-1.2818204164505,8.95898532867432,-1.05183601379395,-0.937505960464478,-3.17837381362915,-1176.30004882812,9.30000019073486,-909.300048828125,2.58970047044769,0.0586941064318313,0.130190680749707,LD
76.9666666666667,-0.790146887302399,-1.24114668369293,10.9675493240356,-1.43293595314026,-3.84910988807678,-2.98782396316528,-1169.10009765625,9.90000057220459,-916.500061035156,2.59624254231273,-0.0447522958279009,0.117644715066366,LD
77.0,-0.83859646320343,-1.11733102798462,9.65641975402832,-1.08232402801514,-8.24700355529785,-2.27135586738586,-1190.70007324219,13.5000009536743,-899.700012207031,2.59905170101716,-0.0659430650824898,0.117307767000092,LD
77.0333333333333,-0.389989227056503,-1.29497957229614,10.8945760726929,-1.29574000835419,-11.5244636535645,-1.79117000102997,-1200.30004882812,7.50000047683716,-904.500061035156,2.60004166152972,-0.0242515217295935,0.120015980187973,LD
77.0666666666667,1.07306849956512,-0.983347058296204,8.20771789550781,-0.289635986089706,-15.5793676376343,-2.11891603469849,-1209.90002441406,9.90000057220459,-897.300048828125,2.60067390775164,0.124144176391234,0.119847159932402,LD
77.1,3.9076681137085,-1.27105379104614,5.76131296157837,-0.975615978240967,-13.0793514251709,-0.25152599811554,-1236.30004882812,5.10000038146973,-873.300048828125,2.57327615452065,0.507100534341839,0.197196639256495,LD
77.1333333333333,4.59912109375,-2.11084651947021,7.05629253387451,-1.45580196380615,-7.82017183303833,0.0990860015153885,-1241.10009765625,11.1000003814697,-863.700012207031,2.53146430346787,0.558712613045505,0.275251402426183,LD
77.1666666666667,3.25210332870483,-1.65147268772125,9.47817325592041,-0.792688012123108,-4.06252574920654,-0.92988395690918,-1257.90002441406,6.90000009536743,-866.100036621094,2.56973868956735,0.379323127606398,0.192883309868612,LD
77.2,3.95551943778992,-1.57491040229797,8.49662113189697,0.945127964019775,-1.57013201713562,-0.0228659994900227,-1262.70007324219,11.1000003814697,-856.500061035156,2.57176027063676,0.422573496997811,0.183846168577298,LD
77.2333333333333,3.93279004096985,-1.44451522827148,9.68931770324707,1.6768399477005,-2.55336999893188,0.647870004177094,-1260.30004882812,13.5000009536743,-858.900024414062,2.58005127990131,0.393379606718409,0.153406505618742,LD
77.2666666666667,3.65884065628052,-0.901401460170746,9.50389385223389,2.26373386383057,-4.44362592697144,0.87652999162674,-1265.10009765625,7.50000047683716,-849.300048828125,2.59374345903965,0.377376488830795,0.103199685365081,LD
77.3,4.20195436477661,-0.903195858001709,8.77057075500488,2.43903994560242,-2.42379593849182,2.00458598136902,-1274.70007324219,8.70000076293945,-863.700012207031,2.58716490325572,0.436634217369787,0.100622122199216,LD
77.3333333333333,4.94185733795166,-1.54261076450348,9.01222038269043,1.28811800479889,-2.17227005958557,0.907018005847931,-1265.10009765625,8.70000076293945,-856.500061035156,2.55945826420178,0.486645154076527,0.154352730241916,LD
77.3666666666667,4.57998085021973,-1.30036282539368,9.22994422912598,1.02897000312805,-2.65245604515076,-0.426831990480423,-1277.10009765625,9.90000057220459,-861.300048828125,2.56439223849682,0.466489937614725,0.141368551577059,LD
77.4,3.87417197227478,-0.797324597835541,8.41527366638184,1.21951997280121,-1.49391198158264,-0.716467976570129,-1281.90002441406,6.90000009536743,-842.100036621094,2.5820847634402,0.438619753884944,0.100593097977383,LD
77.4333333333333,3.50451970100403,-0.439635097980499,8.68204498291016,1.57775402069092,-0.525918006896973,-0.457319974899292,-1279.5,10.5,-861.300048828125,2.59871814686325,0.395227679477508,0.0580389145128498,LD
77.4666666666667,3.70011234283447,-0.644798099994659,8.80167388916016,1.39482593536377,0.144817993044853,0.144817993044853,-1272.30004882812,13.5000009536743,-854.100036621094,2.59326514078445,0.396440493163873,0.0682198485018473,LD
77.5,4.30842399597168,-0.34811919927597,9.29633808135986,0.0381099991500378,-0.647870004177094,-0.472563982009888,-1265.10009765625,8.70000076293945,-844.500061035156,2.60426855323785,0.427623872152386,0.0430354319092543,LD
77.5333333333333,4.45795965194702,-0.0550291538238525,9.28617000579834,0.0609759986400604,-1.44055795669556,-0.243903994560242,-1284.30004882812,2.10000014305115,-856.500061035156,2.61782067575361,0.446363757176968,0.0119688330333825,LD
77.5666666666667,4.96398830413818,-0.364269077777863,8.24240970611572,0.449698001146317,-0.266770005226135,0.0609759986400604,-1274.70007324219,14.1000003814697,-856.500061035156,2.60561799529545,0.522819953167593,0.0368135743960396,LD
77.6,5.03277492523193,-0.0197387188673019,7.09218120574951,0.426831990480423,1.17378795146942,-0.769822001457214,-1265.10009765625,5.10000038146973,-866.100036621094,2.62187506643603,0.597625155387014,0.0083103869280676,LD
77.6333333333333,4.57459735870361,-0.47552365064621,7.34519577026367,-0.0685980021953583,3.49849796295166,-0.609759986400604,-1279.5,8.10000038146973,-849.300048828125,2.59810031565519,0.55813675226968,0.0548009849734254,LD
77.6666666666667,4.3520884513855,-0.723752975463867,8.0952672958374,-0.731711983680725,4.61893177032471,-1.53202199935913,-1274.70007324219,8.70000076293945,-861.300048828125,2.58891493163765,0.49882113792023,0.0819997912579618,LD
77.7,3.73600101470947,-0.744687974452972,10.4363985061646,-0.640248000621796,4.71801805496216,-1.6844619512558,-1260.30004882812,11.1000003814697,-870.900024414062,2.59760944468672,0.368084752923639,0.0730410323164992,LD
77.7333333333333,4.36225652694702,-1.67180955410004,10.1636457443237,-0.792688012123108,2.46190595626831,-1.56251001358032,-1260.30004882812,2.10000014305115,-873.300048828125,2.57560152877863,0.391163412040048,0.144711389155073,LD
77.7666666666667,4.3843879699707,-2.07077097892761,8.9476203918457,-1.44817996025085,2.63721203804016,-1.57775402069092,-1245.90002441406,4.5,-861.300048828125,2.55462866059203,0.431468758150698,0.211127813387943,LD
77.8,4.10266256332397,-1.96011447906494,8.99188327789307,-1.50153398513794,3.64331603050232,-1.6768399477005,-1250.70007324219,3.90000009536743,-868.500061035156,2.55971584203732,0.417326164587494,0.214509424071192,LD
77.8333333333333,3.15221357345581,-2.06000447273254,8.75023365020752,-0.67835795879364,4.99240970611572,-1.2576299905777,-1238.70007324219,4.5,-875.700012207031,2.56069370032272,0.344048743152637,0.228205333573097,LD
77.8666666666667,2.64678263664246,-1.96071267127991,8.63419342041016,0.0533539988100529,5.89180564880371,-0.571649968624115,-1245.90002441406,2.10000014305115,-875.700012207031,2.56655886655358,0.291990019183468,0.223257345646876,LD
77.9,2.05761170387268,-1.36496222019196,8.77057075500488,1.17378795146942,6.22717380523682,0.327746003866196,-1221.90002441406,9.90000057220459,-887.700012207031,2.58261545746668,0.232204629480354,0.166221249163984,LD
77.9333333333333,1.77827906608582,-0.990524768829346,9.50209903717041,2.01982998847961,6.55491971969604,1.75305998325348,-1224.30004882812,8.10000038146973,-890.100036621094,2.59064992876308,0.184418012424179,0.113813858539729,LD
77.9666666666667,1.44511342048645,-0.804502308368683,9.62053108215332,3.20123982429504,6.71498203277588,2.69818782806396,-1200.30004882812,2.70000004768372,-892.500061035156,2.58950945728173,0.146134647850057,0.0855402343196081,LD
78.0,1.4241783618927,-0.445616513490677,9.76946926116943,3.44514393806458,6.81406784057617,3.7957558631897,-1197.90002441406,2.70000004768372,-892.500061035156,2.58586157258512,0.135123259746034,0.0494978719255718,LD
78.0333333333333,1.50432956218719,0.0125610027462244,9.46800518035889,3.99392795562744,6.38723564147949,4.28356409072876,-1190.70007324219,2.70000004768372,-928.500061035156,2.58078598942302,0.144438107139451,0.0022963382801755,LD
78.0666666666667,-0.0759641602635384,0.872690618038177,9.58524131774902,4.59606599807739,6.3567476272583,3.93295192718506,-1169.10009765625,8.70000076293945,-904.500061035156,2.57675514088154,0.0143979386065295,-0.0781336245200105,LD
78.1,-0.193200185894966,0.873288750648499,9.73238468170166,4.95429992675781,6.59302997589111,4.30642986297607,-1169.10009765625,0.300000011920929,-909.300048828125,2.56417892350729,-0.0234799254857746,-0.0950721624330741,LD
78.1333333333333,-0.728538155555725,1.09878861904144,9.49432373046875,3.99392795562744,3.99392795562744,3.50611996650696,-1166.70007324219,0.300000011920929,-899.700012207031,2.55402077639871,-0.0718272609526755,-0.117664957282524,LD
78.1666666666667,-0.694444000720978,1.17415463924408,8.82978630065918,2.30946588516235,2.79727387428284,3.39178991317749,-1154.70007324219,-0.900000035762787,-906.900024414062,2.54473344424743,-0.0798670017617853,-0.132892179854577,LD
78.2,-0.832016885280609,1.21303391456604,9.4853515625,0.754577994346619,2.17227005958557,2.66770005226135,-1164.30004882812,6.30000019073486,-918.900024414062,2.53802673330011,-0.0881437876313183,-0.129652548058109,LD
78.2333333333333,-0.144152462482452,0.812278151512146,8.85251617431641,-0.556405961513519,0.87652999162674,2.11129403114319,-1135.5,2.70000004768372,-914.100036621094,2.53461762510822,-0.0307734831393422,-0.0981061457099099,LD
78.2666666666667,0.51440292596817,0.350511789321899,8.92608737945557,-1.2347639799118,-0.0381099991500378,0.228659987449646,-1161.90002441406,7.50000047683716,-921.300048828125,2.53376643832797,0.0427762596595188,-0.0473670643719721,LD
78.3,0.672312676906586,0.0586180128157139,8.86986255645752,-1.61586391925812,-0.983237981796265,-1.21189796924591,-1164.30004882812,1.5,-909.300048828125,2.53487027549524,0.0703596721278666,-0.0126917380600065,LD
78.3333333333333,0.421092659235001,0.0089721446856856,8.95838737487793,-2.08842802047729,-1.21189796924591,-2.39330792427063,-1142.70007324219,2.70000004768372,-921.300048828125,2.54060825951568,0.0524250899764432,2.23019214517564e-05,LD
78.3666666666667,0.43724250793457,-0.14355431497097,9.4075927734375,-2.88873791694641,-1.00610399246216,-2.40855193138123,-1154.70007324219,5.10000038146973,-897.300048828125,2.54565528459176,0.0490824376454384,0.0160447018873457,LD
78.4,0.363072782754898,-0.358885794878006,10.082896232605,-2.94971394538879,-1.20427596569061,-2.04269599914551,-1152.30004882812,2.70000004768372,-916.500061035156,2.54984792744651,0.0402460347253274,0.0359199916637673,LD
78.4333333333333,0.410326063632965,-0.881662726402283,10.3873510360718,-2.78202986717224,-0.243903994560242,-1.37958192825317,-1133.10009765625,6.90000009536743,-916.500061035156,2.5515299836589,0.0399906211018974,0.0786468998293755,ST
78.4666666666667,0.690257012844086,-1.21303391456604,10.6122522354126,-2.87349390983582,-0.106707997620106,-1.60824191570282,-1147.5,4.5,-914.100036621094,2.55392495633134,0.0599561217476555,0.110603227765676,ST
78.5,0.0903195887804031,-1.22499680519104,10.0482034683228,-2.58385801315308,-0.160062000155449,-2.42379593849182,-1137.90002441406,3.30000019073486,-909.300048828125,2.55934933507469,0.0192438950658909,0.1228271431835,ST
78.5333333333333,-0.0442625805735588,-1.36795294284821,10.3227510452271,-2.5076379776001,0.198172003030777,-2.21800184249878,-1147.5,4.5,-899.700012207031,2.56473931004966,7.60825855351689e-05,0.133732019311023,ST
78.5666666666667,0.193200185894966,-1.46365582942963,9.02597713470459,-1.57013201713562,0.525918006896973,-1.75305998325348,-1149.90002441406,8.70000076293945,-918.900024414062,2.56898889005079,0.016993698474412,0.158155601522052,ST
78.6,-0.199181616306305,-1.7483719587326,9.45783710479736,-0.647870004177094,1.79117000102997,-1.12043392658234,-1147.5,6.30000019073486,-916.500061035156,2.57241550785934,-0.0162265846168816,0.179338001767251,ST
78.6333333333333,-0.221911042928696,-1.80698990821838,9.65582180023193,-0.259148001670837,1.36433792114258,-1.48628997802734,-1145.10009765625,3.30000019073486,-926.100036621094,2.57667632609969,-0.0229868728960951,0.184411298105244,ST
78.6666666666667,-0.643601834774017,-1.74298858642578,9.35076904296875,0.342989981174469,0.670735955238342,-1.09756803512573,-1145.10009765625,8.10000038146973,-921.300048828125,2.57945475218598,-0.0592149207783942,0.183916599185032,ST
78.7,-0.653172135353088,-1.65087461471558,9.21319580078125,0.342989981174469,0.891773998737335,-0.594515979290009,-1137.90002441406,9.30000019073486,-916.500061035156,2.5808555437861,-0.068638372860729,0.178227713414711,ST
78.7333333333333,-0.848764896392822,-1.60541570186615,10.4184541702271,1.00610399246216,0.975615978240967,0.807931959629059,-1140.30004882812,14.1000003814697,-916.500061035156,2.57783632285516,-0.0798288219624302,0.155904150459131,ST
78.7666666666667,-0.345128506422043,-1.55218100547791,10.4543428421021,0.960371971130371,-0.571649968624115,1.09756803512573,-1145.10009765625,12.3000001907349,-933.300048828125,2.57461164856389,-0.0404934214239216,0.147449707784383,ST
78.8,0.242846041917801,-1.23875403404236,8.95479869842529,1.43293595314026,-1.2347639799118,1.34909391403198,-1145.10009765625,7.50000047683716,-914.100036621094,2.57104588340024,0.0147170490632774,0.137478543840038,ST
78.8333333333333,-0.119030453264713,-1.31471824645996,8.42484378814697,1.88263392448425,0.0609759986400604,1.37958192825317,-1137.90002441406,2.70000004768372,-926.100036621094,2.56759280246368,-0.0095254413071253,0.149161853464884,ST
78.8666666666667,-0.994711756706238,-0.988730311393738,9.425537109375,1.99696397781372,1.22714197635651,1.6768399477005,-1135.5,2.70000004768372,-916.500061035156,2.56248409084161,-0.0874126873402682,0.110679701364091,ST
78.9,-0.371446788311005,-1.00787091255188,8.9894905090332,1.65397393703461,-0.37347799539566,1.98934197425842,-1140.30004882812,9.30000019073486,-923.700012207031,2.55799080446171,-0.0501713693824217,0.108975904837737,ST
78.9333333333333,-0.699229121208191,-0.781174719333649,8.92130279541016,2.080806016922,-0.762199997901917,2.080806016922,-1137.90002441406,11.7000007629395,-935.700012207031,2.55210729982052,-0.071554111821689,0.0886147524095219,ST
78.9666666666667,-0.919345736503601,-0.584983825683594,10.6744594573975,2.32470989227295,-1.05945801734924,2.46190595626831,-1128.30004882812,7.50000047683716,-909.300048828125,2.54435805640929,-0.0816902573820472,0.0580609691632195,ST
79.0,-0.375633776187897,-0.360082060098648,9.89986419677734,2.24086785316467,-2.31708788871765,2.22562384605408,-1137.90002441406,5.70000028610229,-928.500061035156,2.53802281836781,-0.0436381356483245,0.0374141840682333,ST
79.0333333333333,0.244640469551086,-0.665733098983765,8.40032005310059,1.33385002613068,-2.25611186027527,2.14178204536438,-1145.10009765625,5.70000028610229,-911.700012207031,2.53276734873904,0.0199072928076405,0.0701526955294104,ST
79.0666666666667,0.580198705196381,-0.851157426834106,9.27061748504639,0.381099998950958,-1.84452390670776,1.44055795669556,-1157.10009765625,5.10000038146973,-926.100036621094,2.52808429948782,0.0576381699708737,0.0875122913897233,ST
79.1,0.519188106060028,-0.450401663780212,9.99496936798096,0.754577994346619,-3.10215401649475,1.21189796924591,-1145.10009765625,5.70000028610229,-921.300048828125,2.52656275974299,0.0572152272980248,0.0516449290471377,ST
79.1333333333333,0.96360832452774,-0.53533798456192,9.26344013214111,0.701223969459534,-3.17075204849243,1.42531394958496,-1137.90002441406,6.30000019073486,-916.500061035156,2.52246097835931,0.0984596005133686,0.0557089093812838,ST
79.1666666666667,0.778183996677399,-0.26437920331955,9.7060661315918,0.594515979290009,-2.4923939704895,1.79879200458527,-1149.90002441406,7.50000047683716,-899.700012207031,2.52012097857491,0.0870733722927364,0.032373151809041,ST
79.2,0.761435985565186,0.184228032827377,10.3945283889771,0.975615978240967,-2.82776188850403,1.52439999580383,-1157.10009765625,4.5,-897.300048828125,2.51979091650243,0.0798715330132309,-0.0088203047644168,ST
79.2333333333333,1.3159145116806,0.443822085857391,9.09954929351807,2.11129403114319,-1.35671591758728,1.28049600124359,-1164.30004882812,5.70000028610229,-909.300048828125,2.52009017098717,0.132588899907367,-0.0433859285751114,ST
79.2666666666667,0.193798318505287,0.142358019948006,9.86636829376221,2.37806391716003,1.12043392658234,0.25152599811554,-1178.70007324219,5.70000028610229,-904.500061035156,2.51711096822174,0.0370168674979126,-0.0226824335416378,ST
79.3,-0.0520384386181831,0.0400755777955055,10.4872407913208,1.22714197635651,1.28811800479889,-0.160062000155449,-1169.10009765625,11.1000003814697,-909.300048828125,2.51713722110213,0.0006847020132621,-0.0089499742045264,ST
79.3333333333333,0.0520384386181831,0.641209244728088,9.9853982925415,0.564027965068817,0.0838419944047928,-0.342989981174469,-1149.90002441406,8.10000038146973,-928.500061035156,2.51802656510191,0.0041567035680479,-0.0537893357896324,ST
79.3666666666667,0.474925518035889,0.626255691051483,9.15517616271973,0.342989981174469,0.25152599811554,0.37347799539566,-1159.5,5.10000038146973,-911.700012207031,2.51730788231896,0.0438802839337351,-0.0664973560781963,ST
79.4,0.409129798412323,0.354698777198792,10.0882797241211,-0.335367977619171,0.518296003341675,-0.342989981174469,-1166.70007324219,7.50000047683716,-904.500061035156,2.51701676124226,0.0403011254839309,-0.0399374927469125,ST
79.4333333333333,0.541319370269775,0.2554070353508,9.02358531951904,-0.868907988071442,0.609759986400604,-1.19665396213531,-1166.70007324219,-0.300000011920929,-916.500061035156,2.51947263037732,0.0554656960288745,-0.0292163162537046,ST
79.4666666666667,-0.14355431497097,0.335558205842972,8.73707485198975,-1.63110792636871,1.65397393703461,-1.6768399477005,-1166.70007324219,-0.300000011920929,-921.300048828125,2.52377718469906,-0.0068225159444117,-0.0345145857139643,ST
79.5,-0.404344648122787,-0.154320880770683,9.7419548034668,-2.0731840133667,1.77592599391937,-1.15092194080353,-1157.10009765625,2.70000004768372,-909.300048828125,2.52751096448636,-0.0382497899870843,0.0104357632618613,ST
79.5333333333333,0.470140367746353,-0.636424124240875,9.02119255065918,-3.26221585273743,0.67835795879364,-1.72257196903229,-1166.70007324219,5.10000038146973,-909.300048828125,2.53196169434275,0.0359033895626441,0.0650466402444438,ST
79.5666666666667,-0.256005197763443,-1.12749946117401,9.49193096160889,-3.18599581718445,1.82165801525116,-1.44817996025085,-1147.5,7.50000047683716,-914.100036621094,2.53551932444679,-0.0179680980398075,0.113298834783355,ST
79.6,-0.821250319480896,-1.67779099941254,10.2103004455566,-3.00306797027588,2.58385801315308,-1.19665396213531,-1157.10009765625,8.70000076293945,-916.500061035156,2.54082190962298,-0.0709526346877503,0.157799614262198,ST
79.6333333333333,-0.0538328662514687,-1.77050316333771,9.90285491943359,-3.15550804138184,1.31098401546478,-1.45580196380615,-1145.10009765625,9.30000019073486,-916.500061035156,2.54530978981231,-0.0192977932666483,0.17785246903119,ST
79.6666666666667,0.0173461455851793,-1.37333631515503,9.56610012054443,-1.17378795146942,-0.548784017562866,-0.762199997901917,-1152.30004882812,6.90000009536743,-923.700012207031,2.54662110413653,-0.0010209255143457,0.150575883492065,ST
79.7,-0.0233275759965181,-1.36556041240692,9.32803916931152,0.274392008781433,-0.983237981796265,-0.121951997280121,-1142.70007324219,11.7000007629395,-930.900024414062,2.54656065632165,-0.0008011918502281,0.146029062975178,ST
79.7333333333333,-0.165087461471558,-1.24832439422607,10.158860206604,0.525918006896973,-1.31860601902008,0.46494197845459,-1140.30004882812,11.7000007629395,-928.500061035156,2.54497486932461,-0.0113061072076237,0.126317092543758,ST
79.7666666666667,0.356493204832077,-0.823044717311859,10.1857767105103,0.121951997280121,-1.90549993515015,0.716467976570129,-1152.30004882812,11.1000003814697,-918.900024414062,2.54297461861934,0.0302802788880522,0.0876805682586153,ST
79.8,0.637620389461517,-0.867307305335999,8.54088306427002,0.594515979290009,-1.05183601379395,1.34147191047668,-1149.90002441406,9.90000057220459,-902.100036621094,2.5391227995942,0.0665812941802852,0.0977523349966081,ST
79.8333333333333,0.177050322294235,-1.01265609264374,9.99078178405762,-0.0,-0.0533539988100529,1.22714197635651,-1157.10009765625,8.70000076293945,-911.700012207031,2.53617390337301,0.0273981599864377,0.100433765068516,ST
79.8666666666667,-0.0418700091540813,-0.951645493507385,11.1649370193481,-0.198172003030777,-0.457319974899292,1.39482593536377,-1142.70007324219,2.70000004768372,-926.100036621094,2.53306466472892,0.0029904083756967,0.0884341258849389,ST
79.9,0.294286340475082,-1.25071692466736,9.88251781463623,-0.297257989645004,-0.259148001670837,1.12805593013763,-1152.30004882812,8.10000038146973,-921.300048828125,2.53001196659756,0.024373649955226,0.118779650894453,ST
79.9333333333333,0.0358885787427425,-1.27284824848175,9.59062480926514,-0.228659987449646,1.07470202445984,0.853663980960846,-1152.30004882812,15.3000001907349,-921.300048828125,2.52805797218693,0.0054717958450244,0.130083839303791,ST
79.9666666666667,-0.391783654689789,-1.47681498527527,9.31009578704834,0.106707997620106,1.93598794937134,1.00610399246216,-1147.5,17.7000007629395,-933.300048828125,2.52670863512922,-0.0349337478111521,0.151657986844558,ST
80.0,-0.329576790332794,-1.59763991832733,8.52293872833252,-0.0533539988100529,1.75305998325348,0.762199997901917,-1140.30004882812,0.300000011920929,-914.100036621094,2.52659580023988,-0.0401776649916838,0.179708403260179,ST
80.0333333333333,-0.92173832654953,-1.21961355209351,8.28727054595947,-0.342989981174469,1.60061991214752,0.137196004390717,-1130.70007324219,3.30000019073486,-923.700012207031,2.52493296426831,-0.100287434449625,0.152313551467655,ST
80.0666666666667,-1.01145970821381,-1.29438138008118,9.50628662109375,-0.617381989955902,1.34909391403198,-0.175305992364883,-1118.70007324219,9.90000057220459,-914.100036621094,2.5243333636183,-0.105992945055699,0.139479350170112,ST
80.1,-0.736912131309509,-1.29258692264557,9.55234336853027,-0.548784017562866,0.0609759986400604,-0.3125019967556,-1133.10009765625,8.10000038146973,-916.500061035156,2.52469045665887,-0.0813083959283858,0.13617254085226,ST
80.1333333333333,-0.261986613273621,-1.36197149753571,9.09895133972168,-0.945127964019775,-0.533540010452271,-0.228659987449646,-1137.90002441406,13.5000009536743,-914.100036621094,2.52561928394326,-0.0365277499171662,0.147892893878202,ST
80.1666666666667,-0.304454773664474,-1.7124832868576,9.44707012176514,-1.41006994247437,0.457319974899292,-0.564027965068817,-1133.10009765625,6.30000019073486,-921.300048828125,2.52806230599513,-0.0330332050897578,0.176129240102792,ST
80.2,-0.643601834774017,-1.93798327445984,10.2420024871826,-1.17378795146942,1.16616594791412,-0.335367977619171,-1140.30004882812,14.7000007629395,-926.100036621094,2.52973583315833,-0.05810974955075,0.186788240115408,ST
80.2333333333333,-0.334960073232651,-2.2591860294342,8.71075630187988,-0.975615978240967,1.07470202445984,0.182927995920181,-1125.90002441406,8.10000038146973,-926.100036621094,2.53251010083304,-0.0429684503912171,0.241632509791463,ST
80.2666666666667,-1.00188946723938,-2.24363422393799,10.0643539428711,-0.724089980125427,1.2423859834671,-0.106707997620106,-1123.5,15.3000001907349,-935.700012207031,2.5322083121332,-0.0876588259171114,0.224912482311203,ST
80.3,-0.711790144443512,-2.20595121383667,9.5565299987793,0.480185985565186,-0.274392008781433,1.37958192825317,-1118.70007324219,15.9000005722046,-914.100036621094,2.52884599702801,-0.0750580013501817,0.225673565323852,ST
80.3333333333333,-0.281725347042084,-2.11144471168518,9.20721435546875,1.52439999580383,-1.44817996025085,1.73781597614288,-1123.5,17.7000007629395,-935.700012207031,2.5242674296274,-0.0375043524640846,0.223217892088043,ST
80.3666666666667,0.0197387188673019,-1.7304276227951,9.37589073181152,1.75305998325348,-2.53812599182129,2.19513607025146,-1123.5,9.30000019073486,-938.100036621094,2.51731167507135,-0.0025369734783483,0.187698995887787,ST
80.4,0.0215331465005875,-1.41999137401581,8.95479869842529,1.98171997070312,-2.85062789916992,2.19513607025146,-1135.5,13.5000009536743,-902.100036621094,2.51067111066208,0.0050971258009195,0.159498376723106,ST
80.4333333333333,-0.279930919408798,-0.783567309379578,8.65931606292725,2.75916385650635,-1.54726600646973,2.82013988494873,-1137.90002441406,12.9000005722046,-923.700012207031,2.50284488970056,-0.0238239266291352,0.0986013002862689,ST
80.4666666666667,-1.14723825454712,-0.602329969406128,9.62412071228027,3.74240183830261,-0.990859985351562,3.74240183830261,-1130.70007324219,14.7000007629395,-918.900024414062,2.49191239751408,-0.10051835550672,0.0632227201736454,ST
80.5,-0.950449168682098,-0.862522184848785,10.77614402771,3.69666981697083,-1.78354799747467,4.1311240196228,-1137.90002441406,10.5,-918.900024414062,2.48317591816937,-0.0878385072868512,0.0710404312643475,ST
80.5333333333333,-0.191405743360519,-0.498253107070923,10.9005575180054,3.12502002716064,-3.24697184562683,3.51374197006226,-1152.30004882812,7.50000047683716,-914.100036621094,2.47288000982649,-0.024898779270486,0.0451409030828291,ST
80.5666666666667,-0.611900269985199,0.882260859012604,9.93515491485596,4.38264989852905,-1.89025592803955,2.87349390983582,-1152.30004882812,4.5,-909.300048828125,2.4623837311317,-0.051252535458191,-0.067800047299914,ST
80.6,-0.292491912841797,0.784165441989899,9.78860950469971,3.39941191673279,-0.907018005847931,2.59148001670837,-1157.10009765625,4.5,-923.700012207031,2.45630847184809,-0.0325642865971873,-0.082371173072915,ST
80.6333333333333,0.0245238617062569,0.871494293212891,8.21549415588379,0.922261953353882,-0.0533539988100529,1.31860601902008,-1142.70007324219,9.90000057220459,-914.100036621094,2.45278570072251,-0.0031183468974495,-0.102873341055928,ST
80.6666666666667,0.0322997197508812,0.360082060098648,8.37101078033447,-0.0685980021953583,0.769822001457214,0.274392008781433,-1140.30004882812,3.90000009536743,-916.500061035156,2.45200958258989,0.0015389123255659,-0.0535852062246775,ST
80.7,-0.154320880770683,0.0687864422798157,8.93805027008057,-0.739333987236023,0.419209986925125,-0.388722002506256,-1130.70007324219,3.30000019073486,-921.300048828125,2.45319702889253,-0.0147330273491216,-0.0143206581879426,NLR
80.7333333333333,-0.57062840461731,0.148937597870827,9.46142578125,-0.800309956073761,0.434453994035721,-1.10518991947174,-1159.5,6.30000019073486,-918.900024414062,2.45566777324446,-0.0516848739357684,-0.0142797105549245,NLR
80.7666666666667,0.159704178571701,-0.30325847864151,9.48834228515625,-1.19665396213531,0.0685980021953583,-1.18903195858002,-1149.90002441406,6.30000019073486,-911.700012207031,2.45928051053982,0.0029189732347358,0.0243241268455512,NLR
80.8,-0.0819455906748772,-0.186022460460663,9.46321964263916,-1.11281192302704,0.0076219998300075,-1.70732796192169,-1135.5,12.3000001907349,-926.100036621094,2.46320485834783,-0.0062800526819812,0.0221540112966917,NLR
80.8333333333333,0.205163031816483,-0.242846041917801,9.56909084320068,-1.00610399246216,0.419209986925125,-1.93598794937134,-1135.5,8.70000076293945,-911.700012207031,2.46767860735729,0.0153259686640721,0.026105574738709,NLR
80.8666666666667,0.178246602416039,-0.466551512479782,9.11569881439209,-0.823175966739655,0.823175966739655,-1.97409796714783,-1152.30004882812,2.70000004768372,-914.100036621094,2.47197536350047,0.0176426049091779,0.0471899228341369,NLR
80.9,-0.581394970417023,-0.355296939611435,10.2778902053833,-0.800309956073761,0.541162014007568,-2.11891603469849,-1137.90002441406,4.5,-921.300048828125,2.47705811154746,-0.043878747553208,0.0380397815915325,NLR
80.9333333333333,0.253612607717514,-0.449803501367569,10.3191623687744,-1.19665396213531,-0.0685980021953583,-2.35519790649414,-1137.90002441406,14.1000003814697,-923.700012207031,2.4825254666678,0.0109763122907654,0.0441468708757334,NLR
80.9666666666667,0.684873700141907,-0.213537037372589,10.1217756271362,-0.754577994346619,-0.792688012123108,-2.67532205581665,-1137.90002441406,5.10000038146973,-923.700012207031,2.48927233510435,0.0573637935383582,0.0266583682613708,NLR
81.0,1.1095552444458,-0.293688207864761,7.21180963516235,-0.236281991004944,-0.0304879993200302,-3.02593398094177,-1140.30004882812,8.70000076293945,-909.300048828125,2.49520545000537,0.133500015549515,0.0377285954783436,NLR
81.0333333333333,-0.224303618073463,-0.696836590766907,9.09536170959473,-0.503051996231079,1.79879200458527,-2.53812599182129,-1137.90002441406,5.70000028610229,-914.100036621094,2.49951678112786,0.0014074607926086,0.0701423063223173,NLR
81.0666666666667,-1.18851006031036,-0.996506214141846,10.19056224823,-1.06708002090454,1.21189796924591,-2.41617393493652,-1130.70007324219,7.50000047683716,-906.900024414062,2.50645982287513,-0.0947246532847419,0.0939876817005781,NLR
81.1,-0.955234348773956,-1.81297135353088,10.4950160980225,-1.47104597091675,1.02134799957275,-1.83690190315247,-1157.10009765625,9.30000019073486,-923.700012207031,2.51656142165376,-0.0916348831589193,0.157816533329019,NLR
81.1333333333333,-0.632835268974304,-1.56534016132355,10.5512418746948,-1.36433792114258,0.25152599811554,-2.40092992782593,-1133.10009765625,12.3000001907349,-921.300048828125,2.52135698880131,-0.0656212720664832,0.15155590204306,NLR
81.1666666666667,-0.580198705196381,-1.88115966320038,10.0344467163086,-0.0152439996600151,0.0609759986400604,-1.54726600646973,-1137.90002441406,12.3000001907349,-918.900024414062,2.52708041713843,-0.0578739877849093,0.180158452867897,NLR
81.2,-0.808091163635254,-2.04385447502136,9.75870227813721,0.0990860015153885,1.07470202445984,-1.63110792636871,-1137.90002441406,9.30000019073486,-916.500061035156,2.53311508263831,-0.0780873829244202,0.202079383719386,NLR
81.2333333333333,-0.597544848918915,-1.81237316131592,9.43630313873291,0.205793991684914,0.564027965068817,-1.06708002090454,-1128.30004882812,8.70000076293945,-935.700012207031,2.53508655849168,-0.065810904775857,0.192062303608476,NLR
81.2666666666667,-0.135778456926346,-1.89192616939545,8.36084270477295,0.853663980960846,0.266770005226135,-0.78506600856781,-1116.30004882812,13.5000009536743,-906.900024414062,2.53813657605403,-0.0260667843019276,0.215266578144897,NLR
81.3,-0.0699827298521996,-1.81117689609528,8.14551067352295,1.07470202445984,0.830797970294952,-1.12805593013763,-1128.30004882812,4.5,-928.500061035156,2.54115837907461,-0.0127443926707604,0.216617369711321,NLR
81.3333333333333,-0.0813474431633949,-1.92960917949677,9.09057712554932,1.02134799957275,1.01372599601746,-1.51677799224854,-1121.10009765625,6.90000009536743,-930.900024414062,2.54500827540963,-0.0104942445512331,0.209266670526097,NLR
81.3666666666667,0.07656230032444,-1.7746901512146,10.2503757476807,1.37195992469788,0.525918006896973,-3.39941191673279,-1113.90002441406,4.5,-916.500061035156,2.55330959644293,0.0043385348774437,0.176230755199644,NLR
81.4,0.730332553386688,-2.00796604156494,9.76288986206055,2.4847719669342,-0.716467976570129,-5.42686367034912,-1135.5,8.10000038146973,-918.900024414062,2.56519582676488,0.0632955622675845,0.194203514018014,NLR
81.4333333333333,0.0107665732502937,-1.53004968166351,9.42134952545166,4.61131000518799,0.891773998737335,-8.17840576171875,-1123.5,3.30000019073486,-926.100036621094,2.58610226515298,0.0129797697930023,0.15997413206578,NLR
81.4666666666667,-0.496458679437637,-1.70470750331879,10.0332498550415,5.15247201919556,1.84452390670776,-10.7698860168457,-1118.70007324219,2.10000014305115,-921.300048828125,2.61139405598365,-0.0364323193282334,0.159724316020554,NLR
81.5,-0.982150733470917,-0.215929612517357,10.796480178833,5.82320785522461,1.03659200668335,-12.6601419448853,-1101.90002441406,0.300000011920929,-918.900024414062,2.63448295798759,-0.0798031842015883,0.0413938317512743,NLR
81.5333333333333,-0.799717128276825,-0.496458679437637,8.75621509552002,5.32777786254883,0.853663980960846,-7.9116358757019,-1106.70007324219,-0.300000011920929,-923.700012207031,2.65658874700317,-0.0899060506218849,0.0474101060306688,NLR
81.5666666666667,-1.40264523029327,0.638218522071838,9.71384143829346,4.58844375610352,2.15702605247498,-6.76833581924438,-1101.90002441406,-16.5,-921.300048828125,2.66253897648533,-0.135609461283828,-0.0479304337864577,NLR
81.6,-0.537730515003204,-0.0305052921175957,8.62881088256836,2.40855193138123,0.480185985565186,-3.26221585273743,-1101.90002441406,-11.1000003814697,-916.500061035156,2.67464071446472,-0.0778472801860273,-0.0096964639489686,NLR
81.6333333333333,-0.800315320491791,0.47552365064621,9.41776084899902,2.16464805603027,0.411587983369827,-3.57471799850464,-1097.10009765625,-6.90000009536743,-914.100036621094,2.68038157177729,-0.084036341865011,-0.0448387534955575,NLR
81.6666666666667,-0.282323479652405,0.438438802957535,8.81004810333252,1.98171997070312,-0.670735955238342,-2.0731840133667,-1094.70007324219,-11.1000003814697,-909.300048828125,2.68509585627675,-0.0416965282551618,-0.0513374239682613,NLR
81.7,-0.259594053030014,0.547300815582275,9.69051456451416,2.02745199203491,-0.647870004177094,-2.4923939704895,-1101.90002441406,-14.1000003814697,-914.100036621094,2.69101031719128,-0.0288603489622906,-0.0582014850309626,NLR
81.7333333333333,-0.677097856998444,1.04794645309448,9.48295879364014,2.43903994560242,-0.480185985565186,-1.78354799747467,-1089.90002441406,-12.9000005722046,-909.300048828125,2.69371168888744,-0.0633393786080392,-0.104744671738976,NLR
81.7666666666667,-0.122021168470383,0.372643083333969,10.0021467208862,1.75305998325348,0.0457319989800453,-1.37195992469788,-1089.90002441406,-13.5000009536743,-911.700012207031,2.69924335299291,-0.0227209497244402,-0.0532138718697656,NLR
81.8,-1.01923561096191,1.20705246925354,10.2503757476807,2.0731840133667,0.289635986089706,-2.31708788871765,-1097.10009765625,-9.30000019073486,-902.100036621094,2.70189671754408,-0.0838449202967347,-0.106947431614172,NLR
81.8333333333333,-0.82962429523468,0.881662726402283,9.16833591461182,1.2576299905777,0.0533539988100529,-0.602137982845306,-1089.90002441406,-8.70000076293945,-918.900024414062,2.70418428423404,-0.0888577703038017,-0.0996778901049079,NLR
81.8666666666667,-1.09819054603577,0.824241042137146,9.53140830993652,0.602137982845306,1.55488801002502,-0.457319974899292,-1097.10009765625,-9.90000057220459,-902.100036621094,2.70610451571198,-0.112031739792179,-0.0894811371725311,NLR
81.9,-1.66941702365875,0.913364291191101,10.3867530822754,0.213415995240211,1.65397393703461,-0.0609759986400604,-1075.5,-14.7000007629395,-914.100036621094,2.7061126224994,-0.153317791962688,-0.0883422709665487,NLR
81.9333333333333,-1.25131511688232,0.904392182826996,8.89259147644043,-0.602137982845306,0.0914639979600906,1.37195992469788,-1080.30004882812,-5.10000038146973,-914.100036621094,2.7013290107322,-0.141904419826308,-0.0981800026344973,NLR
81.9666666666667,-1.30813872814178,0.585581958293915,9.27540302276611,-0.87652999162674,-0.152439996600151,1.71494996547699,-1080.30004882812,-10.5,-906.900024414062,2.70117388850434,-0.139834731054774,-0.0688142752817325,NLR
82.0,-0.302660346031189,0.292491912841797,9.4434814453125,-1.72257196903229,-0.708845973014832,2.0579400062561,-1097.10009765625,-5.70000028610229,-921.300048828125,2.6990337841322,-0.0501477830899514,-0.03546811848908,NLR
82.0333333333333,-0.463560789823532,0.271556913852692,9.54995059967041,-0.800309956073761,-0.342989981174469,1.85976791381836,-1082.70007324219,-10.5,-914.100036621094,2.69463456838233,-0.0481808427940213,-0.0285772795220934,NLR
82.0666666666667,-0.169872596859932,-0.133385881781578,9.83825588226318,-1.13567793369293,-0.0990860015153885,0.647870004177094,-1087.5,-11.1000003814697,-921.300048828125,2.69274688574044,-0.01735625452185,0.0151600737159046,NLR
82.1,-0.413914948701859,-0.602329969406128,9.88550853729248,-0.716467976570129,-0.0076219998300075,0.282013982534409,-1082.70007324219,-5.10000038146973,-916.500061035156,2.69306288357688,-0.0376823682718171,0.054208699003929,NLR
82.1333333333333,-0.662742435932159,-0.533543527126312,9.91362190246582,-0.807931959629059,-0.693601965904236,0.106707997620106,-1094.70007324219,-10.5,-926.100036621094,2.6926646148602,-0.0601868614084675,0.054984275714232,NLR
82.1666666666667,-0.586778283119202,-0.0927121639251709,9.82449817657471,-0.457319974899292,-1.03659200668335,1.41006994247437,-1089.90002441406,-8.10000038146973,-916.500061035156,2.68688409610123,-0.058336794017109,0.0181018867772406,NLR
82.2,0.467149674892426,-0.798520863056183,9.0433235168457,-0.754577994346619,-0.754577994346619,1.71494996547699,-1082.70007324219,-7.50000047683716,-906.900024414062,2.6830425380589,0.0350311674267422,0.0781437594262753,NLR
82.2333333333333,-0.218920320272446,-0.41451308131218,9.44766807556152,0.0076219998300075,0.304879993200302,0.823175966739655,-1094.70007324219,-3.90000009536743,-921.300048828125,2.68151181485191,-0.0119129709593994,0.0507609530349713,NLR
82.2666666666667,-0.671116411685944,-0.294884473085403,9.61574649810791,0.6250039935112,0.37347799539566,0.937505960464478,-1094.70007324219,-8.70000076293945,-911.700012207031,2.67868993521091,-0.0599282450063092,0.03330422687146,NLR
82.3,-0.315819501876831,-0.223107323050499,9.4853515625,0.503051996231079,-1.04421401023865,1.22714197635651,-1080.30004882812,2.70000004768372,-916.500061035156,2.67543638233338,-0.0372380070019688,0.0247067601174746,NLR
82.3333333333333,-0.534141659736633,-0.196789041161537,9.88790130615234,0.236281991004944,-1.08232402801514,1.10518991947174,-1082.70007324219,-9.90000057220459,-928.500061035156,2.6726771337476,-0.0491139217875327,0.0204689503167137,NLR
82.3666666666667,-0.574217259883881,-0.166283741593361,10.4555387496948,0.0609759986400604,-0.647870004177094,1.82165801525116,-1097.10009765625,-10.5,-923.700012207031,2.66826859040651,-0.0528436764340845,0.0166061673379132,NLR
82.4,-0.701023578643799,-0.235070183873177,10.2085056304932,-0.304879993200302,-0.701223969459534,2.69056582450867,-1101.90002441406,-4.5,-914.100036621094,2.66232010422855,-0.0644797647626822,0.0219266659893253,NLR
82.4333333333333,-0.950449168682098,-0.136974737048149,9.22515869140625,-0.967993974685669,-1.27287399768829,5.00765371322632,-1087.5,-6.90000009536743,-923.700012207031,2.65019764702381,-0.0933231675817252,0.0170452888456712,NLR
82.4666666666667,-0.887046039104462,-0.851157426834106,8.97812557220459,-1.79117000102997,-0.853663980960846,8.26986980438232,-1099.5,-5.10000038146973,-914.100036621094,2.63675297085094,-0.0966190265179817,0.0802920881418489,NLR
82.5,-0.762034118175507,-0.965402781963348,9.33222675323486,-2.41617393493652,-0.670735955238342,10.5945796966553,-1099.5,-3.30000019073486,-914.100036621094,2.6137162138772,-0.0846241529375988,0.100548849331478,NLR
82.5333333333333,0.178246602416039,-1.50672209262848,8.93685436248779,-2.21037983894348,-0.769822001457214,11.9512958526611,-1104.30004882812,-3.30000019073486,-916.500061035156,2.58838438907819,-0.0025906586326562,0.156214572336049,NLR
82.5666666666667,-0.120824880897999,-1.27165198326111,9.38187217712402,-1.08994603157043,-0.853663980960846,11.1509857177734,-1099.5,-5.70000028610229,-909.300048828125,2.56253445902864,-0.0118020955723201,0.140430686623905,NLR
82.6,0.448607236146927,-1.57371413707733,9.67675685882568,-0.457319974899292,-0.419209986925125,10.1143941879272,-1128.30004882812,-3.90000009536743,-906.900024414062,2.53915868350221,0.0325897551824849,0.157904263327285,NLR
82.6333333333333,0.0221312902867794,-1.09998488426208,10.8275842666626,0.525918006896973,-0.335367977619171,7.24852180480957,-1118.70007324219,-4.5,-914.100036621094,2.52339521476928,0.0073514741770927,0.112083142735266,NLR
82.6666666666667,-0.0263182912021875,-0.75246387720108,9.98360443115234,1.02897000312805,-1.58537602424622,5.89180564880371,-1113.90002441406,0.300000011920929,-916.500061035156,2.50838482725822,0.0005616654275399,0.0799331056396806,NLR
82.7,0.182433605194092,-0.397765070199966,9.11390399932861,0.922261953353882,-1.31860601902008,4.32929611206055,-1121.10009765625,3.30000019073486,-894.900024414062,2.49788656671944,0.018048530576253,0.048849542484507,NLR
82.7333333333333,-0.410326063632965,-0.276342064142227,9.66658878326416,1.18140995502472,-0.556405961513519,3.91770792007446,-1113.90002441406,2.70000004768372,-914.100036621094,2.48872350139877,-0.0296556751429907,0.0309541928488425,NLR
82.7666666666667,-0.808091163635254,-0.0478514358401299,9.34658241271973,0.960371971130371,0.297257989645004,3.60520601272583,-1123.5,-2.70000004768372,-911.700012207031,2.47938708391431,-0.075343004021977,0.0087053043471513,NLR
82.8,-0.133385881781578,-0.0544310100376606,9.78143215179443,0.67835795879364,-0.381099998950958,3.20123982429504,-1118.70007324219,2.70000004768372,-911.700012207031,2.47190893004848,-0.0255671417792084,0.0050562309115752,NLR
82.8333333333333,0.0825437307357788,-0.0933103039860725,9.70187854766846,0.907018005847931,-1.42531394958496,2.62196803092957,-1125.90002441406,9.90000057220459,-926.100036621094,2.46589607244553,0.0036056407574835,0.0074094133351434,NLR
82.8666666666667,0.084936298429966,0.214135184884071,9.87414455413818,1.27287399768829,-0.92988395690918,2.14178204536438,-1123.5,3.30000019073486,-904.500061035156,2.46110960944327,0.0089156808145495,-0.0175752741502935,NLR
82.9,0.138171032071114,0.201574176549911,9.11629676818848,0.975615978240967,-0.975615978240967,2.35519790649414,-1123.5,-2.70000004768372,-921.300048828125,2.45576154272321,0.015323099435854,-0.0225122245003293,NLR
82.9333333333333,0.072973445057869,0.292491912841797,9.42673301696777,0.426831990480423,-0.769822001457214,2.39330792427063,-1125.90002441406,2.70000004768372,-921.300048828125,2.45037718077025,0.0104287028439063,-0.0298594384888607,NLR
82.9666666666667,-0.220714762806892,0.178844749927521,9.16534519195557,0.358233988285065,-0.449698001146317,1.98171997070312,-1133.10009765625,3.90000009536743,-914.100036621094,2.44586490020774,-0.0164257683469271,-0.0221148658685402,NLR
83.0,-0.757248997688293,0.194396466016769,9.4847526550293,0.289635986089706,0.3125019967556,1.72257196903229,-1130.70007324219,2.10000014305115,-914.100036621094,2.44194390990522,-0.0672910234663117,-0.0213456534470881,NLR
83.0333333333333,-0.917551338672638,-0.107067592442036,10.2725076675415,-0.167683988809586,0.564027965068817,1.82927989959717,-1130.70007324219,5.10000038146973,-904.500061035156,2.43963791675542,-0.0854705925920517,0.0040429525400318,NLR
83.0666666666667,-0.884055316448212,0.241649761795998,10.4603242874146,-0.0381099991500378,-0.205793991684914,1.54726600646973,-1125.90002441406,0.300000011920929,-926.100036621094,2.43423323285423,-0.0842274105590476,-0.0177596810510232,NLR
83.1,-0.424681514501572,-0.0759641602635384,8.80047798156738,-0.342989981174469,-0.655492007732391,1.42531394958496,-1123.5,-0.300000011920929,-921.300048828125,2.4320598033176,-0.0529239345156951,0.0048540349507184,NLR
83.1333333333333,0.117236025631428,0.0197387188673019,9.63189601898193,-1.35671591758728,-1.73781597614288,1.00610399246216,-1140.30004882812,-2.10000014305115,-916.500061035156,2.42948419499971,0.0022684906015076,0.001153376007081,NLR
83.1666666666667,-0.0711790099740028,0.110058307647705,9.34239482879639,-1.15854394435883,-2.31708788871765,0.46494197845459,-1135.5,2.10000014305115,-918.900024414062,2.42842920165031,-0.0023940054625145,-0.00755957750058,NLR
83.2,0.0939084440469742,-0.07656230032444,9.02179050445557,-0.967993974685669,-1.6692179441452,0.853663980960846,-1149.90002441406,5.70000028610229,-914.100036621094,2.42641798327323,0.0101533898076774,0.0066088642899335,NLR
83.2333333333333,0.0807493031024933,-0.281725347042084,9.81911468505859,-1.14329993724823,-0.647870004177094,0.0533539988100529,-1149.90002441406,6.90000009536743,-911.700012207031,2.42610794483973,0.0095113472050338,0.0258294266598286,NLR
83.2666666666667,-0.258995920419693,-0.253014475107193,10.3389015197754,-0.495429992675781,-0.510673999786377,0.0533539988100529,-1135.5,2.70000004768372,-909.300048828125,2.42594900737872,-0.0173652804195325,0.0254321637660171,NLR
83.3,0.409727931022644,-0.311034351587296,9.54935264587402,-0.769822001457214,-0.83841997385025,-0.320124000310898,-1135.5,-0.300000011920929,-909.300048828125,2.42659397630417,0.0318948152465804,0.0321905466413944,NLR
83.3333333333333,0.0406737215816975,-0.670518279075623,10.0840921401978,-1.21951997280121,-0.0304879993200302,-0.724089980125427,-1147.5,2.70000004768372,-911.700012207031,2.42771200597106,0.0097387526855128,0.0611845784190696,ST
83.3666666666667,0.344530344009399,-0.92771977186203,10.0314559936523,-2.24848985671997,-0.495429992675781,-0.952749967575073,-1130.70007324219,6.30000019073486,-914.100036621094,2.42936289910467,0.0300500592125985,0.0890652835186878,ST
83.4,0.678294122219086,-1.03897428512573,8.92070388793945,-2.75916385650635,-0.800309956073761,-1.44055795669556,-1147.5,3.90000009536743,-902.100036621094,2.43171617255585,0.0686411745248848,0.114988246652703,ST
83.4333333333333,0.250023752450943,-1.70889449119568,9.68513107299805,-2.61434602737427,-0.594515979290009,-1.17378795146942,-1142.70007324219,8.70000076293945,-923.700012207031,2.43202185427292,0.0338005345541057,0.168375387888494,ST
83.4666666666667,0.268566191196442,-1.68377244472504,8.80645942687988,-2.14178204536438,-0.907018005847931,-1.57013201713562,-1140.30004882812,6.90000009536743,-923.700012207031,2.43491858297009,0.0323190868831167,0.188255186400489,ST
83.5,-0.277538329362869,-1.65685606002808,8.46551704406738,-1.21951997280121,0.121951997280121,-1.30336201190948,-1147.5,8.10000038146973,-921.300048828125,2.43790095641808,-0.0189817146839134,0.193977374979763,ST
83.5333333333333,-0.778183996677399,-1.64848208427429,9.34418964385986,-0.586893975734711,0.586893975734711,-0.609759986400604,-1140.30004882812,0.300000011920929,-921.300048828125,2.43882408936544,-0.0698153700123898,0.17941823313876,ST
83.5666666666667,-1.4361412525177,-1.47023546695709,9.98898792266846,0.861285984516144,0.800309956073761,0.907018005847931,-1135.5,9.90000057220459,-918.900024414062,2.43441544094532,-0.129066080864034,0.151173415028375,ST
83.6,-2.0970892906189,-1.32727921009064,11.868950843811,1.53964400291443,0.594515979290009,1.76068198680878,-1145.10009765625,12.3000001907349,-916.500061035156,2.42556554949659,-0.167516678210115,0.1154684405719,ST
83.6333333333333,-0.884055316448212,-0.865512907505035,11.1093091964722,2.05031800270081,-1.72257196903229,2.52288198471069,-1140.30004882812,13.5000009536743,-914.100036621094,2.41568229030033,-0.0949385221240185,0.0819926551741344,ST
83.6666666666667,0.10826388001442,-0.658555388450623,9.69051456451416,2.56861400604248,-3.75764584541321,2.5000159740448,-1140.30004882812,9.90000057220459,-904.500061035156,2.40884817319359,-0.0052852535928005,0.0669866379138677,ST
83.7,1.33266258239746,-0.590965270996094,8.30641174316406,2.33233189582825,-5.25918006896973,1.63110792636871,-1157.10009765625,9.90000057220459,-911.700012207031,2.40394222429564,0.132675956597708,0.0672093377971777,ST
83.7333333333333,1.84646737575531,-0.406737208366394,7.95948839187622,2.43141794204712,-5.12198400497437,1.42531394958496,-1142.70007324219,6.90000009536743,-909.300048828125,2.40179149418208,0.215516001155843,0.0514320941737812,ST
83.7666666666667,1.74179232120514,-0.151330173015594,7.51147937774658,1.76830399036407,-4.45124769210815,1.18903195858002,-1161.90002441406,8.10000038146973,-906.900024414062,2.40373824251214,0.232171022221636,0.0232739213931532,ST
83.8,0.238060906529427,-0.0209350045770407,10.5817470550537,1.01372599601746,-2.5152599811554,0.891773998737335,-1169.10009765625,6.90000009536743,-921.300048828125,2.40391973157414,0.0637568687523493,0.0044944508436559,ST
83.8333333333333,1.21423017978668,-0.552684128284454,11.2349195480347,-0.556405961513519,-3.97106194496155,0.990859985351562,-1164.30004882812,1.5,-887.700012207031,2.39809031305525,0.105917942254691,0.0425982178689715,ST
83.8666666666667,1.34881234169006,-0.110058307647705,10.7498254776001,-0.960371971130371,-6.41010189056396,0.228659987449646,-1173.90002441406,2.70000004768372,-899.700012207031,2.4003127573548,0.130632009904932,0.0174662113955,ST
83.9,1.13228464126587,0.169872596859932,9.23652362823486,-0.0990860015153885,-4.87045812606812,1.10518991947174,-1190.70007324219,2.70000004768372,-885.300048828125,2.40142516306083,0.130508094531195,-0.0116544324179201,ST
83.9333333333333,1.26746499538422,-0.0059814294800162,10.1343364715576,-0.0457319989800453,-1.50153398513794,1.38720393180847,-1193.10009765625,6.90000009536743,-894.900024414062,2.39665165275837,0.127633267255081,-0.0011354091954495,ST
83.9666666666667,2.08811712265015,0.0592161528766155,8.07313537597656,0.175305992364883,-0.632625997066498,0.518296003341675,-1195.5,3.30000019073486,-878.100036621094,2.39630104186572,0.228636253037824,-0.0061423571400243,ST
84.0,1.49715185165405,-0.0035888578277081,8.47927474975586,-0.0685980021953583,1.44817996025085,-0.396344006061554,-1205.10009765625,7.50000047683716,-902.100036621094,2.39614316595414,0.183605309370657,-0.0008989020169908,ST
84.0333333333333,1.3841028213501,-0.35709136724472,8.58215522766113,-0.724089980125427,1.2500079870224,-0.823175966739655,-1190.70007324219,-1.5,-899.700012207031,2.39235353226178,0.162881771834336,0.0338552461543021,ST
84.0666666666667,1.05452609062195,-0.489879101514816,10.2820777893066,-1.02897000312805,1.21951997280121,-1.06708002090454,-1190.70007324219,13.5000009536743,-906.900024414062,2.39374428382956,0.110592078157887,0.0466051003798552,ST
84.1,1.66164112091064,-0.590965270996094,9.46262168884277,-0.899396002292633,-0.0381099991500378,-0.67835795879364,-1183.5,9.90000057220459,-904.500061035156,2.39371415471019,0.160915381257373,0.0602935669265382,ST
84.1333333333333,1.31172752380371,-1.06648886203766,8.93685436248779,-0.83841997385025,1.47866797447205,-0.434453994035721,-1188.30004882812,14.7000007629395,-909.300048828125,2.3878280412137,0.14540518079596,0.110069433288113,ST
84.1666666666667,1.16637873649597,-1.33864402770996,10.4830541610718,-1.57775402069092,2.16464805603027,-0.823175966739655,-1185.90002441406,8.10000038146973,-902.100036621094,2.38892452556222,0.112903577603137,0.126275297136293,ST
84.2,0.574815392494202,-1.03478729724884,9.67257022857666,-0.182927995920181,1.6920839548111,-0.777444005012512,-1185.90002441406,9.90000057220459,-918.900024414062,2.39284701940578,0.0657535140162038,0.110030475182738,ST
84.2333333333333,0.699229121208191,-1.29258692264557,9.56669902801514,-0.121951997280121,1.90549993515015,-0.87652999162674,-1178.70007324219,10.5,-906.900024414062,2.39408522312572,0.068501854623321,0.129470829360124,ST
84.2666666666667,0.814670741558075,-1.2357634305954,9.29274940490723,-0.571649968624115,1.60061991214752,-1.13567793369293,-1176.30004882812,5.10000038146973,-909.300048828125,2.39703791829064,0.0810148461213359,0.132308426296689,ST
84.3,0.61847984790802,-1.4421226978302,9.39443397521973,-0.198172003030777,1.32622802257538,-0.114329993724823,-1176.30004882812,7.50000047683716,-914.100036621094,2.39659306710809,0.0656039570228926,0.149429989687784,ST
84.3333333333333,1.33924210071564,-1.36675667762756,7.86916875839233,-0.701223969459534,0.167683988809586,-0.396344006061554,-1169.10009765625,11.7000007629395,-897.300048828125,2.39572129143697,0.149072374329687,0.169117092736768,ST
84.3666666666667,1.09280717372894,-1.75794219970703,9.01162242889404,-0.335367977619171,-0.160062000155449,0.335367977619171,-1164.30004882812,9.30000019073486,-914.100036621094,2.39219960086104,0.123747886350965,0.189280733659161,ST
84.4,1.2297819852829,-1.97566628456116,8.93924713134766,-0.213415995240211,-1.02134799957275,0.37347799539566,-1169.10009765625,12.9000005722046,-892.500061035156,2.38794260974252,0.132987650022662,0.212560105952837,ST
84.4333333333333,0.434849947690964,-2.00617146492004,10.4770727157593,0.289635986089706,-0.0076219998300075,0.335367977619171,-1169.10009765625,5.70000028610229,-909.300048828125,2.38893290169992,0.0571263804139838,0.193000720767123,ST
84.4666666666667,0.347521066665649,-1.93917953968048,11.3748846054077,0.594515979290009,0.0533539988100529,0.586893975734711,-1183.5,9.30000019073486,-926.100036621094,2.38849205999925,0.0353312077310174,0.172924967834374,ST
84.5,1.12869584560394,-1.67539846897125,9.96087455749512,1.09756803512573,-0.861285984516144,0.922261953353882,-1166.70007324219,6.30000019073486,-911.700012207031,2.38632568474057,0.0969287481775675,0.166510480893997,ST
84.5333333333333,1.02701151371002,-1.40683221817017,9.80296516418457,1.6615959405899,-0.160062000155449,0.647870004177094,-1183.5,3.30000019073486,-914.100036621094,2.38654405609616,0.102130206083008,0.145148239135106,ST
84.5666666666667,0.62147057056427,-1.23755776882172,9.1151008605957,1.81403601169586,1.33385002613068,0.83841997385025,-1176.30004882812,12.3000001907349,-914.100036621094,2.38553732578024,0.07158485252511,0.134242777220011,ST
84.6,0.717771589756012,-1.08981645107269,9.69470119476318,1.65397393703461,1.03659200668335,0.967993974685669,-1173.90002441406,6.30000019073486,-906.900024414062,2.38464454440244,0.0714685385187402,0.113369811452187,ST
84.6333333333333,1.43075799942017,-1.03299295902252,8.61505317687988,1.76830399036407,-0.0381099991500378,0.967993974685669,-1171.5,6.30000019073486,-906.900024414062,2.38146238692032,0.147865003538292,0.115941691705129,ST
84.6666666666667,0.593955993652344,-1.08802211284637,9.5864372253418,2.32470989227295,1.12043392658234,0.46494197845459,-1169.10009765625,8.10000038146973,-926.100036621094,2.38071134464144,0.0772744559726712,0.110435070850961,ST
84.7,-0.18482618033886,-0.592161536216736,10.234824180603,1.89787793159485,1.08994603157043,0.243903994560242,-1147.5,12.3000001907349,-909.300048828125,2.38192294148661,-0.0003443483647626,0.0657783759716436,ST
84.7333333333333,-0.0837400183081627,-0.75246387720108,10.3550510406494,1.15092194080353,0.365855991840363,1.2423859834671,-1176.30004882812,5.10000038146973,-911.700012207031,2.37914778402556,-0.0071366538103834,0.0695648142099791,ST
84.7666666666667,0.541917502880096,-0.930710434913635,9.48116397857666,0.556405961513519,-0.3125019967556,1.82165801525116,-1176.30004882812,8.70000076293945,-897.300048828125,2.37447829301004,0.0441481893185002,0.0914353422770703,ST
84.8,0.66034984588623,-1.2297819852829,8.68683052062988,0.327746003866196,0.548784017562866,1.69970595836639,-1161.90002441406,7.50000047683716,-892.500061035156,2.36850810572809,0.0678558344804887,0.130379936778779,ST
84.8333333333333,0.359483927488327,-1.45169293880463,9.09536170959473,0.0381099991500378,1.94360995292664,1.04421401023865,-1147.5,2.10000014305115,-904.500061035156,2.36553135744261,0.0419373942518492,0.152661867175308,ST
84.8666666666667,-0.061608724296093,-1.16996765136719,9.28975868225098,0.525918006896973,1.73019397258759,0.853663980960846,-1157.10009765625,11.1000003814697,-928.500061035156,2.36460147957576,0.0006412029928177,0.130084733487935,ST
84.9,-0.362474650144577,-0.97557121515274,9.80954456329346,1.42531394958496,0.403965979814529,1.73781597614288,-1152.30004882812,6.30000019073486,-923.700012207031,2.36026046077479,-0.0305076574498671,0.102942827451934,ST
84.9333333333333,0.162096738815308,-0.818259596824646,9.25925350189209,1.36433792114258,-0.289635986089706,2.16464805603027,-1147.5,0.300000011920929,-911.700012207031,2.35465992356104,0.0095198131281196,0.0886351627752931,ST
84.9666666666667,0.211742609739304,-0.460570096969604,10.3335180282593,1.52439999580383,-0.891773998737335,2.63721203804016,-1147.5,4.5,-921.300048828125,2.34840385340673,0.0196868983677588,0.0497860768058451,ST
85.0,0.254210770130157,-0.0974973067641258,9.19943904876709,1.87501192092896,-1.08232402801514,2.9268479347229,-1157.10009765625,9.30000019073486,-921.300048828125,2.34227693287059,0.0274224389365191,0.015980746501617,ST
85.0333333333333,0.635227859020233,-0.291295617818832,9.38905048370361,1.39482593536377,-0.167683988809586,3.07928800582886,-1149.90002441406,4.5,-909.300048828125,2.3345941580645,0.0595810607810309,0.0262441293908715,ST
85.0666666666667,1.24234294891357,-0.311034351587296,9.49013614654541,0.754577994346619,-1.15092194080353,2.0655620098114,-1166.70007324219,3.90000009536743,-918.900024414062,2.32907398443856,0.11825492262043,0.0307462635692811,ST
85.1,0.748875021934509,-0.0735715851187706,9.38306903839111,0.945127964019775,-1.01372599601746,1.51677799224854,-1171.5,3.30000019073486,-914.100036621094,2.32715508495086,0.0879506953672863,0.0107787701469526,ST
85.1333333333333,0.445616513490677,0.130395174026489,9.85320949554443,0.807931959629059,-0.327746003866196,1.18140995502472,-1161.90002441406,4.5,-918.900024414062,2.3257424160682,0.0542715112755733,-0.0094207170038475,ST
85.1666666666667,0.186620607972145,0.266173630952835,8.96735954284668,0.495429992675781,-0.304879993200302,0.899396002292633,-1166.70007324219,8.10000038146973,-904.500061035156,2.32432941401642,0.0279961267780497,-0.0262404177594292,ST
85.2,-0.0209350045770407,0.0657957270741463,9.89208889007568,-0.327746003866196,0.579271972179413,0.632625997066498,-1161.90002441406,0.900000035762787,-897.300048828125,2.32251847973078,0.0024428390477618,-0.0096672047964539,ST
85.2333333333333,0.279332756996155,0.0628050118684769,9.18568134307861,-0.175305992364883,0.228659987449646,0.579271972179413,-1164.30004882812,6.30000019073486,-916.500061035156,2.32106866849645,0.025087928660083,-0.0070766875308282,ST
85.2666666666667,-0.0400755777955055,-0.41451308131218,10.1098127365112,-0.434453994035721,0.78506600856781,-0.160062000155449,-1154.70007324219,7.50000047683716,-914.100036621094,2.32098025996211,0.0004502826148565,0.032469751512747,ST
85.3,0.119628593325615,-0.472532957792282,9.46142578125,-0.472563982009888,-0.0228659994900227,-0.83841997385025,-1149.90002441406,6.90000009536743,-904.500061035156,2.32294891072374,0.0105367231118656,0.0474578759157976,ST
85.3333333333333,-0.115441590547562,-0.309838056564331,9.70247745513916,-0.419209986925125,-0.282013982534409,-1.05183601379395,-1169.10009765625,7.50000047683716,-916.500061035156,2.32536606044393,-0.0069200002796178,0.0356402834690334,ST
85.3666666666667,0.205163031816483,-0.391185492277145,8.95838737487793,-0.594515979290009,0.137196004390717,-1.10518991947174,-1149.90002441406,5.10000038146973,-902.100036621094,2.32789353797781,0.0167401085123025,0.0428425165624293,ST
85.4,0.477916240692139,-0.65735912322998,9.11330604553223,-0.701223969459534,-0.182927995920181,-1.2347639799118,-1147.5,11.1000003814697,-935.700012207031,2.33000716070497,0.045452457882703,0.0670387810587298,ST
85.4333333333333,0.736912131309509,-0.761435985565186,9.91481781005859,-0.777444005012512,-0.0152439996600151,-1.99696397781372,-1178.70007324219,2.70000004768372,-911.700012207031,2.33419861966826,0.0684433242141655,0.0756245947429037,ST
85.4666666666667,0.0526365824043751,-0.69564026594162,9.32445049285889,-0.198172003030777,0.495429992675781,-2.44666194915771,-1159.5,-0.300000011920929,-909.300048828125,2.34064511792797,0.0150782018310162,0.074828866929019,ST
85.5,-0.404344648122787,-0.781174719333649,9.80356311798096,-0.167683988809586,1.52439999580383,-1.6844619512558,-1140.30004882812,0.300000011920929,-909.300048828125,2.34481408710474,-0.031700903134016,0.0788448925025982,ST
85.5333333333333,-0.106469452381134,-0.778183996677399,10.0607643127441,-0.365855991840363,0.83841997385025,-1.09756803512573,-1152.30004882812,8.70000076293945,-914.100036621094,2.34744657577987,-0.0158592608082712,0.078072129721862,ST
85.5666666666667,0.125011876225471,-0.97258049249649,9.97762298583984,-0.381099998950958,0.472563982009888,-0.320124000310898,-1157.10009765625,0.900000035762787,-918.900024414062,2.34834707426786,0.0061412278013565,0.0938527936213534,ST
85.6,0.190807610750198,-0.83859646320343,9.20960712432861,-0.0685980021953583,0.891773998737335,0.0609759986400604,-1152.30004882812,7.50000047683716,-923.700012207031,2.34842554409913,0.0164648806125487,0.0915158406270122,ST
85.6333333333333,-0.200377896428108,-0.870298027992249,9.84483528137207,0.0304879993200302,1.45580196380615,0.632625997066498,-1135.5,3.30000019073486,-904.500061035156,2.34720656996072,-0.0158749161455425,0.0887243658790911,ST
85.6666666666667,-0.190807610750198,-0.321202784776688,9.98001575469971,-0.0152439996600151,0.304879993200302,0.967993974685669,-1142.70007324219,4.5,-918.900024414062,2.34408319662234,-0.0190535006058859,0.0422678017579581,ST
85.7,0.0741697251796722,-0.47552365064621,8.72570991516113,0.472563982009888,-0.37347799539566,1.96647596359253,-1145.10009765625,8.10000038146973,-930.900024414062,2.3391796513036,0.004270936273277,0.0517054818855744,ST
85.7333333333333,-0.177050322294235,-0.540721237659454,9.51286602020264,0.327746003866196,0.78506600856781,1.33385002613068,-1140.30004882812,3.30000019073486,-928.500061035156,2.33596395399855,-0.0159906361939782,0.0554355405873861,ST
85.7666666666667,-0.661546111106873,-0.382811486721039,10.1678323745728,0.800309956073761,0.914639949798584,1.28049600124359,-1133.10009765625,8.70000076293945,-923.700012207031,2.33243483495034,-0.0575843024054413,0.0395918314461118,ST
85.8,-0.436644375324249,-0.308043628931046,9.64744758605957,0.731711983680725,-0.129574000835419,0.579271972179413,-1137.90002441406,5.10000038146973,-916.500061035156,2.3307170061029,-0.047258831178568,0.032196450310559,ST
85.8333333333333,-0.471336662769318,-0.418101936578751,8.98649978637695,0.175305992364883,-0.708845973014832,0.182927995920181,-1137.90002441406,5.70000028610229,-918.900024414062,2.33077982964463,-0.0504743676401103,0.0438229847866794,ST
85.8666666666667,-0.324791640043259,-0.61847984790802,10.3233499526978,-0.868907988071442,-1.10518991947174,-0.647870004177094,-1137.90002441406,8.10000038146973,-923.700012207031,2.33273645895111,-0.0331711662756827,0.0582599426766399,ST
85.9,0.310436189174652,-0.571226537227631,8.73468208312988,-0.693601965904236,-1.97409796714783,-1.27287399768829,-1128.30004882812,5.70000028610229,-906.900024414062,2.33540450263736,0.0244630546082891,0.0648483931820408,ST
85.9333333333333,0.407335370779037,-0.672312676906586,9.00803279876709,-0.693601965904236,-1.18140995502472,-1.29574000835419,-1140.30004882812,0.900000035762787,-904.500061035156,2.33828141824273,0.0436840687042792,0.0739291361425996,ST
85.9666666666667,0.204564899206161,-0.919943869113922,9.36572265625,-0.3125019967556,-1.00610399246216,-0.868907988071442,-1130.70007324219,9.30000019073486,-909.300048828125,2.33950377084219,0.0272007918916352,0.0940431968684597,ST
86.0,-0.141161739826202,-1.23935222625732,9.60797023773193,-0.990859985351562,-0.236281991004944,-0.632625997066498,-1137.90002441406,2.70000004768372,-923.700012207031,2.34069881836362,-0.0066687992343148,0.123588121378994,ST
86.0333333333333,-0.0634031519293785,-1.36436414718628,10.6164398193359,-1.87501192092896,-0.358233988285065,-0.685979962348938,-1137.90002441406,3.90000009536743,-909.300048828125,2.34226045587648,-0.0054218814513173,0.129752849909119,ST
86.0666666666667,0.446214646100998,-1.58268630504608,10.0332498550415,-1.265251994133,-1.08994603157043,-0.182927995920181,-1147.5,6.90000009536743,-902.100036621094,2.34201268340319,0.0360947688070808,0.153176159604373,ST
86.1,0.572422802448273,-1.77528834342957,9.71384143829346,-0.655492007732391,-0.243903994560242,-0.0304879993200302,-1142.70007324219,11.1000003814697,-892.500061035156,2.3409942088459,0.0543613163793045,0.176775638417546,ST
86.1333333333333,-0.209948182106018,-1.50971281528473,9.21977615356445,0.518296003341675,1.45580196380615,0.731711983680725,-1145.10009765625,7.50000047683716,-923.700012207031,2.34011592874255,-0.0100941267328933,0.164347153853881,ST
86.1666666666667,-0.711790144443512,-1.35240125656128,9.30650615692139,1.05945801734924,2.11891603469849,1.63110792636871,-1145.10009765625,8.70000076293945,-921.300048828125,2.33627828234743,-0.0679715512915836,0.146058841807564,ST
86.2,-0.567039549350739,-0.993515491485596,9.58165264129639,1.6692179441452,0.304879993200302,2.94971394538879,-1147.5,3.90000009536743,-921.300048828125,2.32751295128895,-0.06157851680571,0.109339038146653,ST
86.2333333333333,-0.530552804470062,-0.745884299278259,9.09416580200195,2.31708788871765,0.213415995240211,3.10215401649475,-1145.10009765625,6.90000009536743,-918.900024414062,2.31878873610698,-0.0594199405129728,0.0831517639701354,ST
86.2666666666667,-0.721958577632904,-0.602329969406128,10.1971416473389,2.0731840133667,0.434453994035721,3.20123982429504,-1140.30004882812,8.10000038146973,-928.500061035156,2.30991287013839,-0.069508073086133,0.0600364446617304,ST
86.3,-0.461766362190247,-0.218322187662125,10.5051851272583,1.90549993515015,-0.746955990791321,2.94971394538879,-1137.90002441406,1.5,-911.700012207031,2.30130373381924,-0.048195150961136,0.0257907918874098,ST
86.3333333333333,0.0179442893713713,-0.235070183873177,9.32803916931152,1.10518991947174,-1.49391198158264,2.24848985671997,-1130.70007324219,5.10000038146973,-906.900024414062,2.2960540046117,-0.0061701941609803,0.0237083801986861,ST
86.3666666666667,0.473729223012924,-0.249425619840622,8.88062858581543,0.472563982009888,-1.78354799747467,1.82165801525116,-1147.5,8.10000038146973,-921.300048828125,2.29141306712706,0.0451495246024598,0.0266965037041984,ST
86.4,0.465953379869461,-0.486290246248245,9.27480506896973,0.388722002506256,-1.55488801002502,1.37195992469788,-1147.5,6.90000009536743,-911.700012207031,2.2871165087437,0.0512171399401969,0.0467642819132488,ST
86.4333333333333,0.82962429523468,-0.352306216955185,9.80535793304443,0.533540010452271,-1.94360995292664,1.09756803512573,-1147.5,12.9000005722046,-914.100036621094,2.28493671692566,0.0803217614321308,0.0374772905982196,ST
86.4666666666667,1.36855113506317,-0.117236025631428,8.59471607208252,0.602137982845306,-2.01982998847961,1.13567793369293,-1157.10009765625,8.70000076293945,-916.500061035156,2.28426104653066,0.145028131176366,0.0178568596230853,ST
86.5,0.356493204832077,-0.061608724296093,9.86756420135498,1.14329993724823,-0.442075997591019,1.09756803512573,-1145.10009765625,3.90000009536743,-914.100036621094,2.28255688212357,0.0586874934857965,0.0071277406497058,ST
86.5333333333333,0.426475942134857,-0.193200185894966,10.1522808074951,1.02897000312805,0.0838419944047928,1.265251994133,-1154.70007324219,0.900000035762787,-899.700012207031,2.2791008595632,0.0452045872886079,0.0152866249667698,ST
86.5666666666667,0.221312895417213,0.464757084846497,10.0900735855103,1.34909391403198,-0.0533539988100529,1.2576299905777,-1142.70007324219,0.900000035762787,-909.300048828125,2.27792052066632,0.0267196934975457,-0.0354970616790588,ST
86.6,0.937290012836456,0.413914948701859,8.58574390411377,0.891773998737335,0.190549999475479,0.99848198890686,-1164.30004882812,6.30000019073486,-914.100036621094,2.2760929452318,0.0928529790370901,-0.0469169139782785,ST
86.6333333333333,-0.304454773664474,0.465953379869461,9.66479396820068,0.487807989120483,1.55488801002502,0.213415995240211,-1135.5,8.70000076293945,-921.300048828125,2.27539264259673,-0.0127870871739511,-0.0486682122196243,ST
86.6666666666667,-0.644798099994659,-0.172863319516182,10.6439542770386,-0.556405961513519,1.83690190315247,-0.37347799539566,-1157.10009765625,3.90000009536743,-923.700012207031,2.27798636273519,-0.0546257106919541,0.0054380327783535,ST
86.7,-0.21712589263916,-0.157311603426933,9.63249397277832,-1.16616594791412,0.564027965068817,-1.41006994247437,-1133.10009765625,11.7000007629395,-916.500061035156,2.28187163442316,-0.0287144881806649,0.0162731933514625,ST
86.7333333333333,-0.397765070199966,-0.376830071210861,8.85849761962891,-0.899396002292633,0.647870004177094,-2.56861400604248,-1142.70007324219,9.30000019073486,-916.500061035156,2.28930793761278,-0.0431218666751839,0.0398428110157339,ST
86.7666666666667,-0.866709172725677,-0.57660984992981,9.92020130157471,-1.20427596569061,1.10518991947174,-2.87349390983582,-1140.30004882812,6.30000019073486,-906.900024414062,2.29687010084422,-0.0794874690323736,0.0563280570180319,ST
86.8,-0.867307305335999,-0.409727931022644,9.98300647735596,-1.08232402801514,0.0838419944047928,-2.44666194915771,-1140.30004882812,9.30000019073486,-916.500061035156,2.30142704081411,-0.0851068647027112,0.0459001869519569,ST
86.8333333333333,-0.389989227056503,-0.789548695087433,8.84174919128418,-1.44055795669556,-0.533540010452271,-2.46190595626831,-1142.70007324219,8.70000076293945,-918.900024414062,2.3098322609881,-0.0498085853821462,0.0841346591769348,ST
86.8666666666667,-0.472532957792282,-1.22738933563232,9.95130443572998,-1.2576299905777,-0.381099998950958,-1.83690190315247,-1128.30004882812,10.5,-916.500061035156,2.31567299203673,-0.0467616666711715,0.117752421678974,ST
86.9,-0.0968991592526436,-1.24294114112854,10.222861289978,-0.983237981796265,-0.952749967575073,-2.35519790649414,-1137.90002441406,5.70000028610229,-930.900024414062,2.32131143600685,-0.0138971174785698,0.121957292710424,ST
86.9333333333333,0.233873903751373,-1.42238402366638,9.30710506439209,-0.952749967575073,-1.32622802257538,-1.98934197425842,-1152.30004882812,9.90000057220459,-918.900024414062,2.32538232501697,0.0192313730415151,0.146976715521866,ST
86.9666666666667,0.735715866088867,-1.33026993274689,8.716139793396,-0.975615978240967,-0.99848198890686,-0.861285984516144,-1135.5,9.30000019073486,-916.500061035156,2.32707313805165,0.0747909065162663,0.152133321689153,ST
87.0,-0.0628050118684769,-1.25729656219482,9.06485652923584,-0.152439996600151,0.198172003030777,0.358233988285065,-1147.5,15.9000005722046,-916.500061035156,2.32680852252865,0.0092508289544554,0.140947868517744,ST
87.0333333333333,-0.0245238617062569,-1.37333631515503,10.1833839416504,-0.381099998950958,-0.297257989645004,0.548784017562866,-1149.90002441406,10.5,-911.700012207031,2.32548955594686,0.0002632523759798,0.135975412190643,ST
87.0666666666667,0.297875195741653,-1.4600670337677,10.596700668335,0.0838419944047928,-1.43293595314026,1.13567793369293,-1145.10009765625,9.90000057220459,-933.300048828125,2.32243839414156,0.0240461888945365,0.136645896491282,ST
87.1,0.469542235136032,-1.37931764125824,9.97044563293457,0.952749967575073,-1.82165801525116,1.05183601379395,-1149.90002441406,9.90000057220459,-909.300048828125,2.31941449184357,0.0443839355741641,0.136042679214827,ST
87.1333333333333,0.159106031060219,-1.05273163318634,10.2539653778076,1.15854394435883,-0.617381989955902,0.609759986400604,-1137.90002441406,11.7000007629395,-918.900024414062,2.31870650262683,0.0220218947181516,0.107516885699027,ST
87.1666666666667,0.0891233012080193,-0.828428030014038,10.6660852432251,1.2347639799118,-0.602137982845306,0.274392008781433,-1142.70007324219,13.5000009536743,-921.300048828125,2.31833301306248,0.0118901320574825,0.0818455052710654,ST
87.2,0.729136288166046,-0.361278355121613,9.38306903839111,0.792688012123108,-1.43293595314026,0.0381099991500378,-1137.90002441406,5.10000038146973,-923.700012207031,2.31935744341281,0.0662619452798591,0.0461621804198296,ST
87.2333333333333,-0.24224790930748,-0.171667039394379,8.67905426025391,1.53964400291443,0.754577994346619,0.594515979290009,-1149.90002441406,2.10000014305115,-909.300048828125,2.31860081976666,-0.0099820680855613,0.0229711633197069,ST
87.2666666666667,-0.567039549350739,-0.460570096969604,10.0661478042603,0.937505960464478,1.76068198680878,0.609759986400604,-1145.10009765625,1.5,-916.500061035156,2.31781805322173,-0.0510431366780726,0.0405071860547332,ST
87.3,-0.375633776187897,-0.282921612262726,9.87653636932373,0.3125019967556,0.617381989955902,-0.0685980021953583,-1140.30004882812,7.50000047683716,-904.500061035156,2.31760148315723,-0.0414848988040393,0.0305987392064557,ST
87.3333333333333,-0.347521066665649,-0.390587359666824,7.88771152496338,0.129574000835419,0.647870004177094,-1.28049600124359,-1125.90002441406,6.30000019073486,-918.900024414062,2.32156065408173,-0.0444232539165278,0.0462033789276878,ST
87.3666666666667,-0.74050098657608,-0.795530140399933,9.63548469543457,-0.358233988285065,1.02134799957275,-1.44055795669556,-1125.90002441406,6.90000009536743,-914.100036621094,2.32693703996595,-0.0720525450671068,0.076552228455044,ST
87.4,-0.817661464214325,-0.607115089893341,10.1265602111816,-0.457319974899292,-0.3125019967556,-1.59299790859222,-1130.70007324219,8.70000076293945,-909.300048828125,2.32970479342016,-0.0783306199327583,0.0636875270985986,ST
87.4333333333333,-0.506028950214386,-0.619676113128662,8.69340991973877,-0.670735955238342,-0.792688012123108,-1.83690190315247,-1135.5,6.90000009536743,-921.300048828125,2.33417735078635,-0.0608192756750049,0.0707567800817063,ST
87.4666666666667,-0.632835268974304,-0.730332553386688,10.9609699249268,-0.701223969459534,-0.525918006896973,-0.617381989955902,-1140.30004882812,0.900000035762787,-904.500061035156,2.33527532054576,-0.0574135596472653,0.0684078796367536,ST
87.5,0.141759887337685,-1.12510693073273,10.8838090896606,-0.617381989955902,-1.00610399246216,-0.182927995920181,-1145.10009765625,7.50000047683716,-916.500061035156,2.33628438976667,0.001020946340162,0.0973245396146088,ST
87.5333333333333,1.41221559047699,-1.53722739219666,7.89907598495483,-1.29574000835419,-1.71494996547699,-0.609759986400604,-1140.30004882812,10.5,-921.300048828125,2.3316076169597,0.14525401565768,0.176792962677771,ST
87.5666666666667,0.936093747615814,-1.81955087184906,8.51217269897461,-1.78354799747467,-0.221037998795509,-0.983237981796265,-1140.30004882812,5.70000028610229,-923.700012207031,2.33043738426062,0.115398106829246,0.206130639140888,ST
87.6,-0.128600731492043,-1.84048593044281,9.45125675201416,-1.50915598869324,0.701223969459534,-0.769822001457214,-1140.30004882812,10.5,-906.900024414062,2.33328540436445,0.0118833803730662,0.197209909929429,ST
87.6333333333333,-0.028710862621665,-1.99361050128937,9.03315544128418,-1.48628997802734,0.365855991840363,-0.518296003341675,-1147.5,12.9000005722046,-911.700012207031,2.33462538842793,-0.000785853284839,0.215773632508,ST
87.6666666666667,-0.403148353099823,-1.64489316940308,9.66778469085693,-0.335367977619171,0.0,0.442075997591019,-1130.70007324219,3.30000019073486,-926.100036621094,2.33293413973826,-0.0335720636654373,0.177969433997682,ST
87.7,-0.238060906529427,-1.97327363491058,9.70486927032471,0.426831990480423,-0.25152599811554,1.62348592281342,-1145.10009765625,8.70000076293945,-930.900024414062,2.32970047797531,-0.0260394642788578,0.195376148222269,ST
87.7333333333333,-0.199181616306305,-1.80698990821838,10.3855562210083,0.304879993200302,-0.160062000155449,1.53964400291443,-1147.5,12.9000005722046,-914.100036621094,2.32572337772314,-0.0205051311478277,0.176447752233235,ST
87.7666666666667,0.289501190185547,-1.34283101558685,9.80236721038818,0.640248000621796,-1.63110792636871,1.79879200458527,-1137.90002441406,14.7000007629395,-926.100036621094,2.32104272410119,0.0210853830895564,0.143400596957156,ST
87.8,1.33445692062378,-1.81656014919281,8.44936752319336,1.03659200668335,-2.15702605247498,2.10367202758789,-1152.30004882812,10.5,-923.700012207031,2.3104253380408,0.133482612610547,0.199023746860469,ST
87.8333333333333,0.845774173736572,-1.39486944675446,8.99008846282959,1.44817996025085,-1.52439999580383,2.11129403114319,-1147.5,9.30000019073486,-914.100036621094,2.30909377319025,0.102506986107611,0.161339645966512,ST
87.8666666666667,-0.118432305753231,-1.11792922019958,10.3287324905396,2.24086785316467,0.0762199983000755,2.75154185295105,-1145.10009765625,11.7000007629395,-918.900024414062,2.30514584378099,0.0109562844289718,0.115658776968777,ST
87.9,0.205163031816483,-0.457579374313354,8.89079666137695,2.47714996337891,0.175305992364883,3.04117798805237,-1145.10009765625,4.5,-909.300048828125,2.29896156071746,0.0200267474269606,0.0609847871296081,ST
87.9333333333333,-0.2613884806633,-0.583787560462952,9.80535793304443,2.42379593849182,0.586893975734711,3.08691000938416,-1142.70007324219,7.50000047683716,-909.300048828125,2.29193603031442,-0.0182783097300497,0.0563762620623487,ST
87.9666666666667,-0.377428203821182,-0.33137121796608,11.1655349731445,1.95885396003723,0.0685980021953583,2.13416004180908,-1142.70007324219,6.30000019073486,-921.300048828125,2.28654886792014,-0.030872324775784,0.0322421548965171,ST
88.0,0.0879270136356354,-0.226696193218231,8.82619762420654,1.84452390670776,-0.411587983369827,1.34147191047668,-1152.30004882812,14.1000003814697,-909.300048828125,2.28300644402555,0.0040795065659326,0.0239865940288253,ST
88.0333333333333,-0.512608528137207,0.0221312902867794,9.85081672668457,1.10518991947174,0.564027965068817,0.0685980021953583,-1157.10009765625,6.30000019073486,-906.900024414062,2.2824916720497,-0.041474425148287,0.0015069680629869,ST
88.0666666666667,0.242846041917801,-0.321800917387009,8.93326568603516,0.121951997280121,-0.0381099991500378,-0.0762199983000755,-1140.30004882812,10.5,-916.500061035156,2.28305474118873,0.0133710234641754,0.0288803739973891,ST
88.1,0.0418700091540813,-0.62147057056427,9.31727313995361,-0.952749967575073,0.221037998795509,-0.807931959629059,-1137.90002441406,5.10000038146973,-911.700012207031,2.28465332734691,0.0060240307181759,0.0603162137731091,ST
88.1333333333333,0.345726639032364,-0.816465139389038,9.36153602600098,-1.60824191570282,0.274392008781433,-0.853663980960846,-1140.30004882812,6.90000009536743,-918.900024414062,2.28630002693223,0.0302826087210541,0.0838291295429027,ST
88.1666666666667,-0.425877809524536,-0.956430613994598,9.35136699676514,-1.12043392658234,0.685979962348938,-0.487807989120483,-1154.70007324219,8.10000038146973,-906.900024414062,2.28756878840578,-0.0309231205143065,0.0998481146518331,ST
88.2,0.195592746138573,-1.72624063491821,9.47697734832764,-2.27897787094116,0.800309956073761,-0.586893975734711,-1154.70007324219,6.30000019073486,-899.700012207031,2.2900006682746,0.011161969009595,0.170855404256193,ST
88.2333333333333,0.407933503389359,-1.93559062480927,9.23233699798584,-1.85976791381836,-0.403965979814529,0.0152439996600151,-1152.30004882812,9.30000019073486,-921.300048828125,2.28914251557275,0.0372998084135198,0.202035673671876,ST
88.2666666666667,0.273351341485977,-1.97746062278748,9.39682579040527,-0.693601965904236,-0.0762199983000755,-0.617381989955902,-1137.90002441406,6.90000009536743,-921.300048828125,2.29037552905166,0.0305200387089392,0.207269135538185,ST
88.3,-0.257799625396729,-1.90209460258484,9.38725566864014,0.190549999475479,0.381099998950958,-0.449698001146317,-1135.5,3.90000009536743,-926.100036621094,2.29160947874392,-0.0157303140321464,0.201146386030546,NLL
88.3333333333333,-0.433055520057678,-1.6544634103775,9.95250129699707,0.724089980125427,0.0533539988100529,0.37347799539566,-1142.70007324219,7.50000047683716,-926.100036621094,2.29002928169953,-0.0375988701294484,0.171051899049044,NLL
88.3666666666667,0.0669920146465302,-1.43494498729706,9.3477783203125,0.731711983680725,-0.640248000621796,0.899396002292633,-1147.5,6.30000019073486,-930.900024414062,2.28739891434976,-0.0007055467024332,0.154822484230092,NLL
88.4,0.367857933044434,-1.54619956016541,9.57208156585693,0.945127964019775,-0.762199997901917,1.35671591758728,-1133.10009765625,11.1000003814697,-916.500061035156,2.28396074201003,0.030889356065448,0.157801580765977,NLL
88.4333333333333,0.733921408653259,-1.25849282741547,10.0691385269165,0.92988395690918,-0.914639949798584,0.6250039935112,-1142.70007324219,9.90000057220459,-916.500061035156,2.28335147698478,0.0669017495359693,0.128320994418464,NLL
88.4666666666667,0.508421540260315,-1.13706982135773,8.87105846405029,1.62348592281342,-0.175305992364883,0.228659987449646,-1135.5,5.10000038146973,-916.500061035156,2.28270495310868,0.0589104600447301,0.125367802835624,NLL
88.5,-0.333763778209686,-1.06529259681702,9.43092060089111,1.57013201713562,1.28049600124359,0.213415995240211,-1135.5,10.5,-909.300048828125,2.28273910563797,-0.0191268462875753,0.112728392601151,NLL
88.5333333333333,-0.890634894371033,-0.962412059307098,10.1462993621826,1.51677799224854,0.426831990480423,0.25152599811554,-1137.90002441406,12.3000001907349,-923.700012207031,2.281577530199,-0.076403058795075,0.0954140119872545,NLL
88.5666666666667,-0.230883181095123,-1.10058307647705,9.75870227813721,0.434453994035721,-1.34909391403198,-0.0076219998300075,-1142.70007324219,9.30000019073486,-914.100036621094,2.28202567332471,-0.0304393943126917,0.108840064483529,NLL
88.6,0.515599250793457,-1.02641332149506,9.01879978179932,-0.518296003341675,-2.95733594894409,-0.266770005226135,-1130.70007324219,5.10000038146973,-914.100036621094,2.28184861482646,0.0454099837776204,0.11327937341188,NLL
88.6333333333333,-0.611302137374878,-1.35000872612,9.42075157165527,-0.160062000155449,-1.6844619512558,1.19665396213531,-1154.70007324219,5.70000028610229,-918.900024414062,2.2783894131448,-0.0423856466715418,0.137354976150296,NLL
88.6666666666667,-1.44331896305084,-0.852951884269714,10.3430881500244,-0.609759986400604,-1.02897000312805,4.32167387008667,-1159.5,17.1000003814697,-911.700012207031,2.26463082693152,-0.118143823825337,0.0937779309429178,NLL
88.7,-1.88654291629791,-1.11613476276398,9.08220291137695,-0.419209986925125,-3.01068997383118,9.9314661026001,-1137.90002441406,6.30000019073486,-921.300048828125,2.24240745475401,-0.186271892640822,0.115584692849137,NLL
88.7333333333333,0.28710862994194,-2.56902408599854,8.15567970275879,-2.65245604515076,-2.55336999893188,14.2531394958496,-1161.90002441406,9.90000057220459,-902.100036621094,2.22386754745984,-0.0123712335739561,0.269304152988735,NLL
88.7666666666667,0.287706762552261,-2.01394748687744,10.2443943023682,-0.846041977405548,0.0228659994900227,13.4299640655518,-1149.90002441406,20.1000003814697,-906.900024414062,2.19388904506336,0.015210047338627,0.210517423859205,NLL
88.8,-0.299071490764618,-2.10486507415771,10.0799055099487,1.06708002090454,-0.0990860015153885,13.4985618591309,-1164.30004882812,20.1000003814697,-914.100036621094,2.16333884705494,-0.0238824389716688,0.205118154249026,NLL
88.8333333333333,-1.52406823635101,-1.17535090446472,9.76229190826416,2.27897787094116,-0.0533539988100529,14.3674697875977,-1149.90002441406,18.3000011444092,-897.300048828125,2.12542330125094,-0.130798799249462,0.132157012136408,NLL
88.8666666666667,-0.24882747232914,-1.82732677459717,8.98889255523682,0.891773998737335,0.0533539988100529,17.2409629821777,-1147.5,17.7000007629395,-899.700012207031,2.08893715428889,-0.0498511559793485,0.185326478294283,NLL
88.9,0.33137121796608,-1.7184647321701,9.80715179443359,-0.365855991840363,-1.49391198158264,13.8949060440063,-1152.30004882812,20.7000007629395,-911.700012207031,2.05661905439592,0.0151525525810284,0.176231496269824,NLL
88.9333333333333,0.55866551399231,-1.38948607444763,9.16654109954834,-0.388722002506256,-0.884151995182037,12.1875782012939,-1140.30004882812,21.9000015258789,-894.900024414062,2.02839298935674,0.0501038252468956,0.156539603466272,NLL
88.9666666666667,-0.843381583690643,-1.00248765945435,9.42194843292236,0.0076219998300075,-1.45580196380615,11.2348279953003,-1137.90002441406,22.5,-906.900024414062,2.0019984652625,-0.0608510621955439,0.11588334895174,NLL
89.0,-0.162096738815308,-1.672407746315,9.03375339508057,-1.31860601902008,-1.87501192092896,13.041241645813,-1145.10009765625,28.5000019073486,-894.900024414062,1.97388646967112,-0.0265249047083009,0.170706911358618,NLL
89.0333333333333,0.178246602416039,-2.08153748512268,9.35136699676514,-1.82927989959717,-3.27745985984802,11.7912340164185,-1137.90002441406,32.1000022888184,-906.900024414062,1.94603242990782,0.0107672333841274,0.211831537049352,NLL
89.0666666666667,1.01265609264374,-2.23825097084045,8.63778305053711,-1.35671591758728,-3.12502002716064,10.0381736755371,-1142.70007324219,23.7000007629395,-902.100036621094,1.9201625881964,0.093350990170072,0.247987090809747,NLL
89.1,1.17834162712097,-2.19219398498535,10.3317232131958,0.198172003030777,-1.69970595836639,5.42686367034912,-1137.90002441406,27.9000015258789,-904.500061035156,1.90913326862219,0.108785587526889,0.216179212384755,NLL
89.1333333333333,1.03777801990509,-1.77528834342957,9.49312686920166,1.12043392658234,-1.83690190315247,2.22562384605408,-1145.10009765625,26.1000003814697,-890.100036621094,1.90542670559749,0.109325729159475,0.188895032657508,NLL
89.1666666666667,1.07067596912384,-1.10477006435394,9.10194206237793,0.190549999475479,-1.99696397781372,0.815553963184357,-1137.90002441406,32.7000007629395,-897.300048828125,1.90896215453102,0.117473895990646,0.134433873336022,NLL
89.2,0.323595345020294,-0.403746515512466,9.16055965423584,0.510673999786377,-1.69970595836639,-0.419209986925125,-1147.5,32.7000007629395,-904.500061035156,1.91570252111648,0.0543082913343788,0.0614800159737802,NLL
89.2333333333333,0.677695989608765,-0.736313998699188,9.24609375,-0.419209986925125,-0.510673999786377,0.0381099991500378,-1142.70007324219,27.3000011444092,-902.100036621094,1.9146120732387,0.0705455612778964,0.07706292312341,NLL
89.2666666666667,0.273351341485977,-0.951047301292419,9.99018383026123,-1.21951997280121,-0.487807989120483,-0.762199997901917,-1147.5,27.9000015258789,-894.900024414062,1.91569745776876,0.0353069745632138,0.0936467712869761,NLL
89.3,0.0065795728005468,-1.39128053188324,9.78621673583984,-2.35519790649414,0.503051996231079,-0.846041977405548,-1142.70007324219,26.1000003814697,-892.500061035156,1.91700681104325,0.0071007117780829,0.134893482690141,NLL
89.3333333333333,0.355296939611435,-2.01992893218994,9.46321964263916,-2.46190595626831,0.960371971130371,-0.6250039935112,-1157.10009765625,27.9000015258789,-885.300048828125,1.91779882337999,0.0302085964610849,0.200309321015961,NLL
89.3666666666667,-0.0968991592526436,-2.4936580657959,8.94821929931641,-1.35671591758728,1.65397393703461,-0.472563982009888,-1135.5,39.3000030517578,-890.100036621094,1.91919969443342,-0.0057686222346252,0.261739730890053,NLL
89.4,-0.817661464214325,-2.5337336063385,9.96625804901123,0.0457319989800453,1.33385002613068,-1.13567793369293,-1157.10009765625,33.9000015258789,-894.900024414062,1.92241769964978,-0.0684634308846913,0.251164678645898,NLL
89.4333333333333,-1.13647162914276,-1.99241423606873,8.83995532989502,0.525918006896973,-0.114329993724823,-1.2500079870224,-1147.5,32.7000007629395,-892.500061035156,1.92307032770143,-0.112869804284914,0.227094646434214,NLL
89.4666666666667,-1.60302317142487,-1.68437063694,8.88182544708252,0.259148001670837,0.358233988285065,0.655492007732391,-1149.90002441406,33.3000030517578,-899.700012207031,1.91743243060997,-0.163584519772836,0.195006735570407,NLL
89.5,-1.06947958469391,-2.24004530906677,10.3281345367432,-1.05183601379395,-0.289635986089706,2.36281991004944,-1140.30004882812,33.9000015258789,-906.900024414062,1.91388008339365,-0.113784395116399,0.210898632888004,NLL
89.5333333333333,-0.952243626117706,-2.12280941009521,9.32863807678223,-1.33385002613068,-2.21037983894348,2.59148001670837,-1149.90002441406,33.9000015258789,-897.300048828125,1.90709942364118,-0.099159950064168,0.223229460742521,NLL
89.5666666666667,-0.934897482395172,-2.63481974601746,8.95838737487793,-0.0228659994900227,0.0838419944047928,3.49087595939636,-1154.70007324219,38.1000022888184,-914.100036621094,1.90435239107665,-0.101052147059337,0.272948036537936,NLL
89.6,-0.961813926696777,-2.7741870880127,9.82270431518555,0.213415995240211,-0.358233988285065,2.36281991004944,-1152.30004882812,36.3000030517578,-902.100036621094,1.89908205070127,-0.0957931304070628,0.274171369867599,NLL
89.6333333333333,-0.116637878119946,-2.82921624183655,8.74784088134766,-0.327746003866196,-1.95123195648193,2.37044191360474,-1147.5,32.1000022888184,-885.300048828125,1.89445377533575,-0.027844111500503,0.305315489354507,NLL
89.6666666666667,-0.397166937589645,-2.05163049697876,8.80586051940918,0.525918006896973,-1.73781597614288,1.44817996025085,-1157.10009765625,39.9000015258789,-887.700012207031,1.88781666066419,-0.0392012875847199,0.241694242227732,NLL
89.7,0.187816888093948,-2.00976037979126,9.22216796875,1.31860601902008,-0.990859985351562,1.38720393180847,-1157.10009765625,36.3000030517578,-897.300048828125,1.88355491987096,0.010932225907275,0.217204367298166,NLL
89.7333333333333,0.948654770851135,-2.4757137298584,9.13244724273682,0.419209986925125,-1.34909391403198,0.182927995920181,-1142.70007324219,27.3000011444092,-916.500061035156,1.88060822123505,0.0837006951208496,0.254573764768724,NLL
89.7666666666667,1.94456279277802,-2.8842453956604,9.01640701293945,-1.10518991947174,-0.6250039935112,-3.58996200561523,-1149.90002441406,29.7000007629395,-892.500061035156,1.88255012607275,0.180743528482325,0.299228213453445,NLL
89.8,1.65565979480743,-2.44102144241333,10.1803932189941,-0.67835795879364,-0.914639949798584,-8.2241382598877,-1157.10009765625,38.7000007629395,-902.100036621094,1.90916773996027,0.165946120446184,0.247278382633434,NLL
89.8333333333333,1.69633340835571,-2.36206650733948,9.54935264587402,1.18140995502472,0.3125019967556,-10.0610399246216,-1161.90002441406,34.5,-897.300048828125,1.93234284750459,0.172726163686581,0.239445046402337,NLL
89.8666666666667,0.762632310390472,-1.85843026638031,9.92438793182373,2.20275783538818,1.87501192092896,-10.6936655044556,-1171.5,28.5000019073486,-904.500061035156,1.96287854714686,0.0955672520379276,0.191132544400952,NLL
89.9,0.566441416740417,-1.30754053592682,9.03315544128418,2.11891603469849,2.14940404891968,-9.52750015258789,-1164.30004882812,29.7000007629395,-902.100036621094,1.98826507463909,0.0679741092310643,0.14930340372433,NLL
89.9333333333333,-0.03828115016222,-0.573020994663239,9.05588436126709,1.57775402069092,2.34757590293884,-7.24090003967285,-1164.30004882812,26.7000007629395,-897.300048828125,2.00800384697976,0.008145719393319,0.0780942092742799,NLL
89.9666666666667,0.299669623374939,-1.06828331947327,9.03913688659668,0.769822001457214,2.0579400062561,-3.40703392028809,-1183.5,19.5,-904.500061035156,2.01595310168096,0.0257855292629924,0.108930888448907,NLL
90.0,0.849961161613464,-1.34821426868439,8.82739353179932,-0.0609759986400604,1.42531394958496,-3.30032587051392,-1164.30004882812,23.7000007629395,-902.100036621094,2.02212301887744,0.0795732643648139,0.142715710787499,NLL
90.0333333333333,-1.13467717170715,-0.531749129295349,10.1965436935425,1.58537602424622,2.19513607025146,-3.52136397361755,-1164.30004882812,26.1000003814697,-899.700012207031,2.03107746034657,-0.0770352706290389,0.0674616033239248,NLL
90.0666666666667,0.776987731456757,-2.35488891601562,9.42015361785889,0.419209986925125,3.01068997383118,-3.01068997383118,-1166.70007324219,20.7000007629395,-921.300048828125,2.04122877113914,0.0443770302795817,0.208200181680251,NLL
90.1,0.664536833763123,-2.00258255004883,9.55473613739014,-0.655492007732391,1.41769194602966,-6.26528406143188,-1152.30004882812,26.7000007629395,-902.100036621094,2.05791951824343,0.0641007598436339,0.207268129567538,NLL
90.1333333333333,0.366661638021469,-1.76571810245514,9.0253791809082,-0.457319974899292,1.2423859834671,-7.27900981903076,-1166.70007324219,21.3000011444092,-909.300048828125,2.07711431974209,0.0442503483612828,0.195683768923982,NLL
90.1666666666667,-0.20755560696125,-2.00437712669373,9.60557842254639,0.0533539988100529,2.24086785316467,-7.93450164794922,-1161.90002441406,15.9000005722046,-906.900024414062,2.09762583073451,-0.0110321414208336,0.203884431507862,NLL
90.2,-0.318810194730759,-2.16647386550903,9.27001953125,0.480185985565186,2.58385801315308,-7.0579719543457,-1149.90002441406,24.3000011444092,-909.300048828125,2.11626302185733,-0.0308911486525446,0.224558161272772,NLL
90.2333333333333,-0.985739588737488,-1.67539846897125,9.51645469665527,1.12805593013763,2.4923939704895,-6.2195520401001,-1145.10009765625,16.5,-899.700012207031,2.12994570839083,-0.0907991133093878,0.182376133878234,NLL
90.2666666666667,-0.875681281089783,-1.71547400951385,9.37409687042236,1.39482593536377,2.04269599914551,-4.35216188430786,-1147.5,22.5,-906.900024414062,2.14133256309956,-0.0932414716821472,0.179862829319436,NLL
90.3,-1.03777801990509,-1.59285473823547,10.1122055053711,1.45580196380615,1.12043392658234,-2.95733594894409,-1159.5,15.9000005722046,-918.900024414062,2.14758255453247,-0.100718411149274,0.158271392015044,NLL
90.3333333333333,-0.825437307357788,-1.3960657119751,9.99915599822998,1.44055795669556,0.175305992364883,-2.55336999893188,-1154.70007324219,20.7000007629395,-906.900024414062,2.15229866167077,-0.0849309245491317,0.140718488656096,NLL
90.3666666666667,0.0155517170205712,-1.48100197315216,9.47817325592041,1.36433792114258,-0.800309956073761,-2.01982998847961,-1154.70007324219,16.5,-916.500061035156,2.15739516715076,-0.0133020909879848,0.150478437037284,NLL
90.4,0.171068891882896,-1.17295837402344,8.95719146728516,1.46342396736145,-1.11281192302704,-1.98934197425842,-1147.5,14.1000003814697,-938.100036621094,2.16196641528644,0.015519638765639,0.131474029163554,NLL
90.4333333333333,0.329576790332794,-1.12510693073273,9.09057712554932,1.51677799224854,-0.541162014007568,-2.13416004180908,-1133.10009765625,20.1000003814697,-926.100036621094,2.16710019103244,0.0334652919223351,0.122374481195354,NLL
90.4666666666667,0.699229121208191,-1.0395724773407,8.92668533325195,1.14329993724823,-0.754577994346619,-2.59910202026367,-1145.10009765625,11.1000003814697,-923.700012207031,2.17357836272184,0.0717571141329913,0.115145957433259,NLL
90.5,-0.561058104038239,-0.669920146465302,9.42912578582764,1.70732796192169,0.358233988285065,-1.93598794937134,-1152.30004882812,15.3000001907349,-918.900024414062,2.17874845463993,-0.0330736628465862,0.0775125642431032,NLL
90.5333333333333,-0.206359326839447,-1.1837249994278,10.5943078994751,1.17378795146942,0.800309956073761,-1.38720393180847,-1157.10009765625,15.3000001907349,-916.500061035156,2.18288352946041,-0.0230546870510176,0.102884441566551,NLL
90.5666666666667,0.262584775686264,-1.13228464126587,10.2928438186646,0.3125019967556,-0.861285984516144,-1.6615959405899,-1152.30004882812,7.50000047683716,-916.500061035156,2.18649750166798,0.0170273625539445,0.107780420646849,NLL
90.6,0.570030272006989,-1.08503139019012,9.87175178527832,0.152439996600151,-0.594515979290009,-1.94360995292664,-1142.70007324219,12.9000005722046,-909.300048828125,2.19075036822188,0.0503221368231157,0.108821362247394,NLL
90.6333333333333,0.853550016880035,-1.2238005399704,9.38247108459473,0.167683988809586,-0.0381099991500378,-2.29422187805176,-1140.30004882812,12.3000001907349,-923.700012207031,2.19515317971115,0.0833289259914128,0.125488323700558,NLL
90.6666666666667,0.166283741593361,-1.17654716968536,8.34170150756836,0.541162014007568,1.19665396213531,-1.94360995292664,-1161.90002441406,20.7000007629395,-906.900024414062,2.19953274983535,0.029767991040886,0.136605196526746,NLL
90.7,-0.645396292209625,-1.20705246925354,9.2347297668457,0.396344006061554,1.91312193870544,-1.41769194602966,-1135.5,15.9000005722046,-923.700012207031,2.20352838370109,-0.0539519525056775,0.130675836723953,NLL
90.7333333333333,-0.406139075756073,-1.34821426868439,9.01102352142334,0.266770005226135,0.891773998737335,-0.907018005847931,-1147.5,12.3000001907349,-928.500061035156,2.20685994994205,-0.047224461030393,0.145209733712038,NLL
90.7666666666667,-0.882260859012604,-1.47980570793152,10.2623386383057,0.266770005226135,0.746955990791321,-0.6250039935112,-1142.70007324219,11.7000007629395,-909.300048828125,2.20854809053591,-0.0790935285694675,0.143259840528931,NLL
90.8,-0.208751901984215,-1.71009075641632,9.99975395202637,-0.160062000155449,0.0152439996600151,-0.739333987236023,-1137.90002441406,8.10000038146973,-909.300048828125,2.21156823437457,-0.0302645699758226,0.165287700640354,NLL
90.8333333333333,0.0945065915584564,-1.65386533737183,9.7240104675293,-0.243903994560242,-0.342989981174469,-1.28811800479889,-1137.90002441406,14.1000003814697,-904.500061035156,2.21439442556652,0.0023150709359497,0.168186605426077,NLL
90.8666666666667,-0.236266478896141,-1.57311606407166,9.05229568481445,0.46494197845459,0.0914639979600906,-1.16616594791412,-1149.90002441406,12.3000001907349,-911.700012207031,2.21710905165811,-0.019911535198299,0.170654676769406,NLL
90.9,0.158507883548737,-1.62934148311615,8.87584400177002,0.617381989955902,-0.0685980021953583,-1.13567793369293,-1133.10009765625,17.1000003814697,-923.700012207031,2.21977728534233,0.0108220538821559,0.178610824873667,NLL
90.9333333333333,0.157311603426933,-1.58388257026672,8.60129547119141,0.884151995182037,-0.442075997591019,-0.327746003866196,-1142.70007324219,8.70000076293945,-930.900024414062,2.22028815626206,0.0172291011585085,0.18016336641461,NLL
90.9666666666667,-0.214733332395554,-1.3218959569931,8.80227184295654,1.2347639799118,-0.114329993724823,0.327746003866196,-1147.5,16.5,-916.500061035156,2.21951746334899,-0.0157106783781979,0.153614211424303,NLL
91.0,-1.0575168132782,-1.45528185367584,10.0051374435425,1.61586391925812,0.525918006896973,1.50153398513794,-1149.90002441406,12.3000001907349,-918.900024414062,2.21576181454571,-0.0894775286433435,0.143652059017893,NLL
91.0333333333333,-0.509617805480957,-1.54380702972412,10.7982749938965,0.823175966739655,-1.13567793369293,2.11891603469849,-1135.5,6.30000019073486,-914.100036621094,2.21051658466435,-0.0541583041222128,0.140983591237352,ST
91.0666666666667,0.492869794368744,-1.58448076248169,9.425537109375,0.396344006061554,-2.25611186027527,1.88263392448425,-1137.90002441406,14.1000003814697,-914.100036621094,2.20566873100523,0.032883617161858,0.160867605745482,ST
91.1,0.921140193939209,-1.49954438209534,8.78731822967529,0.236281991004944,-1.80641400814056,1.21951997280121,-1133.10009765625,9.90000057220459,-909.300048828125,2.20179807581382,0.0910338384559153,0.167204329759277,ST
91.1333333333333,0.590367138385773,-1.46186137199402,9.17551326751709,0.99848198890686,-0.350611984729767,1.31860601902008,-1137.90002441406,9.30000019073486,-928.500061035156,2.19909224762533,0.0688745175547525,0.158475856500418,ST
91.1666666666667,-0.168078169226646,-1.34941053390503,8.71255016326904,1.53964400291443,0.983237981796265,1.73781597614288,-1140.30004882812,6.90000009536743,-930.900024414062,2.19534133851601,-0.0051423822589838,0.152377785716928,ST
91.2,-0.953439891338348,-1.24353921413422,10.1026344299316,1.14329993724823,1.33385002613068,2.12653803825378,-1142.70007324219,12.3000001907349,-921.300048828125,2.18996177115073,-0.077861797171079,0.126808856162472,ST
91.2333333333333,-0.590367138385773,-1.33924210071564,9.81313323974609,0.274392008781433,0.0381099991500378,2.33233189582825,-1149.90002441406,9.90000057220459,-911.700012207031,2.18515847170553,-0.0637071755651953,0.133257496198667,ST
91.2666666666667,-0.421690791845322,-1.50432956218719,10.0386333465576,-0.0,-0.274392008781433,2.27135586738586,-1137.90002441406,2.70000004768372,-916.500061035156,2.18041401082307,-0.0457986079226889,0.145645046903528,ST
91.3,-0.0167480036616325,-1.63352847099304,9.50808048248291,0.205793991684914,-0.205793991684914,1.57775402069092,-1152.30004882812,9.90000057220459,-916.500061035156,2.17730742154055,-0.0106857102125002,0.1648765061049,ST
91.3333333333333,-0.245238617062569,-1.44571161270142,9.93694877624512,0.525918006896973,-0.160062000155449,1.22714197635651,-1140.30004882812,8.70000076293945,-923.700012207031,2.17420080622094,-0.0216947734765316,0.147822268551006,ST
91.3666666666667,-0.147143170237541,-1.22439861297607,9.32145977020264,0.975615978240967,-0.472563982009888,1.57775402069092,-1135.5,5.70000028610229,-926.100036621094,2.17020329634933,-0.0165179298190644,0.132671422316142,ST
91.4,-0.150133892893791,-1.02103006839752,8.51635932922363,1.19665396213531,-0.137196004390717,1.49391198158264,-1135.5,8.10000038146973,-918.900024414062,2.16658644455475,-0.0173730643950485,0.120306618668071,ST
91.4333333333333,-0.279332756996155,-1.03538548946381,9.73716926574707,0.914639949798584,-0.426831990480423,1.57013201713562,-1149.90002441406,7.50000047683716,-909.300048828125,2.16264922902086,-0.0259278376155827,0.107504626988161,ST
91.4666666666667,-0.0568235814571381,-0.979758203029633,8.98769664764404,0.487807989120483,-1.08232402801514,1.20427596569061,-1133.10009765625,9.30000019073486,-923.700012207031,2.15937168014688,-0.0082046284676415,0.107667148226651,ST
91.5,-0.699827253818512,-0.945065915584564,9.90764045715332,0.670735955238342,0.259148001670837,1.31860601902008,-1133.10009765625,11.1000003814697,-928.500061035156,2.15609423937515,-0.0582528728910938,0.0966353882556003,ST
91.5333333333333,-0.428868502378464,-1.19209897518158,10.6660852432251,0.289635986089706,0.175305992364883,1.42531394958496,-1135.5,12.9000005722046,-930.900024414062,2.15348062966719,-0.0440792629917171,0.107851744047237,ST
91.5666666666667,0.139965459704399,-1.14604198932648,10.4322118759155,-0.297257989645004,-1.35671591758728,0.846041977405548,-1133.10009765625,11.1000003814697,-916.500061035156,2.15122373524414,0.0035115162223749,0.109503406601761,ST
91.6,0.325987905263901,-0.997702479362488,9.23891639709473,0.129574000835419,-1.31098401546478,0.259148001670837,-1149.90002441406,3.90000009536743,-921.300048828125,2.15032679470345,0.0304833659275505,0.107794809793102,ST
91.6333333333333,0.772202551364899,-1.11075150966644,8.33033752441406,0.274392008781433,-0.0762199983000755,-0.358233988285065,-1145.10009765625,13.5000009536743,-926.100036621094,2.15002740796188,0.0801800268073515,0.127425628718326,ST
91.6666666666667,-0.206359326839447,-0.954038023948669,8.86926364898682,0.693601965904236,0.480185985565186,-0.396344006061554,-1145.10009765625,8.10000038146973,-930.900024414062,2.15166502935953,-0.0028935203647611,0.11028048266301,ST
91.7,-0.443822085857391,-1.1035737991333,8.80286979675293,-0.0533539988100529,0.419209986925125,-0.647870004177094,-1133.10009765625,6.30000019073486,-921.300048828125,2.153511291735,-0.0409654154887277,0.12190560496501,ST
91.7333333333333,-0.903195858001709,-1.06290006637573,9.67197227478027,-0.6250039935112,0.510673999786377,-0.198172003030777,-1135.5,6.30000019073486,-916.500061035156,2.15345331295257,-0.0828369146927735,0.112873543823485,ST
91.7666666666667,-0.908579170703888,-1.44930040836334,10.0559797286987,-0.960371971130371,0.190549999475479,0.129574000835419,-1135.5,12.3000001907349,-911.700012207031,2.15520140350958,-0.0882042649240797,0.13836053816488,ST
91.8,-0.795530140399933,-1.98104953765869,10.6529264450073,-1.01372599601746,-0.0685980021953583,-0.129574000835419,-1133.10009765625,12.9000005722046,-923.700012207031,2.15838010461158,-0.0761900437444918,0.176122841054266,ST
91.8333333333333,0.0771604403853416,-2.24542880058289,9.63070011138916,-1.29574000835419,-0.884151995182037,-1.02134799957275,-1133.10009765625,5.70000028610229,-921.300048828125,2.16206865570345,-0.0066825647202778,0.220902292030762,ST
91.8666666666667,-0.0203368607908487,-2.10426688194275,9.45125675201416,-0.708845973014832,-1.40244793891907,-0.853663980960846,-1140.30004882812,12.9000005722046,-906.900024414062,2.16334558053118,-0.0006886724676306,0.220416381686187,ST
91.9,-0.192003890872002,-1.90149652957916,8.9835090637207,0.282013982534409,-0.853663980960846,-0.320124000310898,-1152.30004882812,6.90000009536743,-921.300048828125,2.16357066471383,-0.0155767053570194,0.210581101681096,ST
91.9333333333333,-0.209948182106018,-1.93259990215302,9.07502555847168,0.853663980960846,0.0838419944047928,0.609759986400604,-1137.90002441406,18.3000011444092,-911.700012207031,2.16223974577573,-0.021494745411109,0.208770953546615,ST
91.9666666666667,-0.781174719333649,-1.2818204164505,10.4519500732422,1.51677799224854,-0.289635986089706,1.03659200668335,-1125.90002441406,19.5,-928.500061035156,2.1568931197773,-0.0633456640969543,0.137383388226323,ST
92.0,-0.183629885315895,-1.07725548744202,9.33342266082764,1.89025592803955,-1.08232402801514,1.42531394958496,-1142.70007324219,11.1000003814697,-926.100036621094,2.1521424013832,-0.0251188523966083,0.115584410594938,ST
92.0333333333333,-0.37623193860054,-0.922934591770172,9.10852146148682,1.6768399477005,-0.167683988809586,1.2423859834671,-1166.70007324219,7.50000047683716,-921.300048828125,2.14893508833855,-0.0378109397097943,0.101529545393885,ST
92.0666666666667,-0.648985147476196,-0.854746282100677,9.31966590881348,1.43293595314026,0.685979962348938,1.27287399768829,-1147.5,5.10000038146973,-916.500061035156,2.14547555611584,-0.0654670503440532,0.0908394456686793,ST
92.1,-0.684275567531586,-0.953439891338348,8.98769664764404,0.716467976570129,0.693601965904236,1.01372599601746,-1133.10009765625,9.30000019073486,-911.700012207031,2.14417804728245,-0.0746328612332314,0.101601646893641,ST
92.1333333333333,-0.71059387922287,-0.929514169692993,9.16055965423584,0.472563982009888,0.884151995182037,0.792688012123108,-1130.70007324219,9.30000019073486,-914.100036621094,2.14252160636972,-0.0779257030179929,0.100469383818098,ST
92.1666666666667,-0.724351167678833,-1.22021162509918,9.51585674285889,0.198172003030777,0.586893975734711,0.571649968624115,-1135.5,9.30000019073486,-921.300048828125,2.14304591395301,-0.0767861599499228,0.121750145273634,ST
92.2,-0.663938701152802,-1.29557764530182,9.27061748504639,0.0762199983000755,0.221037998795509,0.175305992364883,-1137.90002441406,12.3000001907349,-911.700012207031,2.14374191959935,-0.0722260669532516,0.135675340033033,ST
92.2333333333333,-1.31711077690125,-1.22260427474976,10.5051851272583,0.327746003866196,0.266770005226135,0.221037998795509,-1137.90002441406,9.30000019073486,-914.100036621094,2.14187220389754,-0.113897610631617,0.119392722563326,ST
92.2666666666667,-0.620274245738983,-1.29438138008118,9.48953819274902,0.495429992675781,-0.556405961513519,0.152439996600151,-1135.5,12.9000005722046,-921.300048828125,2.14261703894794,-0.0738604334746493,0.131601891095464,ST
92.3,-0.756052732467651,-1.35000872612,8.74724292755127,0.228659987449646,-0.716467976570129,-0.0914639979600906,-1147.5,8.70000076293945,-921.300048828125,2.1439488461463,-0.0819239434839556,0.148464773750621,ST
92.3333333333333,-0.616087257862091,-1.39546751976013,8.95420074462891,0.0304879993200302,-0.739333987236023,0.121951997280121,-1130.70007324219,14.7000007629395,-926.100036621094,2.14375410569673,-0.0692014684929377,0.153504048441242,ST
92.3666666666667,-0.70760315656662,-1.48160016536713,8.99427604675293,0.25152599811554,-0.830797970294952,0.396344006061554,-1142.70007324219,11.1000003814697,-914.100036621094,2.14312845677714,-0.0747492454424916,0.160889893516833,ST
92.4,-0.761435985565186,-1.68197798728943,9.71743106842041,0.0838419944047928,-1.22714197635651,0.861285984516144,-1137.90002441406,9.90000057220459,-928.500061035156,2.14121019262509,-0.0751153752756877,0.169282244087434,ST
92.4333333333333,-0.361876487731934,-1.82493424415588,10.0141096115112,-0.0,-1.95885396003723,1.08994603157043,-1147.5,8.70000076293945,-926.100036621094,2.13818443436135,-0.0396542593497158,0.178319074685517,ST
92.4666666666667,-0.0263182912021875,-1.9589182138443,10.1486921310425,0.304879993200302,-2.14178204536438,1.60824191570282,-1154.70007324219,11.1000003814697,-916.500061035156,2.1338825685429,-0.0075030621168547,0.187716412484504,ST
92.5,1.05033910274506,-1.8907299041748,9.12526893615723,0.792688012123108,-2.5152599811554,1.63872992992401,-1147.5,11.7000007629395,-926.100036621094,2.12847494122665,0.0910292353711102,0.200044392352732,ST
92.5333333333333,0.914560616016388,-1.86142086982727,8.17003440856934,1.33385002613068,-1.57775402069092,1.94360995292664,-1152.30004882812,14.1000003814697,-906.900024414062,2.12132481186443,0.106735817715171,0.217634753925911,ST
92.5666666666667,0.168676316738129,-1.758540391922,11.1882638931274,0.762199997901917,-1.41769194602966,1.12805593013763,-1157.10009765625,15.9000005722046,-918.900024414062,2.1214519937434,0.0329907393066651,0.165934994966689,ST
92.6,1.08144247531891,-1.52287197113037,12.1429004669189,-0.0304879993200302,-3.08691000938416,-0.693601965904236,-1147.5,4.5,-904.500061035156,2.12396510065159,0.0828184168142594,0.132167374901334,ST
92.6333333333333,0.0251220054924488,-0.321202784776688,8.17541790008545,2.21037983894348,-2.65245604515076,1.15854394435883,-1169.10009765625,7.50000047683716,-914.100036621094,2.12439907336584,0.0209928427693481,0.0527611026443197,ST
92.6666666666667,-0.500047504901886,-0.506028950214386,9.15218544006348,2.36281991004944,-0.228659987449646,3.38416790962219,-1173.90002441406,3.30000019073486,-904.500061035156,2.11661488545323,-0.0392153857637071,0.0513569726709501,ST
92.7,-0.583787560462952,-0.180639177560806,9.14680194854736,2.19513607025146,-0.365855991840363,3.04117798805237,-1159.5,4.5,-911.700012207031,2.10753200786456,-0.0594703331713975,0.0212598874895429,ST
92.7333333333333,-0.585581958293915,0.310436189174652,9.27779579162598,2.01220798492432,-0.655492007732391,3.25459384918213,-1171.5,11.1000003814697,-904.500061035156,2.09750189176582,-0.0613461599254546,-0.0255064658169648,ST
92.7666666666667,-0.20755560696125,0.262584775686264,8.14012813568115,2.19513607025146,-0.564027965068817,3.43752193450928,-1166.70007324219,9.90000057220459,-909.300048828125,2.08946334043253,-0.0317664250871711,-0.0341511686273875,ST
92.8,-0.0155517170205712,0.234472051262856,8.76997184753418,1.16616594791412,-0.358233988285065,2.18751406669617,-1164.30004882812,9.30000019073486,-906.900024414062,2.08413542640244,-0.0061827547541134,-0.0297132973373709,ST
92.8333333333333,0.0789548754692078,-0.0669920146465302,9.2879638671875,0.6250039935112,-0.289635986089706,1.02897000312805,-1152.30004882812,6.30000019073486,-914.100036621094,2.08177853058497,0.0059616689292543,-0.0010969488139489,ST
92.8666666666667,0.0980954468250275,-0.315221339464188,10.1169900894165,-0.426831990480423,-0.800309956073761,-0.548784017562866,-1169.10009765625,12.9000005722046,-899.700012207031,2.08281748132459,0.0100675288830208,0.0252363438468805,ST
92.9,-0.264977335929871,-0.0807493031024933,9.62412071228027,-0.609759986400604,-0.632625997066498,-1.40244793891907,-1157.10009765625,10.5,-916.500061035156,2.08614348590104,-0.0198704851794324,0.0122953526377549,ST
92.9333333333333,0.0921140164136887,-0.693845868110657,10.2384128570557,-1.03659200668335,0.632625997066498,-1.34147191047668,-1166.70007324219,7.50000047683716,-906.900024414062,2.08994349358838,0.0032977178624245,0.0598801469041963,ST
92.9666666666667,-0.269164323806763,-0.994113624095917,9.96685600280762,-0.967993974685669,0.693601965904236,-1.17378795146942,-1166.70007324219,14.1000003814697,-911.700012207031,2.09332782430269,-0.0226650577242667,0.0942051125304179,ST
93.0,0.129198879003525,-0.863120317459106,9.02298641204834,-0.655492007732391,0.83841997385025,-1.2500079870224,-1173.90002441406,6.30000019073486,-894.900024414062,2.09637967134014,0.0058113257662738,0.0960558254884109,ST
93.0333333333333,-0.279930919408798,-1.09460163116455,8.54566860198975,-0.228659987449646,1.27287399768829,-0.769822001457214,-1149.90002441406,9.90000057220459,-916.500061035156,2.09871647169707,-0.0264025365656552,0.121412810453883,ST
93.0666666666667,-0.147741317749023,-1.36256968975067,9.50090312957764,-0.884151995182037,1.6844619512558,-0.853663980960846,-1147.5,6.30000019073486,-914.100036621094,2.10153991521186,-0.0197814433529064,0.139469777007006,ST
93.1,-0.099889874458313,-1.5503865480423,9.22216796875,-1.15854394435883,0.78506600856781,-0.78506600856781,-1157.10009765625,9.90000057220459,-904.500061035156,2.10400803573625,-0.0133364655806443,0.163074022806441,ST
93.1333333333333,0.034094151109457,-1.59106028079987,8.94582653045654,-1.02134799957275,0.846041977405548,-0.525918006896973,-1154.70007324219,12.3000001907349,-904.500061035156,2.1055959092987,-0.0007308467431635,0.174834801038166,ST
93.1666666666667,-0.370848655700684,-1.49834811687469,9.87474250793457,-0.350611984729767,0.594515979290009,-0.25152599811554,-1149.90002441406,12.9000005722046,-916.500061035156,2.10608565722314,-0.0305468515954738,0.15597937754697,ST
93.2,-0.0448607243597507,-1.57371413707733,9.69171047210693,0.129574000835419,-0.472563982009888,0.243903994560242,-1147.5,8.10000038146973,-914.100036621094,2.10535518037158,-0.008033134969494,0.159990144854574,ST
93.2333333333333,0.253612607717514,-1.314120054245,9.33043193817139,-0.144817993044853,-1.21189796924591,0.891773998737335,-1147.5,7.50000047683716,-906.900024414062,2.10280218341755,0.0225964101737131,0.143522845483444,ST
93.2666666666667,-0.0131591456010938,-1.03239476680756,8.91352653503418,0.457319974899292,-0.800309956073761,1.52439999580383,-1154.70007324219,15.9000005722046,-918.900024414062,2.09915088934286,0.0036854150282053,0.119711298047918,ST
93.3,-0.21712589263916,-1.10835897922516,9.93276214599609,0.830797970294952,-0.0152439996600151,1.88263392448425,-1157.10009765625,8.70000076293945,-916.500061035156,2.09479645460625,-0.0168832737377646,0.111673570584427,ST
93.3333333333333,0.118432305753231,-0.638816714286804,9.66120529174805,1.40244793891907,-1.49391198158264,1.69970595836639,-1161.90002441406,11.7000007629395,-914.100036621094,2.0904270027105,0.0082342336702468,0.0732679908450893,ST
93.3666666666667,0.330773055553436,-0.936093747615814,9.24250507354736,1.05183601379395,-0.975615978240967,1.87501192092896,-1157.10009765625,9.30000019073486,-918.900024414062,2.08547906992427,0.0312075168835637,0.0939579653476012,ST
93.4,0.0179442893713713,-0.986337780952454,9.74733829498291,0.518296003341675,-0.503051996231079,1.50153398513794,-1152.30004882812,10.5,-897.300048828125,2.08180501993036,0.0082442362234942,0.0987734985434862,ST
93.4333333333333,-0.157909750938416,-1.03299295902252,10.0147075653076,0.0381099991500378,-0.167683988809586,0.579271972179413,-1154.70007324219,15.9000005722046,-899.700012207031,2.08044211745056,-0.0107109790645849,0.101920108891869,ST
93.4666666666667,-0.226098045706749,-0.97258049249649,10.1899633407593,0.0076219998300075,-0.6250039935112,0.495429992675781,-1164.30004882812,14.7000007629395,-918.900024414062,2.07892306878167,-0.0194499190668229,0.0961974474111628,ST
93.5,0.912168025970459,-1.13467717170715,8.45654487609863,0.0381099991500378,-1.15854394435883,0.205793991684914,-1159.5,3.30000019073486,-902.100036621094,2.07721839563568,0.0826084820350248,0.125823068696225,ST
93.5333333333333,0.337950766086578,-1.00607645511627,8.51755619049072,0.205793991684914,-0.411587983369827,0.213415995240211,-1161.90002441406,8.70000076293945,-911.700012207031,2.07703399322487,0.0486253511106202,0.118971958682389,ST
93.5666666666667,-0.699827253818512,-1.18193054199219,10.1367292404175,0.388722002506256,0.716467976570129,0.632625997066498,-1157.10009765625,6.90000009536743,-914.100036621094,2.07577816136102,-0.0459376277362436,0.116134347167817,ST
93.6,-0.244640469551086,-1.22200608253479,9.82509613037109,-0.442075997591019,-0.548784017562866,0.335367977619171,-1173.90002441406,8.70000076293945,-914.100036621094,2.07507066742127,-0.0282807821757394,0.122806325960396,ST
93.6333333333333,0.122619308531284,-1.22679126262665,9.52004337310791,-0.304879993200302,-1.19665396213531,0.586893975734711,-1171.5,18.3000011444092,-906.900024414062,2.07342934587735,0.0060496548239789,0.127501656283208,ST
93.6666666666667,-0.277538329362869,-1.35778450965881,9.65941047668457,0.457319974899292,-0.381099998950958,1.02897000312805,-1159.5,10.5,-909.300048828125,2.07082436041717,-0.0223099874725191,0.136928901934563,ST
93.7,-0.159106031060219,-1.21123957633972,9.50987529754639,0.87652999162674,0.0152439996600151,0.899396002292633,-1161.90002441406,10.5,-918.900024414062,2.06862637865704,-0.0179310412988388,0.127502397684884,ST
93.7333333333333,-0.485692083835602,-0.944467723369598,9.09655857086182,1.21951997280121,0.640248000621796,1.08232402801514,-1154.70007324219,9.30000019073486,-916.500061035156,2.06565190134543,-0.0474709017961194,0.106246940179418,ST
93.7666666666667,-0.857138872146606,-0.814670741558075,10.0894756317139,0.92988395690918,0.388722002506256,1.60824191570282,-1142.70007324219,8.10000038146973,-909.300048828125,2.06055618062719,-0.0786431497428579,0.0836753726120686,ST
93.8,-0.273351341485977,-1.01983380317688,10.082896232605,0.754577994346619,-1.22714197635651,1.83690190315247,-1147.5,2.70000004768372,-926.100036621094,2.05652800981509,-0.0341110951347258,0.0967057623963779,ST
93.8333333333333,0.465355217456818,-1.1155366897583,9.36572265625,0.655492007732391,-2.18751406669617,1.2576299905777,-1157.10009765625,10.5,-914.100036621094,2.05310818322545,0.0353116960432481,0.113261179931474,ST
93.8666666666667,0.656162858009338,-1.00368392467499,8.79329967498779,0.967993974685669,-2.43141794204712,0.586893975734711,-1149.90002441406,8.70000076293945,-918.900024414062,2.05107114288971,0.0694803796871675,0.112294554006579,ST
93.9,0.365465342998505,-0.679490387439728,8.49004173278809,1.63872992992401,-2.35519790649414,0.518296003341675,-1154.70007324219,13.5000009536743,-914.100036621094,2.0508245971781,0.0514444758807917,0.0841665357167907,ST
93.9333333333333,-0.0604124404489994,-0.730332553386688,8.96915340423584,2.45428395271301,-2.47714996337891,1.265251994133,-1169.10009765625,10.5,-914.100036621094,2.0474555970623,0.0083044760566584,0.0784667968317379,ST
93.9666666666667,0.251220047473907,-0.502440094947815,8.78492546081543,1.92074394226074,-3.52136397361755,0.67835795879364,-1161.90002441406,8.10000038146973,-899.700012207031,2.04562703885161,0.0293005779873567,0.0587823147390408,ST
94.0,0.156115308403969,0.0711790099740028,7.59462118148804,2.74391984939575,-3.27745985984802,0.922261953353882,-1176.30004882812,6.90000009536743,-894.900024414062,2.04473462522711,0.0268636731799069,0.0005772164976258,ST
94.0333333333333,-0.471934795379639,-0.467149674892426,10.968147277832,2.0655620098114,-1.44817996025085,1.44055795669556,-1157.10009765625,5.70000028610229,-892.500061035156,2.04136161994781,-0.0269084619289814,0.0311954889732724,ST
94.0666666666667,1.50911474227905,-0.260192185640335,11.9664478302002,0.228659987449646,-5.25155782699585,0.0990860015153885,-1183.5,10.5,-902.100036621094,2.04106080865598,0.107386912379437,0.0230484482514145,ST
94.1,2.69702672958374,0.578404247760773,11.7002744674683,1.44817996025085,-7.01986169815063,0.746955990791321,-1200.30004882812,2.10000014305115,-894.900024414062,2.04865800413305,0.215148479850337,-0.0381055601872218,ST
94.1333333333333,4.04105377197266,0.625059425830841,9.45664024353027,1.20427596569061,-4.74088382720947,0.632625997066498,-1200.30004882812,9.90000057220459,-878.100036621094,2.0537972876875,0.371615423569348,-0.0615057334741644,ST
94.1666666666667,2.40692734718323,0.779380261898041,8.64974594116211,0.106707997620106,-1.21189796924591,0.106707997620106,-1212.30004882812,9.30000019073486,-887.700012207031,2.06115879598645,0.292505875872102,-0.0844273951178163,ST
94.2,2.32557988166809,0.922336459159851,8.83516979217529,-1.03659200668335,-0.518296003341675,-0.0838419944047928,-1205.10009765625,4.5,-890.100036621094,2.06602915699914,0.264118146969073,-0.0987129894355142,ST
94.2333333333333,3.6773829460144,0.461168229579926,6.00535535812378,-1.32622802257538,0.129574000835419,-0.411587983369827,-1200.30004882812,13.5000009536743,-899.700012207031,2.06107393364128,0.489909054358583,-0.0798656911822506,ST
94.2666666666667,0.103478737175465,0.253014475107193,11.6584043502808,-1.16616594791412,3.65855979919434,-0.960371971130371,-1205.10009765625,8.10000038146973,-887.700012207031,2.04913634255036,0.0924109355737481,-0.0295410861796388,ST
94.3,0.624461233615875,-0.144152462482452,11.1768999099731,-0.945127964019775,2.14178204536438,-1.2576299905777,-1197.90002441406,11.1000003814697,-878.100036621094,2.04957946715358,0.059277408583452,0.0065625416187821,ST
94.3333333333333,0.236266478896141,0.400755792856216,11.3509588241577,-1.08232402801514,0.0914639979600906,-1.53202199935913,-1193.10009765625,10.5,-892.500061035156,2.05485878051408,0.0275148532466846,-0.0263533835987895,ST
94.3666666666667,1.35240125656128,-0.389989227056503,10.170823097229,-1.56251001358032,-0.381099998950958,-1.00610399246216,-1200.30004882812,11.7000007629395,-897.300048828125,2.05369405447267,0.111542346435121,0.0272268852773897,ST
94.4,1.6323322057724,-0.543113827705383,9.37948036193848,-2.21037983894348,-1.09756803512573,-1.18903195858002,-1193.10009765625,7.50000047683716,-904.500061035156,2.05340661732572,0.163540380066015,0.0556361762387637,ST
94.4333333333333,1.09220910072327,-1.05452609062195,9.31607723236084,-2.0579400062561,1.32622802257538,-0.884151995182037,-1197.90002441406,12.3000001907349,-882.900024414062,2.04941545395834,0.123870898645385,0.10394498410145,ST
94.4666666666667,1.27643704414368,-0.965402781963348,8.49363040924072,-1.73019397258759,1.265251994133,-1.54726600646973,-1200.30004882812,11.1000003814697,-890.100036621094,2.05297352308564,0.142787477969188,0.113922848302026,ST
94.5,1.11493849754333,-1.24533367156982,8.63658618927002,-1.265251994133,1.89025592803955,-1.36433792114258,-1193.10009765625,7.50000047683716,-890.100036621094,2.05388076896067,0.127267599821975,0.139826462053344,ST
94.5333333333333,0.849961161613464,-2.15092206001282,9.39383506774902,-1.95885396003723,1.36433792114258,-1.19665396213531,-1190.70007324219,8.70000076293945,-911.700012207031,2.05216225150719,0.0866014135608741,0.227230357419856,ST
94.5666666666667,1.10536825656891,-2.16767001152039,10.6977872848511,-1.55488801002502,1.03659200668335,-1.34147191047668,-1171.5,12.9000005722046,-892.500061035156,2.05825530935809,0.0974677110155891,0.206562218755722,ST
94.6,1.53543305397034,-2.81306648254395,10.3000221252441,-1.31860601902008,-0.350611984729767,-0.556405961513519,-1176.30004882812,8.10000038146973,-916.500061035156,2.05376986126579,0.135903548558792,0.258316355455769,ST
94.6333333333333,1.11434030532837,-2.26576566696167,9.98240852355957,0.0685980021953583,-0.152439996600151,0.144817993044853,-1188.30004882812,17.1000003814697,-897.300048828125,2.05692039615053,0.113505941561858,0.229381682763713,ST
94.6666666666667,1.16637873649597,-1.80698990821838,10.7516202926636,1.2500079870224,-0.259148001670837,0.594515979290009,-1178.70007324219,16.5,-906.900024414062,2.06091648220364,0.108117576411322,0.176767251835568,ST
94.7,1.93559062480927,-0.549693405628204,7.95290899276733,3.11739802360535,-2.38568592071533,1.29574000835419,-1185.90002441406,10.5,-906.900024414062,2.07054055667903,0.215143543908455,0.0873455262229952,ST
94.7333333333333,1.08024621009827,-0.451597929000854,7.17532300949097,3.24697184562683,-0.0762199983000755,2.24086785316467,-1185.90002441406,9.30000019073486,-894.900024414062,2.06792591704501,0.159409146203267,0.0625057836197975,ST
94.7666666666667,0.0968991592526436,-0.660947978496552,11.4179515838623,2.04269599914551,1.44055795669556,2.08842802047729,-1185.90002441406,12.9000005722046,-899.700012207031,2.06349642698501,0.0367714629953973,0.0561825008733393,ST
94.8,0.0041870009154081,-0.904392182826996,11.6099548339844,1.50153398513794,-0.426831990480423,1.95123195648193,-1190.70007324219,6.90000009536743,-894.900024414062,2.05852796350039,0.0081097713486142,0.0713581710911964,ST
94.8333333333333,-0.042468149214983,-0.717771589756012,10.9974565505981,1.48628997802734,-0.0914639979600906,1.79879200458527,-1188.30004882812,5.70000028610229,-911.700012207031,2.05438976055226,-0.0014840343844836,0.0643531621244183,ST
94.8666666666667,1.13288283348083,-0.848166704177856,9.31308650970459,0.914639949798584,-0.457319974899292,1.42531394958496,-1183.5,9.90000057220459,-914.100036621094,2.04972271824218,0.0992080690676801,0.0848953454086387,ST
94.9,1.27105379104614,-0.909177303314209,9.6402702331543,0.731711983680725,-0.449698001146317,1.29574000835419,-1178.70007324219,10.5,-899.700012207031,2.04576375341448,0.124673990993732,0.0913831705239683,ST
94.9333333333333,0.875681281089783,-1.13407909870148,7.91044092178345,0.586893975734711,0.78506600856781,0.754577994346619,-1183.5,12.9000005722046,-909.300048828125,2.0393770772557,0.111092124643455,0.131418372746893,ST
94.9666666666667,0.48150509595871,-1.34701800346375,8.43680667877197,0.266770005226135,1.48628997802734,0.0914639979600906,-1183.5,11.7000007629395,-897.300048828125,2.03773523803637,0.0652817244641516,0.152542910831699,ST
95.0,0.35410064458847,-0.962412059307098,9.66898155212402,0.37347799539566,0.396344006061554,0.152439996600151,-1183.5,9.90000057220459,-904.500061035156,2.03976621422633,0.0416732693360304,0.109437061978913,ST
95.0333333333333,1.49954438209534,-0.925925314426422,8.04801368713379,1.12805593013763,-0.800309956073761,1.17378795146942,-1185.90002441406,15.9000005722046,-904.500061035156,2.03615807040842,0.158652937239077,0.112258407922337,ST
95.0666666666667,0.745884299278259,-0.834409415721893,8.01391983032227,0.87652999162674,1.2423859834671,1.37195992469788,-1185.90002441406,10.5,-894.900024414062,2.03394542829852,0.102166101306297,0.10422712760369,ST
95.1,-0.258995920419693,-1.07605922222137,9.89148998260498,0.83841997385025,3.11739802360535,1.60824191570282,-1178.70007324219,6.30000019073486,-904.500061035156,2.03081044892363,-0.004718767524846,0.106453723494822,ST
95.1333333333333,-0.471336662769318,-0.757248997688293,10.63258934021,1.45580196380615,1.08994603157043,1.76068198680878,-1171.5,3.30000019073486,-911.700012207031,2.02603475432873,-0.0393692425783257,0.0748530242916958,ST
95.1666666666667,0.399559497833252,-0.751267552375793,9.15577411651611,1.45580196380615,-0.129574000835419,2.73629784584045,-1190.70007324219,7.50000047683716,-897.300048828125,2.01977008914829,0.0266499242817064,0.0784472404110391,ST
95.2,0.443822085857391,-0.407335370779037,10.0362405776978,0.823175966739655,-0.586893975734711,2.88873791694641,-1169.10009765625,8.10000038146973,-904.500061035156,2.01328967280521,0.0420303410063965,0.0454804744799034,ST
95.2333333333333,0.996506214141846,-0.553880393505096,9.18807411193848,0.868907988071442,0.342989981174469,2.30946588516235,-1171.5,11.7000007629395,-904.500061035156,2.00679897475529,0.0954231553878905,0.0565819335667925,ST
95.2666666666667,1.1418548822403,-0.661546111106873,8.79928112030029,0.983237981796265,0.480185985565186,2.09605002403259,-1169.10009765625,7.50000047683716,-902.100036621094,2.00000251163057,0.121867514001521,0.0706618961054359,ST
95.3,1.64070618152618,-0.320006489753723,7.49174070358276,0.388722002506256,-0.746955990791321,1.20427596569061,-1171.5,4.5,-909.300048828125,2.00052098307229,0.200685626468571,0.0472360333615718,ST
95.3333333333333,0.86790543794632,0.0059814294800162,7.62632274627686,0.823175966739655,-0.0762199983000755,1.33385002613068,-1176.30004882812,5.10000038146973,-885.300048828125,2.00366540112198,0.131026328158543,0.007952169880233,ST
95.3666666666667,-0.243444189429283,-0.240453481674194,10.1941509246826,1.12805593013763,1.89025592803955,1.60061991214752,-1169.10009765625,12.9000005722046,-899.700012207031,1.99867047292464,-0.0022149848213438,0.0195823190020575,ST
95.4,-0.284716039896011,-0.324193477630615,11.9682426452637,0.655492007732391,0.510673999786377,1.80641400814056,-1171.5,4.5,-904.500061035156,1.99436225170953,-0.0207210632403742,0.0247649844922461,ST
95.4333333333333,0.260192185640335,-0.432457357645035,12.2768840789795,0.228659987449646,-1.59299790859222,1.6844619512558,-1169.10009765625,9.30000019073486,-902.100036621094,1.99027880140946,0.0154083083323213,0.032914529361564,ST
95.4666666666667,0.974374890327454,-0.11484345048666,9.30351543426514,-0.434453994035721,-2.13416004180908,0.46494197845459,-1166.70007324219,11.1000003814697,-921.300048828125,1.9899628453076,0.0893611589754851,0.0171729834882999,ST
95.5,-0.784165441989899,0.286510497331619,9.85739612579346,1.05183601379395,1.69970595836639,1.02134799957275,-1173.90002441406,13.5000009536743,-916.500061035156,1.9883509660122,-0.0475744765315388,-0.0211498020828577,ST
95.5333333333333,1.01145970821381,-0.122619308531284,9.43989276885986,0.266770005226135,-1.265251994133,0.571649968624115,-1171.5,15.9000005722046,-904.500061035156,1.98664677273249,0.0773005638397092,0.0056980197144981,ST
95.5666666666667,2.22688627243042,-0.286510497331619,6.97793579101562,-1.05945801734924,-4.40551567077637,-0.0914639979600906,-1183.5,6.90000009536743,-906.900024414062,1.98180071619605,0.2732937182696,0.0360327839274759,ST
95.6,0.590367138385773,1.15680849552155,7.72800731658936,-0.403965979814529,-1.04421401023865,-0.297257989645004,-1181.10009765625,12.3000001907349,-899.700012207031,2.01230372497288,0.110929642106111,-0.117567236060307,ST
95.6333333333333,0.317015767097473,0.299669623374939,9.50030517578125,0.205793991684914,1.63872992992401,0.777444005012512,-1171.5,3.30000019073486,-911.700012207031,2.00465917468595,0.0458964863073089,-0.0480108044607477,ST
95.6666666666667,-0.552684128284454,0.0454588644206524,11.8145198822021,-0.503051996231079,0.335367977619171,-1.16616594791412,-1176.30004882812,10.5,-890.100036621094,2.00701954164236,-0.0285503529464015,-0.01206395230093,ST
95.7,-0.0059814294800162,-0.333763778209686,11.3551464080811,-2.20275783538818,-0.533540010452271,-2.01982998847961,-1161.90002441406,8.10000038146973,-914.100036621094,2.01219163602194,-0.0054036822840772,0.0241338177251241,ST
95.7333333333333,0.214135184884071,-0.028710862621665,10.4800634384155,-2.75916385650635,-0.6250039935112,-2.75916385650635,-1178.70007324219,12.3000001907349,-904.500061035156,2.01882212922917,0.0164666617474381,0.0106696644090386,ST
95.7666666666667,-0.397166937589645,-0.623863101005554,11.5166444778442,-1.87501192092896,0.221037998795509,-2.32470989227295,-1183.5,9.30000019073486,-906.900024414062,2.02432091191386,-0.0243499777211739,0.0479944584980309,ST
95.8,0.164489313960075,-0.931906759738922,9.39802265167236,-1.57775402069092,1.09756803512573,-2.43141794204712,-1178.70007324219,13.5000009536743,-894.900024414062,2.03057835206149,0.0081914559645419,0.0914171060982848,ST
95.8333333333333,0.665733098983765,-0.676499724388123,7.13405132293701,-1.82165801525116,1.47866797447205,-2.85824990272522,-1176.30004882812,15.9000005722046,-904.500061035156,2.03762836931974,0.0748738869080912,0.0963143800906561,ST
95.8666666666667,0.965402781963348,-0.607713282108307,7.63170623779297,-2.54574799537659,0.503051996231079,-3.42227792739868,-1169.10009765625,13.5000009536743,-904.500061035156,2.04791168562874,0.116656394830053,0.0854941982849708,ST
95.9,0.462962657213211,-0.624461233615875,7.98461055755615,-1.77592599391937,-0.297257989645004,-2.46190595626831,-1176.30004882812,14.1000003814697,-902.100036621094,2.05421559331399,0.0703204912295918,0.0817311909712643,ST
95.9333333333333,0.0705808699131012,-1.60421943664551,8.66589546203613,-1.73019397258759,1.62348592281342,-1.76068198680878,-1173.90002441406,11.1000003814697,-897.300048828125,2.05565667217275,0.0158860226795418,0.169525776247048,ST
95.9666666666667,-0.279930919408798,-1.67719292640686,11.8480157852173,-1.60061991214752,0.571649968624115,-2.33233189582825,-1169.10009765625,15.9000005722046,-918.900024414062,2.06149406530845,-0.0166712090430669,0.148109195540932,ST
96.0,0.934897482395172,-2.18980145454407,10.7671718597412,-1.79879200458527,-1.30336201190948,-2.00458598136902,-1169.10009765625,14.7000007629395,-916.500061035156,2.06469892469214,0.0690269913183237,0.193709497832889,ST
96.0333333333333,1.97387182712555,-2.04026556015015,9.95608997344971,-1.12805593013763,-2.85824990272522,-1.57013201713562,-1166.70007324219,12.9000005722046,-911.700012207031,2.06638924761176,0.174275199307757,0.202088299544511,ST
96.0666666666667,1.39486944675446,-1.86142086982727,7.7938027381897,0.884151995182037,-1.63872992992401,-0.800309956073761,-1176.30004882812,8.70000076293945,-906.900024414062,2.06271390253821,0.175238244457524,0.226950667177919,ST
96.1,0.0831418707966805,-1.62096750736237,8.9954719543457,1.91312193870544,1.64635193347931,-0.3125019967556,-1164.30004882812,12.9000005722046,-904.500061035156,2.06819837562442,0.0404704940692985,0.185401711614706,ST
96.1333333333333,0.766819298267365,-1.01145970821381,7.39304733276367,2.23324584960938,0.0457319989800453,-0.0533539988100529,-1176.30004882812,17.1000003814697,-914.100036621094,2.07077217483651,0.0898764495776356,0.142868391576906,ST
96.1666666666667,0.0107665732502937,-1.45348739624023,8.73707485198975,2.16464805603027,0.754577994346619,1.39482593536377,-1171.5,9.30000019073486,-914.100036621094,2.0667952936709,0.0177566618592101,0.157511098540899,ST
96.2,-0.192003890872002,-1.20705246925354,11.2696113586426,1.08994603157043,0.495429992675781,0.952749967575073,-1176.30004882812,9.90000057220459,-904.500061035156,2.06491356240828,-0.0108121503859346,0.115423418568083,ST
96.2333333333333,0.0957028716802597,-1.71188521385193,12.4497480392456,0.853663980960846,-1.00610399246216,1.6768399477005,-1152.30004882812,5.10000038146973,-916.500061035156,2.06084576853167,0.0049995025020772,0.13118089363665,ST
96.2666666666667,0.243444189429283,-1.3900842666626,12.7105379104614,0.945127964019775,-1.18903195858002,0.914639949798584,-1176.30004882812,9.90000057220459,-904.500061035156,2.0585445071495,0.0178916910044036,0.111836838985889,ST
96.3,2.4176938533783,-0.56763768196106,7.2207818031311,1.43293595314026,-2.46952795982361,0.937505960464478,-1178.70007324219,8.10000038146973,-918.900024414062,2.0593565586651,0.270366323059485,0.0832947907166336,ST
96.3333333333333,2.41231060028076,-0.989926636219025,7.1968560218811,1.61586391925812,-1.11281192302704,1.29574000835419,-1181.10009765625,3.90000009536743,-911.700012207031,2.04314065954552,0.312498231629881,0.124757607888294,ST
96.3666666666667,1.61857485771179,-1.18551933765411,7.60419178009033,1.10518991947174,0.205793991684914,1.08232402801514,-1178.70007324219,12.9000005722046,-914.100036621094,2.03402215134486,0.228027591134358,0.147668730162777,ST
96.4,0.25839775800705,-1.09340536594391,9.41237735748291,0.640248000621796,1.6844619512558,1.41769194602966,-1178.70007324219,13.5000009536743,-914.100036621094,2.03470697133122,0.0562737547631518,0.120010823441617,ST
96.4333333333333,-0.137572884559631,-1.68616509437561,11.7636775970459,0.129574000835419,1.2576299905777,1.85976791381836,-1169.10009765625,10.5,-911.700012207031,2.02985310974842,-0.0030827468429255,0.138705109779757,ST
96.4666666666667,0.0992917343974113,-1.42298209667206,12.3049974441528,0.533540010452271,0.701223969459534,1.19665396213531,-1169.10009765625,9.30000019073486,-914.100036621094,2.02711336685188,0.0049270414067292,0.11831398321101,ST
96.5,0.421690791845322,-1.29139065742493,10.7169275283813,1.28811800479889,0.907018005847931,1.05183601379395,-1159.5,13.5000009536743,-923.700012207031,2.02477389661757,0.0314856869122812,0.117819834698086,ST
96.5333333333333,0.360082060098648,-0.848166704177856,8.95898532867432,1.53964400291443,1.82165801525116,0.533540010452271,-1166.70007324219,14.7000007629395,-906.900024414062,2.02456595920996,0.035738565791401,0.0966770267619462,ST
96.5666666666667,-0.20097604393959,-0.416905641555786,7.72561454772949,1.71494996547699,2.82013988494873,0.518296003341675,-1149.90002441406,16.5,-916.500061035156,2.02418154777332,-0.0175087994596011,0.0601500559735996,ST
96.6,-0.491075366735458,-0.402550220489502,7.83746719360352,1.74543797969818,3.20886182785034,0.693601965904236,-1159.5,14.1000003814697,-926.100036621094,2.02278799594369,-0.0579463383668,0.0506354952403473,ST
96.6333333333333,-1.02103006839752,-0.444420218467712,9.65462589263916,1.63110792636871,2.76678586006165,0.632625997066498,-1161.90002441406,5.70000028610229,-921.300048828125,2.02145893730685,-0.0996116989667375,0.0446013718910096,ST
96.6666666666667,0.0053832866251468,-0.298473328351974,10.2342262268066,1.43293595314026,-0.25152599811554,0.602137982845306,-1145.10009765625,6.90000009536743,-926.100036621094,2.01939595614468,-0.0193595088816159,0.0302243423306417,ST
96.7,0.160900458693504,0.160302311182022,9.53021240234375,1.91312193870544,-1.59299790859222,0.975615978240967,-1164.30004882812,15.3000001907349,-923.700012207031,2.01679055657524,0.0131097865204543,-0.0116996737099263,ST
96.7333333333333,0.372643083333969,0.321800917387009,9.30531024932861,1.63110792636871,-0.952749967575073,1.28811800479889,-1159.5,14.1000003814697,-914.100036621094,2.01428254056534,0.0359565878101641,-0.0321822492665571,ST
96.7666666666667,0.954038023948669,0.123217448592186,8.30760765075684,1.07470202445984,-1.37195992469788,1.22714197635651,-1154.70007324219,7.50000047683716,-914.100036621094,2.01019935371445,0.10320597227445,-0.0191802562150815,ST
96.8,1.33026993274689,-0.0723752975463867,7.72621297836304,-0.213415995240211,-1.51677799224854,0.274392008781433,-1169.10009765625,15.9000005722046,-914.100036621094,2.00643412760362,0.16140976117,0.0049057283381358,ST
96.8333333333333,1.28062415122986,-0.380418926477432,8.44338607788086,-0.952749967575073,-1.18903195858002,-0.205793991684914,-1154.70007324219,10.5,-921.300048828125,2.00179685751184,0.153979915075244,0.0396512955758165,ST
96.8666666666667,-0.654966533184052,-0.528160214424133,11.3449773788452,-0.137196004390717,1.10518991947174,0.762199997901917,-1159.5,7.50000047683716,-911.700012207031,1.99967764454666,-0.021246424406344,0.0455919952852269,ST
96.9,-0.86192399263382,-0.806296706199646,13.2058000564575,0.114329993724823,0.594515979290009,0.861285984516144,-1159.5,11.1000003814697,-930.900024414062,1.99815623939501,-0.058153245059074,0.0580100356263886,ST
96.9333333333333,0.516197383403778,-0.468345940113068,11.3228464126587,-0.327746003866196,-2.33233189582825,0.0914639979600906,-1161.90002441406,8.70000076293945,-921.300048828125,1.99744524300376,0.0303138261901255,0.0447962860627629,ST
96.9666666666667,0.601731836795807,-0.214135184884071,8.74724292755127,0.327746003866196,-1.43293595314026,0.106707997620106,-1166.70007324219,9.30000019073486,-921.300048828125,1.99782777997325,0.0638648417473804,0.0276530258435554,ST
97.0,0.480906963348389,-0.22968690097332,7.70467948913574,0.3125019967556,1.35671591758728,-0.525918006896973,-1159.5,10.5,-921.300048828125,1.99900308255765,0.0607535681737279,0.0288851284753256,ST
97.0333333333333,-0.466551512479782,0.099889874458313,7.57129383087158,0.548784017562866,1.60061991214752,-0.647870004177094,-1157.10009765625,15.9000005722046,-914.100036621094,2.00089796550967,-0.039062332116718,-0.0054369834419702,ST
97.0666666666667,-1.34941053390503,0.361876487731934,8.42603969573975,0.746955990791321,2.67532205581665,-0.335367977619171,-1137.90002441406,6.90000009536743,-921.300048828125,1.99895887174298,-0.138240167274773,-0.0362871532904069,ST
97.1,-1.46245956420898,0.0358885787427425,10.2916479110718,-0.0762199983000755,1.13567793369293,0.259148001670837,-1133.10009765625,5.10000038146973,-902.100036621094,2.00198477464195,-0.142214676663195,-0.0096614824136927,ST
97.1333333333333,-1.49296486377716,-0.0113647161051631,11.2331247329712,-0.769822001457214,0.724089980125427,-0.0685980021953583,-1154.70007324219,15.9000005722046,-914.100036621094,2.00321656204498,-0.135174985061315,-5.11507312655866e-05,ST
97.1666666666667,-0.678892254829407,-0.910971760749817,11.7995662689209,-1.82927989959717,-0.0152439996600151,-0.304879993200302,-1135.5,14.1000003814697,-930.900024414062,2.01015090438913,-0.0730323344205738,0.0641591001484499,ST
97.2,0.619077980518341,-1.00966536998749,9.66000938415527,-2.62196803092957,-1.21189796924591,-1.53964400291443,-1149.90002441406,6.90000009536743,-918.900024414062,2.01397257737615,0.0378668623675867,0.0997244093000055,ST
97.2333333333333,0.763230443000793,-0.90977543592453,8.84473991394043,-1.85976791381836,-1.45580196380615,-1.47866797447205,-1137.90002441406,11.1000003814697,-921.300048828125,2.01698919071438,0.078223699087693,0.104418459250179,ST
97.2666666666667,0.493467956781387,-0.787156164646149,8.43142318725586,-0.655492007732391,-0.327746003866196,-1.05945801734924,-1145.10009765625,11.1000003814697,-918.900024414062,2.02002264473125,0.0628432024692538,0.0961875890443311,ST
97.3,0.162096738815308,-0.512608528137207,8.65333461761475,0.510673999786377,0.320124000310898,-0.198172003030777,-1133.10009765625,12.3000001907349,-928.500061035156,2.02184713026612,0.0271729995084396,0.0659014004865673,ST
97.3333333333333,-0.0047851437702775,-0.471336662769318,8.2382230758667,0.655492007732391,1.08994603157043,0.106707997620106,-1137.90002441406,9.90000057220459,-930.900024414062,2.02185509075772,0.0034870801691971,0.0580021774239174,ST
97.3666666666667,0.0622068680822849,-0.757248997688293,9.29753398895264,-0.358233988285065,1.32622802257538,-0.0990860015153885,-1145.10009765625,7.50000047683716,-921.300048828125,2.02221869974264,0.0041933174838877,0.0770760171929494,ST
97.4,-0.247033044695854,-0.724949300289154,10.3987159729004,-1.02897000312805,0.388722002506256,-0.0990860015153885,-1133.10009765625,14.7000007629395,-926.100036621094,2.02246382028348,-0.0186045626846716,0.0725461717716855,ST
97.4333333333333,-0.389989227056503,-1.05093717575073,10.9657554626465,-0.586893975734711,0.213415995240211,-0.221037998795509,-1135.5,9.90000057220459,-928.500061035156,2.02346539578732,-0.0322761140761479,0.0917358514910084,ST
97.4666666666667,-0.296678900718689,-1.21243584156036,10.8700523376465,-0.510673999786377,0.0990860015153885,-1.01372599601746,-1135.5,0.300000011920929,-926.100036621094,2.02626445190892,-0.0281524901593491,0.107934491111026,ST
97.5,-0.123217448592186,-0.928916037082672,10.178599357605,-0.0,-0.350611984729767,-1.62348592281342,-1135.5,12.9000005722046,-914.100036621094,2.02961407177764,-0.0145907402941202,0.0944633322067677,ST
97.5333333333333,0.306847333908081,-0.839194595813751,9.85021877288818,0.144817993044853,-1.02897000312805,-1.65397393703461,-1142.70007324219,9.90000057220459,-911.700012207031,2.0332260365057,0.0234623852697924,0.086679720573367,ST
97.5666666666667,0.763230443000793,-0.548497080802917,7.27939987182617,0.228659987449646,-1.31860601902008,-1.76068198680878,-1140.30004882812,4.5,-918.900024414062,2.03778101755889,0.0918255733534099,0.0767860216008035,ST
97.6,-0.638816714286804,-0.809885561466217,8.91412448883057,0.327746003866196,1.29574000835419,-0.884151995182037,-1135.5,9.30000019073486,-923.700012207031,2.0399865613453,-0.0455512044898916,0.0878440464430632,ST
97.6333333333333,-0.665134966373444,-1.09699416160583,9.92917346954346,-0.121951997280121,0.78506600856781,-1.18903195858002,-1157.10009765625,1.5,-914.100036621094,2.04384565232091,-0.0631904611988716,0.105827807785058,ST
97.6666666666667,-0.225499898195267,-1.54261076450348,10.1026344299316,-0.975615978240967,-1.02897000312805,-2.24086785316467,-1125.90002441406,9.90000057220459,-916.500061035156,2.05030428248505,-0.0285454271259922,0.143794964994074,ST
97.7,0.0669920146465302,-1.8787670135498,10.6110563278198,-1.27287399768829,-0.983237981796265,-2.22562384605408,-1135.5,6.30000019073486,-914.100036621094,2.05576378983359,0.0023047858141456,0.171834168213603,ST
97.7333333333333,0.216527760028839,-1.98822724819183,9.61754035949707,-0.899396002292633,-0.205793991684914,-2.21037983894348,-1152.30004882812,5.70000028610229,-933.300048828125,2.06084554597965,0.0196281718526915,0.199741498446203,ST
97.7666666666667,-0.473729223012924,-1.79323267936707,9.04870700836182,-0.25152599811554,1.18140995502472,-1.85214591026306,-1145.10009765625,15.9000005722046,-935.700012207031,2.06553333061377,-0.0381137018682362,0.196887175248214,ST
97.8,-0.815268874168396,-1.36735486984253,8.15268898010254,0.792688012123108,1.53964400291443,-0.724089980125427,-1121.10009765625,6.90000009536743,-930.900024414062,2.06632408040051,-0.0881145018682148,0.171389308608639,ST
97.8333333333333,-0.820053994655609,-1.7806715965271,9.38546180725098,1.05945801734924,0.434453994035721,0.518296003341675,-1123.5,9.30000019073486,-916.500061035156,2.06652331074752,-0.0868424349760285,0.182890429362017,ST
97.8666666666667,-0.646592557430267,-1.81237316131592,9.30531024932861,0.182927995920181,-0.388722002506256,0.685979962348938,-1123.5,7.50000047683716,-914.100036621094,2.06541487478703,-0.0715238389314972,0.190119643293475,ST
97.9,-1.00368392467499,-1.39845824241638,10.0398302078247,0.602137982845306,0.0838419944047928,1.2423859834671,-1123.5,9.90000057220459,-921.300048828125,2.05926179242372,-0.0936426239638096,0.147857502104947,ST
97.9333333333333,-0.630442678928375,-1.70052051544189,10.7049646377563,0.792688012123108,-0.182927995920181,1.47866797447205,-1133.10009765625,15.3000001907349,-928.500061035156,2.05612406880032,-0.0637631751218617,0.154693205382839,ST
97.9666666666667,0.0843381583690643,-1.37034559249878,9.23951435089111,0.701223969459534,-1.47104597091675,1.45580196380615,-1135.5,4.5,-928.500061035156,2.05211860478986,-0.0039255532879141,0.147717035475046,ST
98.0,0.614292860031128,-0.903794050216675,8.06775283813477,1.07470202445984,-1.40244793891907,1.57775402069092,-1133.10009765625,5.70000028610229,-921.300048828125,2.04888464910501,0.0611644086906284,0.117480397670363,TR
98.0333333333333,0.459971934556961,-1.01624488830566,8.16166114807129,1.47866797447205,-0.647870004177094,2.4847719669342,-1142.70007324219,-2.70000004768372,-933.300048828125,2.04263649228652,0.0574179538206967,0.120736579054762,TR
98.0666666666667,-1.18013608455658,-0.916355013847351,10.2515726089478,1.28049600124359,0.647870004177094,2.85062789916992,-1133.10009765625,14.7000007629395,-930.900024414062,2.03552032909609,-0.0847987114121345,0.0929010510005431,TR
98.1,-0.772800743579865,-0.516197383403778,9.97283744812012,0.891773998737335,-0.0457319989800453,2.39330792427063,-1135.5,12.9000005722046,-918.900024414062,2.02738481023514,-0.0789400345848237,0.0584910167844767,TR
98.1333333333333,-0.252416342496872,-0.704014301300049,10.6182336807251,0.914639949798584,-0.975615978240967,2.30184388160706,-1135.5,8.70000076293945,-933.300048828125,2.02234799513795,-0.0336839480805054,0.063219967516949,TR
98.1666666666667,0.629246413707733,-0.574815392494202,9.85919094085693,0.541162014007568,-1.6768399477005,1.06708002090454,-1142.70007324219,5.70000028610229,-928.500061035156,2.01968075714941,0.0462370017010757,0.0585278636965121,TR
98.2,0.560459971427917,-0.230285048484802,8.93386363983154,0.693601965904236,-0.762199997901917,0.815553963184357,-1133.10009765625,3.90000009536743,-916.500061035156,2.01908328928738,0.060348114457483,0.0314757559065903,TR
98.2333333333333,0.266771763563156,-0.269762486219406,9.47996807098389,0.602137982845306,-0.129574000835419,0.914639949798584,-1145.10009765625,3.30000019073486,-918.900024414062,2.01705626025373,0.0347576356293917,0.0282752468106762,TR
98.2666666666667,0.386998504400253,-0.148937597870827,9.6582145690918,0.335367977619171,-0.579271972179413,1.37195992469788,-1152.30004882812,5.70000028610229,-938.100036621094,2.01405299811523,0.0398899256577125,0.0173088837177197,TR
98.3,0.337950766086578,-0.0861325860023499,8.40151596069336,0.0457319989800453,-0.663114011287689,1.52439999580383,-1142.70007324219,9.30000019073486,-921.300048828125,2.01074420606944,0.0410338924370602,0.0116963446927224,TR
98.3333333333333,0.397166937589645,-0.325987905263901,9.98240852355957,-0.647870004177094,-0.87652999162674,0.922261953353882,-1130.70007324219,9.30000019073486,-935.700012207031,2.00791446279291,0.041196995745216,0.0293816083546654,TR
98.3666666666667,0.224303618073463,-0.0406737215816975,10.0386333465576,-0.594515979290009,-1.09756803512573,0.304879993200302,-1133.10009765625,4.5,-918.900024414062,2.00787719632732,0.0276642829436203,0.0099967150511508,TR
98.4,-0.330773055553436,0.0167480036616325,9.91481781005859,0.297257989645004,0.487807989120483,0.914639949798584,-1142.70007324219,6.30000019073486,-926.100036621094,2.00566876432329,-0.0231584261834191,-3.6087689300552e-05,TR
98.4333333333333,-0.540123105049133,0.204564899206161,9.1868782043457,-0.0914639979600906,1.05183601379395,0.182927995920181,-1147.5,0.900000035762787,-933.300048828125,2.00451914467952,-0.0534491403846789,-0.0179226793251388,TR
98.4666666666667,-0.65137767791748,0.10826388001442,9.85380744934082,-0.830797970294952,1.02897000312805,-0.365855991840363,-1133.10009765625,9.30000019073486,-926.100036621094,2.00569192742167,-0.0653989814036405,-0.0109127734719632,TR
98.5,-0.358287632465363,0.0149535741657019,9.11569881439209,-1.12043392658234,0.602137982845306,-1.07470202445984,-1140.30004882812,12.3000001907349,-916.500061035156,2.00858937012659,-0.045100035121485,-0.001736273048277,TR
98.5333333333333,-0.537730515003204,-0.0155517170205712,8.57557582855225,-1.2423859834671,1.02134799957275,-1.42531394958496,-1140.30004882812,5.10000038146973,-921.300048828125,2.01196527482864,-0.0605108549839095,0.0029388217721042,TR
98.5666666666667,-1.61378967761993,-0.257799625396729,11.6470403671265,-1.15092194080353,1.60824191570282,-2.08842802047729,-1118.70007324219,6.90000009536743,-914.100036621094,2.01814274442059,-0.124281065346564,0.0201372202761051,TR
98.6,-0.870298027992249,-0.407933503389359,10.756404876709,-1.97409796714783,0.297257989645004,-2.4923939704895,-1140.30004882812,9.30000019073486,-928.500061035156,2.02595535514834,-0.0878709151343657,0.0383788940277518,TR
98.6333333333333,-0.0968991592526436,-0.188415035605431,8.70776557922363,-2.30946588516235,-1.18903195858002,-2.42379593849182,-1147.5,7.50000047683716,-933.300048828125,2.0308845823205,-0.0230345266992697,0.0280778588602318,TR
98.6666666666667,0.577207982540131,-0.513206660747528,8.29325199127197,-2.0655620098114,-0.472563982009888,-2.30946588516235,-1133.10009765625,8.70000076293945,-935.700012207031,2.03579531986281,0.0515071294401656,0.0577804993027712,TR
98.7,1.34163463115692,-0.681882977485657,8.452956199646,-1.75305998325348,0.0152439996600151,-2.94971394538879,-1135.5,13.5000009536743,-916.500061035156,2.0410433477307,0.135870842127148,0.0778843686980702,TR
98.7333333333333,0.473131090402603,0.498253107070923,10.3131809234619,-0.403965979814529,-0.221037998795509,-4.93905591964722,-1140.30004882812,12.9000005722046,-926.100036621094,2.06253092525463,0.0645246994543168,-0.0229340613508669,TR
98.7666666666667,0.480308800935745,0.714780867099762,9.15816688537598,0.0152439996600151,-0.304879993200302,-4.47411394119263,-1135.5,10.5,-933.300048828125,2.07547291792969,0.0548366806676636,-0.0671888228911317,TR
98.8,0.594554126262665,0.245836764574051,10.3706026077271,-1.02897000312805,0.358233988285065,-4.26832008361816,-1135.5,11.7000007629395,-921.300048828125,2.08338120515807,0.0560165289586244,-0.0313714797028172,TR
98.8333333333333,-0.0251220054924488,0.18183545768261,9.90943431854248,-1.28811800479889,1.55488801002502,-3.81099987030029,-1130.70007324219,6.90000009536743,-930.900024414062,2.09177265841505,0.006990522798929,-0.0193041462904166,TR
98.8666666666667,0.156115308403969,-0.464757084846497,9.71563625335693,-1.81403601169586,2.15702605247498,-3.94057393074036,-1123.5,12.3000001907349,-923.700012207031,2.10095715119921,0.0114515911236868,0.0383412500514914,TR
98.9,-0.358287632465363,-0.467747807502747,10.0900735855103,-1.51677799224854,1.04421401023865,-4.5655779838562,-1130.70007324219,8.10000038146973,-911.700012207031,2.11160431793198,-0.0271643717404868,0.0469159848957109,TR
98.9333333333333,-0.419298231601715,-0.766819298267365,9.97283744812012,-1.37195992469788,1.03659200668335,-4.83234786987305,-1135.5,15.3000001907349,-918.900024414062,2.12361300298073,-0.0399369354047465,0.0728728438069981,TR
98.9666666666667,0.0933103039860725,-0.674107134342194,10.5590181350708,-1.72257196903229,-0.129574000835419,-5.09149599075317,-1123.5,8.70000076293945,-926.100036621094,2.13581058207146,0.0007923095080819,0.0679472053984644,TR
99.0,0.578404247760773,-0.699229121208191,8.91950798034668,-1.02134799957275,-0.495429992675781,-4.48935794830322,-1125.90002441406,4.5,-928.500061035156,2.14584390982077,0.0528356319954222,0.0773663956172587,TR
99.0333333333333,0.581394970417023,-0.721958577632904,9.94831371307373,-1.44055795669556,0.0990860015153885,-4.43600368499756,-1116.30004882812,11.7000007629395,-909.300048828125,2.15633796076719,0.0574668877045414,0.0750988825134219,TR
99.0666666666667,0.805698573589325,-0.578404247760773,9.42733097076416,-1.12805593013763,0.594515979290009,-4.41313791275024,-1133.10009765625,6.30000019073486,-921.300048828125,2.16870270873975,0.0803077630198932,0.0646432198533732,TR
99.1,0.258995920419693,-0.610105812549591,10.2414035797119,-0.83841997385025,1.50153398513794,-3.65093803405762,-1121.10009765625,11.1000003814697,-930.900024414062,2.17812130019499,0.0332592308883125,0.0613632713936004,TR
99.1333333333333,-0.171667039394379,-0.35110992193222,10.1498880386353,-0.198172003030777,2.01982998847961,-3.56709599494934,-1118.70007324219,14.1000003814697,-911.700012207031,2.18732335132998,-0.0105900868745878,0.039631802344899,TR
99.1666666666667,-0.435448080301285,-0.317613929510117,10.4202489852905,0.411587983369827,2.5152599811554,-3.51374197006226,-1104.30004882812,10.5,-923.700012207031,2.19544758435468,-0.0387947221277891,0.0318920638702946,TR
99.2,-0.657957255840302,-0.0047851437702775,9.78860950469971,1.01372599601746,2.30184388160706,-3.7881338596344,-1104.30004882812,10.5,-926.100036621094,2.20351785151713,-0.065282254605557,0.0049638299056368,TR
99.2333333333333,-0.808689296245575,0.250621914863586,10.027268409729,0.87652999162674,1.92074394226074,-4.01679372787476,-1106.70007324219,6.30000019073486,-923.700012207031,2.21131634642572,-0.0803548962114383,-0.0201092067017808,TR
99.2666666666667,-0.429466664791107,0.590367138385773,11.6105527877808,0.297257989645004,-0.0914639979600906,-4.51984596252441,-1116.30004882812,9.30000019073486,-923.700012207031,2.22049986970571,-0.0452866664500303,-0.0450396046587649,TR
99.3,0.400755792856216,0.501243829727173,8.70896148681641,0.594515979290009,0.0838419944047928,-3.22410583496094,-1104.30004882812,11.1000003814697,-940.500061035156,2.22782320639461,0.0271470590258214,-0.0558202309139825,TR
99.3333333333333,0.643601834774017,0.340343356132507,9.84662914276123,-0.548784017562866,1.09756803512573,-4.41313791275024,-1106.70007324219,13.5000009536743,-918.900024414062,2.23805379230409,0.0569633636432593,-0.0376341968257482,TR
99.3666666666667,1.24952065944672,0.372643083333969,9.88491058349609,-0.792688012123108,-0.297257989645004,-5.4192419052124,-1097.10009765625,11.7000007629395,-918.900024414062,2.25063141196728,0.111915237908741,-0.0372681825894138,TR
99.4,1.54261076450348,0.159106031060219,9.64744758605957,-0.647870004177094,-0.144817993044853,-5.80034208297729,-1109.10009765625,14.1000003814697,-933.300048828125,2.26194633914905,0.149116657377037,-0.0209117961194848,TR
99.4333333333333,1.60541570186615,0.196190893650055,10.3634252548218,-0.396344006061554,0.510673999786377,-6.18906402587891,-1101.90002441406,6.90000009536743,-911.700012207031,2.27773384666299,0.152009166444049,-0.0200424624231896,TR
99.4666666666667,0.980356335639954,0.616685390472412,10.6953945159912,0.129574000835419,0.87652999162674,-6.42534589767456,-1101.90002441406,8.10000038146973,-909.300048828125,2.29624340987027,0.101956661537149,-0.0513036654826528,TR
99.5,0.637022256851196,0.405540943145752,11.6739559173584,0.685979962348938,2.25611186027527,-6.06711196899414,-1099.5,9.30000019073486,-918.900024414062,2.30964202562101,0.0593644751438271,-0.0392938727905721,TR
99.5333333333333,0.959421336650848,0.835007607936859,10.5937099456787,0.152439996600151,0.975615978240967,-6.31101608276367,-1082.70007324219,6.90000009536743,-911.700012207031,2.32718752618212,0.0826138574266223,-0.0724899879799709,TR
99.5666666666667,1.0276095867157,0.400157660245895,10.1977396011353,-0.37347799539566,2.17227005958557,-6.69211578369141,-1087.5,3.30000019073486,-921.300048828125,2.34083227962778,0.0935579559340914,-0.0454926691623791,TR
99.6,0.61548912525177,0.103478737175465,10.5362882614136,-0.198172003030777,3.12502002716064,-6.83693361282349,-1082.70007324219,13.5000009536743,-918.900024414062,2.35460629219284,0.0603720137939288,-0.0169940819465667,TR
99.6333333333333,-0.221312895417213,-0.351708054542542,11.6033754348755,-0.0990860015153885,3.60520601272583,-7.11132574081421,-1077.90002441406,2.10000014305115,-926.100036621094,2.37000557052893,-0.0079611636557432,0.0207339614692363,TR
99.6666666666667,-0.301464051008224,-0.463560789823532,11.1637401580811,-0.335367977619171,2.98020195960999,-7.86590385437012,-1068.30004882812,2.10000014305115,-926.100036621094,2.3908376554772,-0.0279682082291888,0.0389661900287589,TR
99.7,0.333165645599365,-0.464757084846497,12.3127727508545,-1.36433792114258,0.861285984516144,-7.74395179748535,-1075.5,6.30000019073486,-923.700012207031,2.40871389037753,0.0151558670851692,0.0398829656599929,TR
99.7333333333333,1.58208811283112,-0.0789548754692078,9.16355037689209,0.259148001670837,0.121951997280121,-6.76071405410767,-1068.30004882812,5.10000038146973,-923.700012207031,2.42778914248631,0.144709529804789,0.0126104867742911,TR
99.7666666666667,1.4881796836853,-0.327184200286865,9.86636829376221,0.815553963184357,3.03355598449707,-7.08845996856689,-1077.90002441406,6.90000009536743,-916.500061035156,2.44318545534549,0.144629195271414,0.0269934181670394,TR
99.8,0.799717128276825,-0.0771604403853416,9.59062480926514,1.37195992469788,3.21648383140564,-6.49394369125366,-1063.5,5.70000028610229,-916.500061035156,2.46084503841277,0.0897041943105225,0.0084367971319322,TR
99.8333333333333,0.192602038383484,-0.303856641054153,10.4507541656494,1.59299790859222,3.12502002716064,-6.07473373413086,-1058.70007324219,6.90000009536743,-928.500061035156,2.47388057533232,0.0286047201213908,0.0222685465825408,TR
99.8666666666667,-0.96659904718399,0.122021168470383,10.4836521148682,1.87501192092896,3.01831197738647,-5.0686297416687,-1061.10009765625,6.90000009536743,-926.100036621094,2.48605618882009,-0.0760133761296245,-0.0083273921130975,TR
99.9,-1.37333631515503,0.157909750938416,9.94053840637207,2.26373386383057,4.62655401229858,-5.45735168457031,-1039.5,3.30000019073486,-945.300048828125,2.49923559229793,-0.133802232037031,-0.0170015619089199,TR
99.9333333333333,-0.833811283111572,0.223705470561981,9.42015361785889,1.265251994133,3.20123982429504,-5.68601179122925,-1041.90002441406,3.30000019073486,-928.500061035156,2.51247175399251,-0.101160440879049,-0.0234497633064593,TR
99.9666666666667,-0.435448080301285,0.473729223012924,11.2187700271606,0.297257989645004,-0.564027965068817,-5.44210767745972,-1037.10009765625,3.90000009536743,-911.700012207031,2.52466506688819,-0.0493722592334642,-0.0387650494841461,TR
100.0,0.116039738059044,0.44322395324707,10.5883264541626,1.37958192825317,-0.731711983680725,-4.71801805496216,-1025.10009765625,3.30000019073486,-940.500061035156,2.53622488505133,0.0009332090460431,-0.0431562707023955,TR
100.033333333333,1.67121148109436,0.196789041161537,9.93575286865234,1.03659200668335,0.182927995920181,-5.39637565612793,-1025.10009765625,10.5,-921.300048828125,2.54735992061937,0.13256643853562,-0.0267047583128169,TR
100.066666666667,2.33156132698059,0.665733098983765,8.9416389465332,0.724089980125427,-1.54726600646973,-5.25155782699585,-1013.10003662109,0.300000011920929,-926.100036621094,2.56741266201072,0.234412869961701,-0.0681868120932615,TR
100.1,0.540123105049133,-0.110058307647705,8.82918834686279,1.37958192825317,1.265251994133,-3.65855979919434,-1027.5,2.70000004768372,-918.900024414062,2.56507553719749,0.0923333043516723,-0.0052665550959012,TR
100.133333333333,0.518589973449707,-0.0939084440469742,10.1211776733398,0.899396002292633,3.62045001983643,-4.96954393386841,-1020.30004882812,1.5,-933.300048828125,2.57594254604309,0.0538967976026537,0.0047763640790181,TR
100.166666666667,-0.900205194950104,-0.315819501876831,11.2247514724731,0.861285984516144,2.52288198471069,-5.63265800476074,-1027.5,-0.300000011920929,-926.100036621094,2.58901955659827,-0.0563112771842197,0.0223272277330905,TR
100.2,-1.275838971138,0.30624920129776,9.40460205078125,1.11281192302704,1.85976791381836,-6.07473373413086,-1008.30004882812,-1.5,-928.500061035156,2.59923938340817,-0.121592036015032,-0.0221199969560832,TR
100.233333333333,-1.55576992034912,-0.130395174026489,11.3916330337524,0.472563982009888,2.68294382095337,-4.20734405517578,-1008.30004882812,1.5,-926.100036621094,2.61378577669616,-0.137469190431418,0.006274336903903,TR
100.266666666667,-0.674705266952515,-0.745286166667938,11.1368236541748,-0.160062000155449,0.0152439996600151,-4.25307607650757,-1001.10003662109,-2.70000004768372,-923.700012207031,2.62871864573451,-0.0757746912495126,0.0554775707431139,TR
100.3,-0.311034351587296,-0.551487803459167,9.92857551574707,0.716467976570129,0.769822001457214,-4.51984596252441,-989.100036621094,1.5,-923.700012207031,2.63924969595078,-0.0409698137749245,0.0548302842556828,TR
100.333333333333,-0.509617805480957,-0.914560616016388,9.45245361328125,1.2576299905777,2.24848985671997,-4.08539199829102,-998.700012207031,-3.90000009536743,-930.900024414062,2.65160975456875,-0.0542971426660789,0.0879411107167459,TR
100.366666666667,-0.679490387439728,-0.28112718462944,9.7120475769043,1.60061991214752,1.37958192825317,-3.55947399139404,-1001.10003662109,-0.300000011920929,-918.900024414062,2.65720073710016,-0.0683495239999093,0.0389372888865278,TR
100.4,-0.467747807502747,-0.153722748160362,8.73587799072266,2.00458598136902,0.807931959629059,-2.66007804870605,-989.100036621094,5.70000028610229,-926.100036621094,2.66242493180454,-0.0575100359732839,0.0193307626565257,TR
100.433333333333,0.160302311182022,-0.631639003753662,8.21609210968018,1.55488801002502,1.81403601169586,-2.00458598136902,-984.300048828125,3.90000009536743,-921.300048828125,2.66853475522416,0.0015129710589928,0.0630467664379674,TR
100.466666666667,-0.263182908296585,-0.345128506422043,8.76698112487793,1.15092194080353,1.46342396736145,-2.28659987449646,-981.900024414062,3.30000019073486,-926.100036621094,2.6742332501154,-0.0266618660622508,0.0417146811922746,TR
100.5,-0.631639003753662,-0.635825991630554,9.42194843292236,1.15092194080353,1.50915598869324,-1.34909391403198,-991.500061035156,2.70000004768372,-909.300048828125,2.678456210536,-0.0606997226399772,0.0606907504434959,TR
100.533333333333,-0.650779545307159,-1.03837621212006,10.8646688461304,0.693601965904236,0.472563982009888,-0.701223969459534,-972.300048828125,-3.90000009536743,-918.900024414062,2.68208928921114,-0.0603592439407258,0.0885362176614689,TR
100.566666666667,-0.39537250995636,-0.960019469261169,11.8617734909058,0.990859985351562,-0.815553963184357,-0.358233988285065,-972.300048828125,5.10000038146973,-906.900024414062,2.68253090981071,-0.0368497371241006,0.0807445954461431,TR
100.6,0.732725143432617,-0.802109718322754,9.2640380859375,1.44055795669556,-0.457319974899292,-0.0762199983000755,-972.300048828125,-5.70000028610229,-906.900024414062,2.68256609586497,0.0559565298615461,0.0832382598505712,TR
100.633333333333,0.638816714286804,-0.922934591770172,9.01640701293945,1.22714197635651,0.617381989955902,0.0076219998300075,-979.500061035156,0.300000011920929,-921.300048828125,2.6816467871419,0.0670561289557961,0.0970671937152309,TR
100.666666666667,0.721360445022583,-1.0796480178833,8.4469747543335,1.73781597614288,0.617381989955902,-0.243903994560242,-977.100036621094,0.900000035762787,-942.900024414062,2.68047818526894,0.0801796812801381,0.118604502001473,TR
100.7,0.538926839828491,-0.817063271999359,8.41886234283447,2.04269599914551,0.579271972179413,-1.01372599601746,-965.100036621094,2.10000014305115,-935.700012207031,2.68417057579032,0.0661068254946929,0.0978977894434445,TR
100.733333333333,0.203368604183197,-0.766819298267365,10.302414894104,2.00458598136902,-0.434453994035721,-0.0838419944047928,-969.900024414062,2.70000004768372,-926.100036621094,2.6850902627868,0.0296530337627989,0.0762531983062727,TR
100.766666666667,-0.596946656703949,-0.246434897184372,11.2151803970337,1.98171997070312,-1.73781597614288,0.724089980125427,-984.300048828125,2.70000004768372,-930.900024414062,2.68311618634814,-0.034091717707285,0.0301701575969782,TR
100.8,-0.771006286144257,0.0460570082068443,10.6660852432251,2.00458598136902,-0.3125019967556,1.37195992469788,-977.100036621094,-0.300000011920929,-921.300048828125,2.67856465469063,-0.0645183312719915,-0.0007009311212525,TR
100.833333333333,-0.857737004756927,0.562254369258881,10.2653293609619,2.9344699382782,0.967993974685669,1.73019397258759,-979.500061035156,-6.30000019073486,-935.700012207031,2.6709442057036,-0.081638012963244,-0.0507112819736481,ST
100.866666666667,-0.132787734270096,0.340941488742828,9.21199989318848,0.701223969459534,-0.87652999162674,0.0914639979600906,-984.300048828125,1.5,-911.700012207031,2.67145482155963,-0.0267344730077628,-0.0407383289196689,ST
100.9,-0.249425619840622,0.806296706199646,8.19455909729004,0.0838419944047928,-0.510673999786377,-0.144817993044853,-984.300048828125,-2.70000004768372,-918.900024414062,2.67059155161931,-0.0288795123288856,-0.0866264193667569,ST
100.933333333333,-0.232079476118088,0.163293033838272,8.02827453613281,0.0304879993200302,0.891773998737335,0.25152599811554,-979.500061035156,-5.70000028610229,-918.900024414062,2.67145120770085,-0.0301247856622172,-0.0337577947078446,ST
100.966666666667,-0.767417430877686,-0.384605944156647,8.91591930389404,0.342989981174469,1.85214591026306,0.198172003030777,-977.100036621094,0.900000035762787,-914.100036621094,2.67428488072081,-0.077170367804399,0.0270591427060876,ST
101.0,-0.674705266952515,-0.676499724388123,9.4375,0.487807989120483,1.86738991737366,-0.617381989955902,-969.900024414062,-2.10000014305115,-914.100036621094,2.67872372608555,-0.0749327654043419,0.0625037194817854,ST
101.033333333333,-1.21363210678101,-0.38939106464386,10.4944181442261,0.503051996231079,1.20427596569061,-0.967993974685669,-974.700012207031,0.900000035762787,-916.500061035156,2.67936563462268,-0.109554029676301,0.0410651377641305,ST
101.066666666667,-0.664536833763123,-0.168676316738129,9.21798133850098,-0.167683988809586,-0.693601965904236,-1.55488801002502,-962.700012207031,-6.30000019073486,-906.900024414062,2.68117354214015,-0.0785087368888606,0.0232996299948172,ST
101.1,-0.961215734481812,-0.45638307929039,9.27958965301514,-0.198172003030777,-0.144817993044853,-1.41769194602966,-962.700012207031,-3.30000019073486,-918.900024414062,2.68623060049782,-0.0978677773696075,0.0443769966055638,ST
101.133333333333,-0.684275567531586,-0.78476357460022,10.4692964553833,-0.327746003866196,0.411587983369827,-1.01372599601746,-974.700012207031,-7.50000047683716,-923.700012207031,2.69065710860714,-0.0721901073888521,0.0692710120539992,ST
101.166666666667,-0.341539651155472,-0.774595141410828,8.84354400634766,-0.182927995920181,-0.205793991684914,-1.12043392658234,-979.500061035156,-3.90000009536743,-928.500061035156,2.6940303353082,-0.0448489386144528,0.0840641612263691,ST
101.2,-0.649583280086517,-0.754856407642365,8.27650451660156,0.0685980021953583,0.937505960464478,-1.12805593013763,-957.900024414062,1.5,-909.300048828125,2.69713433653681,-0.0724836542376672,0.0895730067822644,ST
101.233333333333,-0.605918824672699,-1.52047944068909,10.3999118804932,-0.579271972179413,1.54726600646973,-0.579271972179413,-943.500061035156,-5.70000028610229,-904.500061035156,2.70182329633899,-0.0626570339525769,0.134849851041419,ST
101.266666666667,-0.455186814069748,-0.92771977186203,8.80765533447266,-0.708845973014832,-0.503051996231079,-1.08232402801514,-955.500061035156,3.90000009536743,-918.900024414062,2.70279109320682,-0.0526126211908088,0.111700284890667,ST
101.3,-0.25839775800705,-0.943869590759277,9.61694240570068,-0.137196004390717,0.449698001146317,-0.426831990480423,-943.500061035156,4.5,-899.700012207031,2.70340214654634,-0.0325113543974748,0.100844019007722,ST
101.333333333333,-0.0526365824043751,-1.11792922019958,10.3723974227905,0.960371971130371,0.602137982845306,-0.0914639979600906,-950.700012207031,-2.70000004768372,-909.300048828125,2.70388780191402,-0.0114031162543199,0.104718262860753,ST
101.366666666667,-0.272155046463013,-0.896018147468567,10.500997543335,1.43293595314026,-0.144817993044853,-0.449698001146317,-950.700012207031,-3.90000009536743,-904.500061035156,2.70464270802864,-0.0226543967530309,0.0870858521493278,ST
101.4,-0.337950766086578,-0.395970642566681,10.0416240692139,1.91312193870544,-0.152439996600151,-0.144817993044853,-962.700012207031,7.50000047683716,-914.100036621094,2.70396470542393,-0.0314347883748194,0.0451903753087203,ST
101.433333333333,0.0071777156554162,-0.0675901547074318,9.51944541931152,1.85214591026306,-0.647870004177094,0.289635986089706,-948.300048828125,-1.5,-921.300048828125,2.70273408718105,-0.0048429461688274,0.0121885003325257,ST
101.466666666667,0.231481328606606,-0.0711790099740028,8.74784088134766,0.853663980960846,-1.31098401546478,0.510673999786377,-955.500061035156,-5.70000028610229,-909.300048828125,2.70147640077359,0.0227401259604419,0.0076461167202257,ST
101.5,-0.321800917387009,-0.897812604904175,11.0010452270508,0.243903994560242,-0.861285984516144,0.388722002506256,-957.900024414062,-2.10000014305115,-902.100036621094,2.70033821416857,-0.0180994332448467,0.0670631165689115,ST
101.533333333333,0.735715866088867,-2.12221121788025,10.3622283935547,-1.27287399768829,-2.10367202758789,-2.9268479347229,-953.100036621094,-2.10000014305115,-904.500061035156,2.7046675054972,0.0573295752390847,0.179484075626215,ST
101.566666666667,0.353502482175827,-1.8685986995697,10.4052953720093,-0.350611984729767,-1.6920839548111,-4.62655401229858,-950.700012207031,6.30000019073486,-926.100036621094,2.71514567420184,0.0412611919357824,0.178225629371536,ST
101.6,-0.600535571575165,-0.0897214487195015,9.70247745513916,2.88111591339111,-0.655492007732391,-3.20123982429504,-953.100036621094,-6.90000009536743,-906.900024414062,2.72241541670606,-0.0397039100263502,0.0396130959276831,ST
101.633333333333,-0.86790543794632,0.367857933044434,9.27241230010986,4.07014799118042,1.2347639799118,-0.160062000155449,-957.900024414062,-0.300000011920929,-906.900024414062,2.71910987118966,-0.084208437840214,-0.0292714473489434,ST
101.666666666667,-1.35479378700256,0.141759887337685,8.71314907073975,2.27135586738586,1.41006994247437,0.228659987449646,-953.100036621094,0.900000035762787,-904.500061035156,2.71989972023094,-0.142071369955855,-0.0221328090706216,ST
101.7,-1.78545677661896,0.0687864422798157,8.43022727966309,0.320124000310898,1.2347639799118,-0.693601965904236,-948.300048828125,2.70000004768372,-899.700012207031,2.72354831633186,-0.198585390498311,-0.0109723628138905,ST
101.733333333333,-0.91874760389328,-0.458775669336319,11.8378477096558,-1.28811800479889,-0.304879993200302,-1.36433792114258,-957.900024414062,-2.10000014305115,-918.900024414062,2.73274873565297,-0.0986475458474642,0.0320574323719498,ST
101.766666666667,0.0974973067641258,-0.592161536216736,9.66957950592041,-0.525918006896973,-3.84148788452148,-1.6615959405899,-945.900024414062,0.300000011920929,-921.300048828125,2.73768619500384,-0.0025315619964829,0.0571327024505379,ST
101.8,0.428270369768143,-0.22011661529541,8.45774173736572,-0.205793991684914,-2.33233189582825,-2.37806391716003,-957.900024414062,-3.90000009536743,-923.700012207031,2.74360373090856,0.0439275987955093,0.0321410644934485,ST
101.833333333333,-0.0251220054924488,-0.195592746138573,9.24250507354736,0.320124000310898,-0.0533539988100529,-1.18140995502472,-957.900024414062,1.5,-921.300048828125,2.74670167545657,0.005733221537551,0.0226293292933305,ST
101.866666666667,-0.256005197763443,-0.528758406639099,8.75382232666016,0.365855991840363,0.701223969459534,-0.899396002292633,-953.100036621094,3.90000009536743,-921.300048828125,2.74909645497763,-0.0230698031233628,0.0522328299759449,ST
101.9,-0.45638307929039,-0.510814070701599,8.89438629150391,0.0457319989800453,0.655492007732391,-1.02897000312805,-953.100036621094,2.70000004768372,-930.900024414062,2.75168971289231,-0.0463495520745033,0.0563251295825983,ST
101.933333333333,0.0101684303954244,-0.498253107070923,8.73288726806641,-0.0457319989800453,-0.167683988809586,-0.884151995182037,-948.300048828125,-0.900000035762787,-918.900024414062,2.75371465212309,-0.0081131428061692,0.0569512996642669,ST
101.966666666667,-0.835007607936859,-1.02641332149506,9.60916709899902,-0.106707997620106,0.830797970294952,-0.106707997620106,-953.100036621094,3.90000009536743,-916.500061035156,2.75588449307882,-0.0750848588094971,0.098757778682578,ST
102.0,-0.817661464214325,-0.789548695087433,11.2708082199097,-0.106707997620106,0.823175966739655,0.0228659994900227,-960.300048828125,1.5,-906.900024414062,2.75427697571466,-0.0739683197076853,0.0758979971985234,ST
102.033333333333,-0.706406831741333,-0.628648281097412,10.6349821090698,0.701223969459534,-0.617381989955902,1.21189796924591,-957.900024414062,0.900000035762787,-914.100036621094,2.75048941398519,-0.067029011410361,0.0613388888284272,ST
102.066666666667,0.208153754472733,-1.25849282741547,10.5566253662109,0.160062000155449,-0.800309956073761,1.31860601902008,-941.100036621094,1.5,-899.700012207031,2.74877810814226,0.0030271777158317,0.106845912709079,ST
102.1,1.03897428512573,-1.39187872409821,8.95420074462891,-0.533540010452271,-1.11281192302704,0.282013982534409,-950.700012207031,0.300000011920929,-909.300048828125,2.74601815666358,0.0931945344990722,0.145396214723747,ST
102.133333333333,1.11254596710205,-1.28361487388611,9.09476375579834,0.419209986925125,-1.265251994133,0.167683988809586,-950.700012207031,2.10000014305115,-918.900024414062,2.74561254786783,0.116742024352203,0.140729402010296,ST
102.166666666667,0.692051410675049,-1.35718643665314,9.03315544128418,1.18140995502472,-1.08232402801514,0.243903994560242,-950.700012207031,3.90000009536743,-904.500061035156,2.74391295753768,0.0853511656386818,0.145856246635816,ST
102.2,0.294884473085403,-1.55935871601105,7.79021406173706,1.2576299905777,0.411587983369827,0.663114011287689,-960.300048828125,0.900000035762787,-916.500061035156,2.73976856879313,0.0461286008825595,0.185463968909421,ST
102.233333333333,0.178844749927521,-1.95353496074677,11.2714061737061,0.228659987449646,0.663114011287689,0.556405961513519,-938.700012207031,-5.10000038146973,-909.300048828125,2.73914353063222,0.0207297806779871,0.174105282635987,ST
102.266666666667,0.157909750938416,-1.02342259883881,11.1511793136597,1.74543797969818,-2.80489587783813,1.76068198680878,-948.300048828125,-3.90000009536743,-906.900024414062,2.73524798221341,0.0189557276020215,0.103827129518445,ST
102.3,0.566441416740417,-0.82065212726593,9.36213397979736,2.80489587783813,-2.13416004180908,2.31708788871765,-957.900024414062,-9.30000019073486,-923.700012207031,2.72985155943838,0.0545511315971906,0.0869789923485036,ST
102.333333333333,0.0430662930011749,-0.386400371789932,10.1241683959961,3.13264203071594,-0.548784017562866,1.82927989959717,-950.700012207031,-7.50000047683716,-933.300048828125,2.72681920771494,0.0150036003369164,0.0436963011421123,ST
102.366666666667,-0.178844749927521,0.22011661529541,9.03973484039307,3.23172783851624,-0.975615978240967,1.08232402801514,-962.700012207031,-6.90000009536743,-909.300048828125,2.72438393831412,-0.0114152778788378,-0.0151284818621786,ST
102.4,-0.44322395324707,0.326586067676544,8.71255016326904,2.44666194915771,-0.891773998737335,0.815553963184357,-953.100036621094,-5.70000028610229,-935.700012207031,2.72214338630041,-0.0415812375341604,-0.0364045309139683,ST
102.433333333333,0.110656447708607,0.309838056564331,7.96068477630615,1.21189796924591,-0.87652999162674,0.556405961513519,-962.700012207031,-2.10000014305115,-911.700012207031,2.720923400763,0.0039577510987075,-0.0400990689383614,ST
102.466666666667,-1.74418485164642,0.363072782754898,10.0984477996826,1.41006994247437,0.282013982534409,1.11281192302704,-957.900024414062,-1.5,-909.300048828125,2.71862964737396,-0.135850039858655,-0.0389307350084073,ST
102.5,-1.01744115352631,0.203966751694679,10.9250812530518,1.15092194080353,-0.160062000155449,1.15092194080353,-962.700012207031,-5.10000038146973,-918.900024414062,2.71782354952208,-0.0993410911940823,-0.0237264779213815,ST
102.533333333333,-0.0089721446856856,-0.595152258872986,10.0314559936523,-0.160062000155449,-1.48628997802734,-0.0228659994900227,-967.500061035156,-3.30000019073486,-930.900024414062,2.72177978067646,-0.016409557164648,0.0446888720577718,ST
102.566666666667,0.637620389461517,-0.252416342496872,10.1941509246826,-1.56251001358032,-3.10977602005005,-1.06708002090454,-953.100036621094,-5.70000028610229,-911.700012207031,2.72451060276983,0.053771675593715,0.0303451236896745,ST
102.6,1.23097825050354,-0.780576586723328,9.59540939331055,-1.21189796924591,-1.75305998325348,-0.358233988285065,-969.900024414062,-3.90000009536743,-921.300048828125,2.72180725816047,0.114850078771101,0.0725215802565843,ST
102.633333333333,1.21482837200165,-1.11254596710205,8.35545921325684,-0.769822001457214,0.411587983369827,-0.701223969459534,-974.700012207031,-5.70000028610229,-918.900024414062,2.71760019173334,0.137001335796339,0.121205723592373,ST
102.666666666667,0.636424124240875,-1.14544379711151,8.54028511047363,-0.78506600856781,1.78354799747467,-0.792688012123108,-965.100036621094,-3.90000009536743,-911.700012207031,2.71894108912611,0.0841616183350316,0.131854273675279,ST
102.7,-0.541917502880096,-1.09280717372894,9.6881217956543,0.0304879993200302,2.42379593849182,-0.320124000310898,-969.900024414062,-5.10000038146973,-921.300048828125,2.72078010679586,-0.0306102677554304,0.116269251956606,ST
102.733333333333,0.468345940113068,-1.25968909263611,9.68333625793457,-0.983237981796265,-0.0990860015153885,-0.716467976570129,-965.100036621094,-3.90000009536743,-909.300048828125,2.72238182770858,0.0323378009097441,0.128094012009675,ST
102.766666666667,0.90977543592453,-1.04615211486816,9.5924186706543,-0.236281991004944,-0.830797970294952,0.541162014007568,-953.100036621094,-2.70000004768372,-906.900024414062,2.72181682844679,0.0826362943902772,0.112966162056936,ST
102.8,1.20645439624786,-0.828428030014038,9.45305156707764,0.868907988071442,-0.0152439996600151,1.76830399036407,-972.300048828125,0.300000011920929,-914.100036621094,2.719711465641,0.11741144522169,0.0916352748946854,ST
102.833333333333,1.15860295295715,-0.736912131309509,9.4315185546875,1.15092194080353,-0.0076219998300075,1.86738991737366,-960.300048828125,-2.70000004768372,-921.300048828125,2.71658810931823,0.120760808241545,0.0794355834985681,ST
102.866666666667,1.01744115352631,-0.300865918397903,8.82859039306641,1.08994603157043,-0.0076219998300075,1.45580196380615,-957.900024414062,-5.70000028610229,-906.900024414062,2.71724754404233,0.115609801030806,0.0403399839612243,ST
102.9,0.921140193939209,-0.388194799423218,8.93625640869141,0.945127964019775,0.137196004390717,1.41769194602966,-948.300048828125,-3.30000019073486,-902.100036621094,2.71341421296195,0.104658186500288,0.0417310546725524,ST
102.933333333333,-0.0376830063760281,-0.57361912727356,9.56669902801514,0.358233988285065,0.137196004390717,1.2347639799118,-953.100036621094,-6.90000009536743,-904.500061035156,2.70950000084022,0.0151991758563909,0.0562378005426657,ST
102.966666666667,-1.26626861095428,-0.795530140399933,11.7349672317505,0.891773998737335,1.31098401546478,1.05945801734924,-953.100036621094,-0.900000035762787,-911.700012207031,2.70742243940856,-0.0886537505243824,0.0643923404242014,ST
103.0,-0.193200185894966,-0.992319166660309,11.9718313217163,0.0381099991500378,-0.304879993200302,-0.190549999475479,-965.100036621094,-2.70000004768372,-916.500061035156,2.70868162070281,-0.0302795850482292,0.0789824102395126,ST
103.033333333333,0.48150509595871,-1.22679126262665,10.6248140335083,-0.198172003030777,-2.04269599914551,-0.556405961513519,-977.100036621094,-9.90000057220459,-911.700012207031,2.70948520272188,0.0327080022863451,0.107975292991715,ST
103.066666666667,1.09340536594391,-0.727341830730438,8.20771789550781,-0.518296003341675,-1.62348592281342,-1.12043392658234,-969.900024414062,-6.30000019073486,-902.100036621094,2.71286141104794,0.114307580555359,0.0930040418849946,ST
103.1,0.878672003746033,-0.919943869113922,7.91103887557983,-0.243903994560242,0.342989981174469,-0.708845973014832,-960.300048828125,-2.10000014305115,-906.900024414062,2.71255567577193,0.11040679866434,0.111404541986136,ST
103.133333333333,-0.0675901547074318,-1.61199533939362,9.09954929351807,-0.495429992675781,1.30336201190948,-0.609759986400604,-957.900024414062,2.70000004768372,-916.500061035156,2.71118102000461,0.0148260338722852,0.163148837430371,ST
103.166666666667,-0.795530140399933,-1.81596207618713,9.32744121551514,-0.823175966739655,1.12805593013763,-1.10518991947174,-948.300048828125,4.5,-906.900024414062,2.71470548304515,-0.0649437106874827,0.187627751050422,ST
103.2,-1.07127404212952,-1.48399269580841,10.075119972229,-0.87652999162674,1.05183601379395,-1.18140995502472,-953.100036621094,-2.70000004768372,-909.300048828125,2.71505404049034,-0.097964523552689,0.155999565144756,ST
103.233333333333,-0.790146887302399,-1.54560148715973,10.5201387405396,-0.327746003866196,-1.08232402801514,0.602137982845306,-955.500061035156,-2.70000004768372,-909.300048828125,2.71256857553419,-0.0776037657280227,0.148279746579678,ST
103.266666666667,-0.24882747232914,-1.38470101356506,9.64505577087402,-0.0685980021953583,-1.53202199935913,0.769822001457214,-953.100036621094,-3.90000009536743,-918.900024414062,2.71004295472357,-0.0340710261432062,0.1437701255204,ST
103.3,1.11434030532837,-1.26507234573364,9.58225059509277,0.0381099991500378,-1.6844619512558,1.34147191047668,-943.500061035156,2.10000014305115,-918.900024414062,2.70631818798784,0.0934314591530949,0.133377033189837,ST
103.333333333333,1.55397546291351,-1.1837249994278,8.60907173156738,0.739333987236023,-1.76830399036407,1.35671591758728,-945.900024414062,-4.5,-909.300048828125,2.70200370621278,0.164276251786108,0.135330384744326,ST
103.366666666667,0.773997008800507,-0.724949300289154,9.28377723693848,1.6844619512558,-0.594515979290009,1.6615959405899,-957.900024414062,-7.50000047683716,-914.100036621094,2.70389280601161,0.099941023077342,0.0873835783955814,ST
103.4,1.04675018787384,-0.655564725399017,8.50619125366211,2.18751406669617,-0.548784017562866,2.12653803825378,-962.700012207031,-3.30000019073486,-928.500061035156,2.69959167725139,0.11814757809426,0.0763184034194501,ST
103.433333333333,0.178246602416039,-0.769211888313293,8.98470592498779,1.82927989959717,1.02134799957275,2.27135586738586,-955.500061035156,-1.5,-906.900024414062,2.69321879949876,0.0335154975145891,0.0815088691855259,ST
103.466666666667,0.0233275759965181,-0.450401663780212,8.99068737030029,1.12805593013763,1.62348592281342,1.79879200458527,-965.100036621094,-4.5,-911.700012207031,2.68982009654168,0.0064027549216504,0.0548588156899349,ST
103.5,-0.452794224023819,-0.614890992641449,10.106822013855,1.01372599601746,1.19665396213531,2.30184388160706,-941.100036621094,-3.90000009536743,-899.700012207031,2.68476251074998,-0.0362400686329037,0.0580981893996948,ST
103.533333333333,-1.06768524646759,-1.03478729724884,12.1877613067627,1.53964400291443,0.46494197845459,2.03507399559021,-960.300048828125,-5.70000028610229,-916.500061035156,2.6814396923236,-0.0776730947724713,0.0770032081965709,ST
103.566666666667,0.170470744371414,-1.20465993881226,10.02308177948,0.670735955238342,-0.457319974899292,1.44055795669556,-953.100036621094,-6.30000019073486,-904.500061035156,2.67941474341348,-0.0017748310766817,0.110050627374616,ST
103.6,0.741099119186401,-1.26626861095428,9.78801155090332,0.0228659994900227,-0.861285984516144,1.28049600124359,-967.500061035156,-6.30000019073486,-904.500061035156,2.67559641228648,0.0622430347688536,0.12538134901219,ST
103.633333333333,1.19748222827911,-1.05213344097137,7.69451141357422,-0.304879993200302,-1.48628997802734,0.541162014007568,-960.300048828125,-11.1000003814697,-914.100036621094,2.67310885726676,0.136629096652187,0.134318254851219,ST
103.666666666667,1.11434030532837,-1.10895705223083,8.48645210266113,0.152439996600151,-0.945127964019775,0.87652999162674,-955.500061035156,-0.300000011920929,-930.900024414062,2.67107445027314,0.131866911739023,0.130643934678453,ST
103.7,1.31471824645996,-0.851157426834106,8.6144552230835,1.53964400291443,-1.62348592281342,1.12043392658234,-962.700012207031,-8.10000038146973,-904.500061035156,2.67146400713344,0.149010841032953,0.103093951564386,ST
103.733333333333,0.342735916376114,-0.427672237157822,9.87354564666748,2.37806391716003,-0.0609759986400604,1.59299790859222,-957.900024414062,-8.70000076293945,-921.300048828125,2.67250715652478,0.057694872774911,0.052186518952537,ST
103.766666666667,0.333165645599365,-0.194396466016769,10.0093240737915,2.13416004180908,-0.152439996600151,1.78354799747467,-962.700012207031,-4.5,-902.100036621094,2.6693198069133,0.0377646342460349,0.0223182855593937,ST
103.8,-0.425877809524536,-0.0155517170205712,10.2085056304932,1.52439999580383,-0.754577994346619,2.03507399559021,-972.300048828125,-5.10000038146973,-914.100036621094,2.66455880992339,-0.025568304458371,0.0033112629788734,ST
103.833333333333,-0.837400138378143,-0.0705808699131012,10.3771820068359,0.868907988071442,0.114329993724823,1.83690190315247,-960.300048828125,-13.5000009536743,-909.300048828125,2.66024900226396,-0.0708839427106637,0.0047835678538979,ST
103.866666666667,-0.102282449603081,-0.524571359157562,9.83287239074707,-0.0304879993200302,-0.0914639979600906,1.6844619512558,-955.500061035156,-9.90000057220459,-918.900024414062,2.65817254712476,-0.0225379054561213,0.0434825599422902,ST
103.9,-0.713584542274475,-0.272155046463013,9.99616527557373,-0.411587983369827,-0.670735955238342,0.800309956073761,-953.100036621094,-7.50000047683716,-904.500061035156,2.6555770338839,-0.0616240252136785,0.0306649989329418,ST
103.933333333333,0.135180309414864,-0.458177506923676,8.59411811828613,-0.632625997066498,-0.320124000310898,0.724089980125427,-972.300048828125,-7.50000047683716,-904.500061035156,2.65430981631364,0.0022997924911605,0.0501190357721296,ST
103.966666666667,0.165087461471558,-0.502440094947815,8.60667896270752,-0.525918006896973,-0.25152599811554,0.853663980960846,-972.300048828125,-6.90000009536743,-911.700012207031,2.65213563728989,0.0164319774338924,0.0576178843135289,ST
104.0,-0.32838049530983,-0.456981241703033,9.42134952545166,-0.503051996231079,0.205793991684914,1.08232402801514,-960.300048828125,-8.10000038146973,-911.700012207031,2.64963858524903,-0.0248416805645093,0.0510018238908316,ST
104.033333333333,0.136376604437828,-0.608311414718628,10.1780004501343,-0.449698001146317,0.449698001146317,1.30336201190948,-960.300048828125,-3.30000019073486,-911.700012207031,2.64676167828595,0.0049451882883868,0.0585618451423147,ST
104.066666666667,0.343932211399078,-0.683677434921265,9.57387638092041,-0.632625997066498,-0.411587983369827,0.693601965904236,-957.900024414062,-6.30000019073486,-909.300048828125,2.64488388943579,0.0304748101543801,0.0697908199873237,ST
104.1,0.348717361688614,-0.799717128276825,9.78083419799805,-0.861285984516144,-0.152439996600151,0.487807989120483,-967.500061035156,-6.90000009536743,-904.500061035156,2.64334177555385,0.034839560741533,0.0808790589570014,ST
104.133333333333,0.834409415721893,-1.06110560894012,10.7737512588501,-1.19665396213531,-0.259148001670837,0.541162014007568,-960.300048828125,-7.50000047683716,-911.700012207031,2.64124076106502,0.0701627658708364,0.0970547026924892,ST
104.166666666667,0.905588448047638,-0.87687760591507,8.31478500366211,-0.411587983369827,-0.92988395690918,0.106707997620106,-960.300048828125,-14.7000007629395,-923.700012207031,2.64026402162306,0.101560550049058,0.104053983441303,ST
104.2,0.497654944658279,-1.01504862308502,10.0135116577148,-0.396344006061554,0.87652999162674,0.586893975734711,-967.500061035156,-7.50000047683716,-902.100036621094,2.63925583620485,0.0568023408560561,0.102163302733458,ST
104.233333333333,0.977365612983704,-0.836203873157501,9.44886493682861,-0.792688012123108,-0.518296003341675,0.274392008781433,-957.900024414062,-3.90000009536743,-914.100036621094,2.63939200860952,0.0951855478822995,0.091938162637986,ST
104.266666666667,1.23396897315979,-0.425279647111893,8.64675521850586,-0.647870004177094,-1.34147191047668,0.724089980125427,-965.100036621094,-2.10000014305115,-911.700012207031,2.64149059317359,0.135165751138638,0.0579033206913918,ST
104.3,1.43374872207642,-0.368456065654755,9.1868782043457,-0.518296003341675,-0.815553963184357,1.13567793369293,-960.300048828125,-6.90000009536743,-899.700012207031,2.64073351414163,0.152525223791673,0.0440882277237049,ST
104.333333333333,1.54919028282166,-0.66034984588623,8.5785665512085,-0.442075997591019,-0.259148001670837,0.724089980125427,-960.300048828125,-4.5,-909.300048828125,2.63474161875523,0.173601325146334,0.071391613850959,ST
104.366666666667,-0.151928320527077,-0.586778283119202,9.39204120635986,0.0762199983000755,1.39482593536377,0.137196004390717,-967.500061035156,-9.90000057220459,-916.500061035156,2.63532764098312,0.0138231924828364,0.0638567780615638,ST
104.4,0.156115308403969,-0.811081886291504,10.8222007751465,-1.08994603157043,0.320124000310898,-0.861285984516144,-957.900024414062,-7.50000047683716,-909.300048828125,2.63725051519025,0.0139105271435922,0.0741013530607239,ST
104.433333333333,0.336754500865936,-0.762632310390472,9.72520637512207,-1.00610399246216,-1.08994603157043,-0.99848198890686,-960.300048828125,-0.900000035762787,-914.100036621094,2.63929716593987,0.0319772134766947,0.0787906133116843,ST
104.466666666667,-0.485692083835602,-1.02641332149506,9.63488674163818,-0.67835795879364,0.586893975734711,-0.594515979290009,-957.900024414062,-6.30000019073486,-909.300048828125,2.64080744462616,-0.0342651456792185,0.10157533379183,ST
104.5,0.0179442893713713,-1.49296486377716,11.621319770813,-1.92074394226074,0.495429992675781,-1.02134799957275,-962.700012207031,-8.10000038146973,-906.900024414062,2.64366182591579,-0.0062093061333372,0.125193079211292,ST
104.533333333333,1.00188946723938,-1.29318511486053,9.40639591217041,-2.24086785316467,-1.6844619512558,-1.87501192092896,-965.100036621094,-5.10000038146973,-914.100036621094,2.64715658199516,0.0853078854709623,0.137345847213306,ST
104.566666666667,1.02581524848938,-1.1155366897583,8.4350118637085,-1.6615959405899,-0.731711983680725,-1.60061991214752,-948.300048828125,-3.30000019073486,-916.500061035156,2.65120117010324,0.114306622473839,0.134777909068444,ST
104.6,1.02222633361816,-1.24473547935486,9.43989276885986,-0.899396002292633,1.08232402801514,-0.457319974899292,-948.300048828125,0.900000035762787,-904.500061035156,2.65299442404944,0.107021995099449,0.133004772365658,ST
104.633333333333,0.14355431497097,-1.33505511283875,8.18259620666504,-0.175305992364883,1.06708002090454,-0.411587983369827,-962.700012207031,-5.10000038146973,-923.700012207031,2.65276588736062,0.0309476224666722,0.157161081434521,ST
104.666666666667,-0.754856407642365,-1.54500329494476,9.50808048248291,0.0838419944047928,3.3613018989563,-1.03659200668335,-960.300048828125,0.900000035762787,-921.300048828125,2.65639523245011,-0.0605702876336622,0.160272094019843,ST
104.7,-0.343334078788757,-1.34103655815125,11.7008724212646,-1.19665396213531,0.106707997620106,-1.47866797447205,-943.500061035156,3.90000009536743,-906.900024414062,2.65798101728859,-0.0353523702929131,0.12516946793553,ST
104.733333333333,0.323595345020294,-0.981552600860596,9.98001575469971,-0.564027965068817,-2.85824990272522,-1.16616594791412,-943.500061035156,6.90000009536743,-918.900024414062,2.65975410658837,0.0227627756289508,0.104304788211241,ST
104.766666666667,0.97258049249649,-1.02521705627441,9.32684326171875,-0.0762199983000755,-1.14329993724823,-0.0609759986400604,-943.500061035156,6.30000019073486,-909.300048828125,2.6593878536633,0.0886318532281311,0.108559305542849,ST
104.8,1.41221559047699,-0.68965882062912,9.94891166687012,0.449698001146317,-0.175305992364883,0.282013982534409,-943.500061035156,-1.5,-928.500061035156,2.66208735928575,0.130406461985813,0.0766140367207559,ST
104.833333333333,0.96659904718399,-0.529954671859741,8.50977993011475,0.823175966739655,-0.0914639979600906,0.708845973014832,-943.500061035156,2.70000004768372,-897.300048828125,2.66176704142512,0.116476731868992,0.0640709612989503,ST
104.866666666667,0.771604418754578,-0.221312895417213,7.94991827011108,0.647870004177094,1.02134799957275,0.190549999475479,-953.100036621094,-3.90000009536743,-904.500061035156,2.66457612659281,0.0985495242023008,0.0329849546230594,ST
104.9,0.360082060098648,-0.41451308131218,8.36024475097656,0.67835795879364,1.09756803512573,-0.274392008781433,-950.700012207031,-4.5,-906.900024414062,2.66429258762645,0.0507432541030396,0.0457590613877967,ST
104.933333333333,-0.853550016880035,-0.314623206853867,10.9262781143188,1.27287399768829,1.31098401546478,-0.663114011287689,-941.100036621094,-3.90000009536743,-918.900024414062,2.6659145573299,-0.0537307984037238,0.0304778282245431,ST
104.966666666667,-0.60651695728302,-0.183031752705574,11.4484567642212,1.40244793891907,0.975615978240967,-1.2347639799118,-943.500061035156,1.5,-902.100036621094,2.66825628801966,-0.0544071791304754,0.0170469961312174,ST
105.0,-0.221911042928696,-0.0011962859425693,10.2814798355103,0.716467976570129,0.0076219998300075,-1.58537602424622,-914.700012207031,-3.90000009536743,-902.100036621094,2.67159009832366,-0.0274376317124404,0.002193324451108,ST
105.033333333333,-0.345128506422043,0.0305052921175957,10.4938201904297,-0.0457319989800453,-0.121951997280121,-1.28049600124359,-938.700012207031,0.900000035762787,-926.100036621094,2.67459363675774,-0.0317317142648798,-0.0018751002950936,ST
105.066666666667,0.279930919408798,-0.0448607243597507,8.61026763916016,-0.617381989955902,0.0381099991500378,-1.40244793891907,-933.900024414062,-3.30000019073486,-906.900024414062,2.6778554690359,0.0194970589880229,0.004639577907679,ST
105.1,1.06469452381134,-0.836203873157501,9.51645469665527,-2.08842802047729,-0.861285984516144,-2.03507399559021,-948.300048828125,2.10000014305115,-902.100036621094,2.67905881117017,0.0979899231623078,0.0773230249152609,ST
105.133333333333,1.26208162307739,-0.053234726190567,8.95479869842529,-1.265251994133,-2.31708788871765,-2.19513607025146,-931.500061035156,5.10000038146973,-902.100036621094,2.69060182163542,0.134955435213432,0.021818452090896,ST
105.166666666667,0.998300611972809,-0.796128273010254,9.34538555145264,-0.190549999475479,-0.106707997620106,-1.12043392658234,-941.100036621094,-2.10000014305115,-921.300048828125,2.68696781235703,0.11181292033171,0.0731088836663679,ST
105.2,1.06828331947327,-0.0663938671350479,9.4907341003418,-0.335367977619171,-0.663114011287689,-1.44817996025085,-929.100036621094,-0.300000011920929,-904.500061035156,2.69674579184741,0.113122732435564,0.0183509849660745,TR
105.233333333333,0.352904349565506,-0.0496458671987057,9.46501445770264,-0.243903994560242,-0.442075997591019,0.144817993044853,-931.500061035156,8.10000038146973,-916.500061035156,2.69728399266498,0.0514521924005404,0.0079438657282613,TR
105.266666666667,0.534739792346954,0.110656447708607,9.93036937713623,-0.663114011287689,-0.548784017562866,-0.274392008781433,-938.700012207031,3.90000009536743,-921.300048828125,2.69875091720737,0.0540882535515764,-0.0063921801969404,TR
105.3,1.17236018180847,0.142956167459488,8.60129547119141,-0.503051996231079,-0.579271972179413,-0.221037998795509,-919.500061035156,3.30000019073486,-909.300048828125,2.70002203982196,0.119840094272443,-0.0138677046152095,TR
105.333333333333,-0.1722651720047,-0.0257201474159956,10.732479095459,0.586893975734711,1.21951997280121,-0.541162014007568,-936.300048828125,7.50000047683716,-921.300048828125,2.70036885667211,0.0097079081434734,-0.0017242910559712,TR
105.366666666667,0.345726639032364,-0.0155517170205712,9.66300010681152,0.579271972179413,1.265251994133,-1.6920839548111,-929.100036621094,6.30000019073486,-906.900024414062,2.70455235405242,0.0295512729087084,0.0001519109803497,TR
105.4,-0.253612607717514,0.483897656202316,9.88251781463623,0.121951997280121,1.41769194602966,-2.62196803092957,-929.100036621094,0.300000011920929,-902.100036621094,2.71078228389232,-0.0165598456617421,-0.0391963550812192,TR
105.433333333333,-0.594554126262665,0.731528878211975,11.0213823318481,0.0381099991500378,1.29574000835419,-2.29422187805176,-926.700012207031,4.5,-906.900024414062,2.71521438218953,-0.0482449170148026,-0.0607512253204394,TR
105.466666666667,0.205163031816483,0.505430817604065,9.17551326751709,-0.160062000155449,0.777444005012512,-3.09453201293945,-929.100036621094,5.10000038146973,-906.900024414062,2.7223179579683,0.0067579178815702,-0.0559088723440289,TR
105.5,0.326586067676544,0.480906963348389,9.89627552032471,-0.777444005012512,0.388722002506256,-4.57319974899292,-917.100036621094,4.5,-906.900024414062,2.73333585591714,0.0273787672714044,-0.0488879844481397,TR
105.533333333333,0.528758406639099,-0.182433605194092,9.32684326171875,-0.640248000621796,0.198172003030777,-4.97716569900513,-914.700012207031,6.30000019073486,-906.900024414062,2.74361929287021,0.051359485359737,0.0086601674622626,TR
105.566666666667,0.803904175758362,-0.135778456926346,9.13483905792236,-1.02897000312805,0.25152599811554,-5.82320785522461,-905.100036621094,8.10000038146973,-914.100036621094,2.75678268996824,0.0801750578141341,0.0144776706311035,TR
105.6,0.92173832654953,0.122619308531284,11.111701965332,-1.22714197635651,-0.724089980125427,-4.984787940979,-900.300048828125,4.5,-906.900024414062,2.77001737750575,0.0832672272633169,-0.0047517691730191,TR
105.633333333333,1.15082705020905,-0.304454773664474,9.0911750793457,-0.381099998950958,-0.571649968624115,-4.95429992675781,-926.700012207031,11.1000003814697,-899.700012207031,2.77928839197068,0.119654601241934,0.0268098227406623,TR
105.666666666667,0.495860517024994,-0.52636581659317,9.66300010681152,-0.419209986925125,1.76068198680878,-5.22869205474854,-917.100036621094,6.30000019073486,-899.700012207031,2.79055915542804,0.0604666419216362,0.0497951489828079,TR
105.7,-0.235070183873177,-0.552085936069489,11.5788516998291,-0.670735955238342,1.12043392658234,-4.42075967788696,-909.900024414062,11.1000003814697,-904.500061035156,2.80185755374047,-0.0080194478224263,0.0488870498180793,TR
105.733333333333,0.61548912525177,-0.848166704177856,9.80595588684082,-1.17378795146942,-0.853663980960846,-4.49697971343994,-909.900024414062,14.1000003814697,-899.700012207031,2.81146977201838,0.0498481816414332,0.0801871302865993,TR
105.766666666667,0.897214472293854,-1.38171029090881,8.71195220947266,-2.12653803825378,0.899396002292633,-4.1997218132019,-902.700012207031,12.9000005722046,-904.500061035156,2.81715232255292,0.0904585848719205,0.144190346623565,TR
105.8,0.476719945669174,-1.37991583347321,9.341796875,-2.27135586738586,1.98934197425842,-3.98630595207214,-902.700012207031,14.7000007629395,-918.900024414062,2.82691685552745,0.05658132855544,0.148918560754613,TR
105.833333333333,-0.0986935868859291,-1.39905643463135,10.6774501800537,-1.73781597614288,1.73781597614288,-3.42989993095398,-902.700012207031,20.1000003814697,-902.100036621094,2.83579303164221,0.0023666237898541,0.136362106783185,TR
105.866666666667,0.709995687007904,-1.36615860462189,8.62462329864502,-1.21189796924591,0.144817993044853,-3.14026403427124,-897.900024414062,17.7000007629395,-887.700012207031,2.84309622622137,0.0683585163332887,0.155171963969362,TR
105.9,-0.395970642566681,-0.564048826694489,9.82031154632568,-0.266770005226135,0.807931959629059,-2.13416004180908,-890.700012207031,19.5,-892.500061035156,2.85051795962981,-0.0228255067537508,0.0742234832676842,TR
105.933333333333,0.0011962859425693,-0.354698777198792,9.53679180145264,0.663114011287689,1.10518991947174,-0.670735955238342,-914.700012207031,21.3000011444092,-892.500061035156,2.8517934260325,-0.0059883397785028,0.04373080732175,TR
105.966666666667,0.543113827705383,0.236864611506462,8.95719146728516,1.12043392658234,0.259148001670837,-0.503051996231079,-900.300048828125,27.3000011444092,-892.500061035156,2.85408396692135,0.046773067904174,-0.0138304250967928,TR
106.0,0.765024840831757,0.858933329582214,8.9536018371582,2.14940404891968,0.518296003341675,0.0,-897.900024414062,24.9000015258789,-892.500061035156,2.85792961449792,0.0764848928379721,-0.0820891271239412,TR
106.033333333333,0.535936117172241,1.12809765338898,9.88790130615234,2.17227005958557,0.342989981174469,-0.815553963184357,-902.700012207031,21.3000011444092,-880.500061035156,2.8614832523099,0.0569974970387833,-0.111543245138953,TR
106.066666666667,0.230883181095123,1.26327800750732,10.6301965713501,1.73781597614288,0.221037998795509,-1.6692179441452,-897.900024414062,26.7000007629395,-899.700012207031,2.86540569970739,0.0281316415995379,-0.119438566793122,TR
106.1,0.524571359157562,1.33026993274689,9.80595588684082,1.12805593013763,0.442075997591019,-1.92074394226074,-888.300048828125,18.3000011444092,-887.700012207031,2.87009185098351,0.0470020909996743,-0.133406524505479,TR
106.133333333333,0.78775429725647,1.01265609264374,10.0320539474487,0.152439996600151,0.571649968624115,-2.04269599914551,-897.900024414062,20.7000007629395,-885.300048828125,2.87316988916717,0.0709604191682216,-0.107231840131551,TR
106.166666666667,1.06170380115509,1.06170380115509,10.0876808166504,0.495429992675781,0.198172003030777,-2.23324584960938,-895.500061035156,24.3000011444092,-902.100036621094,2.87849144267173,0.098064896485691,-0.106267314314553,TR
106.2,1.40623414516449,0.686069965362549,9.67556095123291,0.663114011287689,1.52439999580383,-2.56099200248718,-883.500061035156,18.3000011444092,-902.100036621094,2.88095192048977,0.133289134517075,-0.0785405259441923,TR
106.233333333333,1.31531643867493,0.952243626117706,9.43869590759277,-0.0838419944047928,1.84452390670776,-4.67990779876709,-895.500061035156,31.5000019073486,-890.100036621094,2.89368788736875,0.13372655705331,-0.096830406392627,TR
106.266666666667,0.445018380880356,1.07486295700073,10.3412942886353,-0.0914639979600906,1.77592599391937,-5.40399789810181,-897.900024414062,28.5000019073486,-887.700012207031,2.90618995981063,0.0579162913167705,-0.102725947957468,TR
106.3,0.254210770130157,0.988132178783417,10.9101276397705,0.0457319989800453,1.76068198680878,-5.97564792633057,-900.300048828125,31.5000019073486,-885.300048828125,2.91906835204816,0.0269539421721025,-0.0931963751002816,TR
106.333333333333,0.888242304325104,1.20406174659729,9.83705902099609,-0.548784017562866,1.03659200668335,-6.98937368392944,-895.500061035156,37.5,-882.900024414062,2.93703170080123,0.0756710911693215,-0.11645696835876,TR
106.366666666667,0.933103024959564,1.00787091255188,10.4184541702271,-0.579271972179413,0.92988395690918,-6.85979986190796,-883.500061035156,35.7000007629395,-887.700012207031,2.95128669992204,0.08394209236499,-0.100430959517733,TR
106.4,0.891233026981354,0.809287428855896,12.7703523635864,-0.548784017562866,0.564027965068817,-7.33998584747314,-890.700012207031,36.3000030517578,-892.500061035156,2.96577218748716,0.0708320711971581,-0.07077321452767,TR
106.433333333333,2.62345504760742,1.14843451976776,10.8186120986938,-0.701223969459534,-1.43293595314026,-7.68297576904297,-883.500061035156,41.7000007629395,-875.700012207031,2.98895314597855,0.207951901250278,-0.100157216611197,TR
106.466666666667,2.84955310821533,0.917551338672638,10.4268283843994,-0.358233988285065,-0.3125019967556,-7.37047386169434,-876.300048828125,40.5,-890.100036621094,3.00482883731094,0.254910944984637,-0.0920815638957893,TR
106.5,2.83699202537537,0.773398876190186,9.84961986541748,-0.205793991684914,1.78354799747467,-8.44517612457275,-893.100036621094,48.3000030517578,-875.700012207031,3.02121566322689,0.271148271959682,-0.0839907408562351,TR
106.533333333333,1.87517821788788,0.299669623374939,10.6511316299438,-0.137196004390717,2.15702605247498,-7.83541584014893,-893.100036621094,42.3000030517578,-880.500061035156,3.02876231312964,0.190217001139151,-0.0414123105948073,TR
106.566666666667,1.78485858440399,0.608311414718628,10.9884843826294,-0.548784017562866,1.51677799224854,-8.33084583282471,-881.100036621094,39.3000030517578,-873.300048828125,3.04986162442956,0.164033165397205,-0.0537642301701189,TR
106.6,1.17475283145905,0.308043628931046,11.2355175018311,0.983237981796265,3.3613018989563,-7.96498966217041,-893.100036621094,48.3000030517578,-868.500061035156,3.06535415482095,0.110300144140841,-0.0352132884025156,TR
106.633333333333,0.725547432899475,0.720762252807617,11.1111040115356,1.29574000835419,3.71953582763672,-9.13877773284912,-881.100036621094,47.7000007629395,-866.100036621094,3.08925424534618,0.0671355787397596,-0.0624268915259017,TR
106.666666666667,0.779380261898041,0.877475738525391,9.98360443115234,0.594515979290009,2.64483404159546,-9.35219383239746,-873.900024414062,44.1000022888184,-873.300048828125,3.11166059485597,0.0708342720504962,-0.0842866073199108,TR
106.7,0.279930919408798,0.486888378858566,10.6236171722412,0.0838419944047928,2.74391984939575,-8.99395942687988,-888.300048828125,54.9000015258789,-866.100036621094,3.13032708004032,0.0306603895953953,-0.0542232247272297,TR
106.733333333333,-0.376830071210861,0.208751901984215,10.7420492172241,-0.144817993044853,2.99544596672058,-9.39030361175537,-881.100036621094,51.9000015258789,-849.300048828125,-3.13025747747335,-0.0280928364055095,-0.02534505392389,TR
106.766666666667,-0.871494293212891,0.142358019948006,11.1876659393311,0.0152439996600151,2.72105383872986,-8.74243354797363,-900.300048828125,54.3000030517578,-849.300048828125,-3.10849341720732,-0.0730006029524043,-0.0142911403459477,TR
106.8,-0.0131591456010938,0.0394774377346039,10.1325416564941,-0.137196004390717,1.37195992469788,-7.9954776763916,-888.300048828125,59.7000007629395,-842.100036621094,-3.08973340493808,-0.0177648163278856,-0.0053720254406226,TR
106.833333333333,0.766221165657043,-0.679490387439728,10.0410261154175,-0.3125019967556,0.792688012123108,-6.74547004699707,-907.500061035156,56.1000022888184,-839.700012207031,-3.07440570123815,0.0584197559419125,0.0546243024886336,TR
106.866666666667,0.821848452091217,-0.632835268974304,10.6505336761475,0.0152439996600151,0.46494197845459,-7.22565603256226,-909.900024414062,61.5000038146973,-834.900024414062,-3.0579620342388,0.0730802882512409,0.0576900366975367,TR
106.9,0.342735916376114,-0.193200185894966,9.41776084899902,1.31860601902008,0.960371971130371,-5.8536958694458,-921.900024414062,56.1000022888184,-854.100036621094,-3.04147072576134,0.041443132650541,0.0243782583922476,TR
106.933333333333,0.36725977063179,0.579002380371094,8.64555835723877,2.19513607025146,1.64635193347931,-4.76375007629395,-917.100036621094,50.1000022888184,-830.100036621094,-3.02693562635733,0.0396850666676892,-0.0539830917335639,TR
106.966666666667,-0.468345940113068,-0.782370984554291,7.53062009811401,1.21189796924591,1.6615959405899,-2.70580983161926,-917.100036621094,55.5000038146973,-832.500061035156,-3.01987058163643,-0.0458802624807437,0.0735257355342205,TR
107.0,-2.36146855354309,-0.669920146465302,9.68094444274902,-0.480185985565186,3.61282801628113,-3.21648383140564,-919.500061035156,56.7000007629395,-851.700012207031,-3.01164434216154,-0.211063915980139,0.0714152527131895,TR
107.033333333333,-1.84527111053467,-0.91575688123703,11.0213823318481,-0.541162014007568,2.75154185295105,-2.24848985671997,-919.500061035156,51.3000030517578,-832.500061035156,-3.00429360871994,-0.178127764950443,0.0820167624782609,TR
107.066666666667,-0.79672646522522,-0.919345736503601,9.75451564788818,0.137196004390717,0.518296003341675,-3.47563195228577,-919.500061035156,57.9000015258789,-834.900024414062,-2.99485585747046,-0.101002355798099,0.092046238933699,TR
107.1,-0.986337780952454,-0.800913453102112,9.55114650726318,1.35671591758728,1.78354799747467,-3.3689239025116,-933.900024414062,60.9000015258789,-830.100036621094,-2.98707224905911,-0.104353898101581,0.0838454216463709,TR
107.133333333333,-1.15082705020905,-0.257799625396729,8.13474464416504,2.08842802047729,1.96647596359253,-2.9116039276123,-933.900024414062,53.1000022888184,-842.100036621094,-2.98441303588386,-0.137059998991695,0.0379892286455425,TR
107.166666666667,-1.24533367156982,-0.180041030049324,8.77655220031738,1.92836594581604,2.38568592071533,-1.31860601902008,-919.500061035156,57.9000015258789,-832.500061035156,-2.98266764417832,-0.143690213300893,0.0209274295388965,TR
107.2,-1.17893981933594,-0.337950766086578,9.74315071105957,2.10367202758789,0.846041977405548,-0.83841997385025,-917.100036621094,48.9000015258789,-815.700012207031,-2.97885512539533,-0.125943506491566,0.0292614661261906,TR
107.233333333333,-0.300267785787582,-0.15312460064888,9.21558856964111,2.5000159740448,-0.0914639979600906,-0.6250039935112,-929.100036621094,50.7000007629395,-842.100036621094,-2.97811139431505,-0.0512612942992218,0.0157461429135948,TR
107.266666666667,0.099889874458313,-0.279332756996155,8.417067527771,2.33995389938354,-0.342989981174469,-0.0762199983000755,-933.900024414062,57.9000015258789,-834.900024414062,-2.97753648345409,-0.0003880333015583,0.0264062179347165,TR
107.3,-0.153722748160362,-0.232079476118088,8.76937389373779,1.72257196903229,0.266770005226135,0.0990860015153885,-926.700012207031,58.5000038146973,-825.300048828125,-2.97775369175152,-0.0150378555579484,0.0239464291691874,TR
107.333333333333,-0.388792932033539,-0.584385693073273,9.01162242889404,1.40244793891907,0.632625997066498,0.167683988809586,-936.300048828125,54.9000015258789,-818.100036621094,-2.97714819166631,-0.0392620498272597,0.0558590617831394,TR
107.366666666667,-0.28112718462944,-0.880466461181641,9.5864372253418,1.21951997280121,0.327746003866196,-0.228659987449646,-941.100036621094,55.5000038146973,-827.700012207031,-2.97551916178856,-0.0316609636792702,0.0827019802960467,TR
107.4,-0.757248997688293,-1.05990934371948,9.73956203460693,1.96647596359253,-0.403965979814529,0.167683988809586,-948.300048828125,53.7000007629395,-825.300048828125,-2.97488593289825,-0.0674357229885965,0.100451347639995,TR
107.433333333333,-0.499449372291565,-1.1597992181778,9.74075794219971,1.79879200458527,-0.564027965068817,0.121951997280121,-938.700012207031,62.1000022888184,-832.500061035156,-2.97433288789121,-0.0534488735759646,0.112352063049033,TR
107.466666666667,-0.147741317749023,-1.06648886203766,9.07502555847168,1.53202199935913,-1.04421401023865,0.670735955238342,-945.900024414062,56.7000007629395,-837.300048828125,-2.97594628128057,-0.0223415964639471,0.113882191595589,TR
107.5,0.228490620851517,-0.490477234125137,9.46441650390625,1.92074394226074,-1.02134799957275,1.60061991214752,-945.900024414062,51.9000015258789,-837.300048828125,-2.97997753135414,0.0159825376566662,0.0616370295092561,TR
107.533333333333,1.01803934574127,-0.999496877193451,9.64565372467041,1.71494996547699,-1.79879200458527,2.17227005958557,-948.300048828125,56.7000007629395,-839.700012207031,-2.98711349774535,0.088976179666805,0.0926291782008827,ST
107.566666666667,1.00009500980377,-0.55567479133606,10.2796850204468,1.30336201190948,-3.04879999160767,1.32622802257538,-950.700012207031,52.5000038146973,-844.500061035156,-2.98804762455991,0.0996758295234375,0.0592442128329043,ST
107.6,0.593357801437378,0.0155517170205712,9.38426494598389,1.98171997070312,-2.5152599811554,2.05031800270081,-948.300048828125,51.9000015258789,-832.500061035156,-2.98921251235146,0.0728819094501856,0.0059137108242283,ST
107.633333333333,-0.38939106464386,0.598142981529236,8.91831207275391,3.13264203071594,-0.0304879993200302,3.12502002716064,-943.500061035156,49.5000038146973,-856.500061035156,-2.99564763601314,-0.0237227618361248,-0.0592240928634315,ST
107.666666666667,-0.477318078279495,0.448607236146927,10.1462993621826,1.85976791381836,-0.708845973014832,3.46800994873047,-933.900024414062,57.3000030517578,-856.500061035156,-3.00309417846909,-0.0410358740280468,-0.0499771436870197,ST
107.7,-0.540721237659454,0.777585864067078,9.61993312835693,1.46342396736145,-1.2423859834671,2.78965187072754,-933.900024414062,53.7000007629395,-842.100036621094,-3.01039507667742,-0.0509738827490109,-0.0766849050581386,ST
107.733333333333,-0.727341830730438,0.547300815582275,9.40938663482666,0.67835795879364,0.297257989645004,2.46190595626831,-938.700012207031,42.3000030517578,-858.900024414062,-3.01562081536867,-0.0728393463599598,-0.062445913217754,ST
107.766666666667,-0.659751713275909,0.177648469805717,10.3658180236816,-0.297257989645004,-0.213415995240211,0.358233988285065,-924.300048828125,47.1000022888184,-844.500061035156,-3.01393188613211,-0.0648972926745266,-0.0248304150622912,ST
107.8,-1.02222633361816,0.333763778209686,10.0601663589478,-0.137196004390717,-1.09756803512573,-0.0609759986400604,-931.500061035156,49.5000038146973,-844.500061035156,-3.01425562203345,-0.0927684397678915,-0.0313734814433955,ST
107.833333333333,-0.708799421787262,0.0586180128157139,9.90584564208984,0.236281991004944,-0.83841997385025,-0.297257989645004,-924.300048828125,45.3000030517578,-839.700012207031,-3.01181177447929,-0.0745757726258617,-0.0113343280488428,ST
107.866666666667,0.0352904349565506,-0.276940196752548,9.18269062042236,-0.46494197845459,-1.58537602424622,-0.967993974685669,-924.300048828125,48.3000030517578,-861.300048828125,-3.00822214579527,-0.0097608218264874,0.0224914120731875,ST
107.9,0.440831363201141,-0.159704178571701,8.03126525878906,-0.769822001457214,-1.94360995292664,-1.21951997280121,-919.500061035156,50.1000022888184,-839.700012207031,-3.00546289975983,0.0445472514137487,0.0214446988592795,ST
107.933333333333,0.288903057575226,-0.431859225034714,8.39433860778809,-1.12805593013763,-1.36433792114258,-1.32622802257538,-929.100036621094,43.5,-861.300048828125,-3.00346457129814,0.0383835677347131,0.0468664322699026,ST
107.966666666667,-0.0305052921175957,-0.504234552383423,10.1809911727905,-0.754577994346619,-0.571649968624115,-0.800309956073761,-933.900024414062,46.5,-856.500061035156,-3.00160959119299,0.0052701392729571,0.0500835892677356,ST
108.0,0.171068891882896,-0.337950766086578,8.32076644897461,-0.236281991004944,-0.983237981796265,-1.01372599601746,-948.300048828125,45.3000030517578,-873.300048828125,-2.99928769218277,0.0188959196443385,0.0428166696569227,ST
108.033333333333,-0.0598142966628075,-0.717173397541046,9.99078178405762,-0.632625997066498,0.762199997901917,-0.632625997066498,-936.300048828125,49.5000038146973,-851.700012207031,-2.99792632777378,-0.001967613801656,0.0667246643358524,ST
108.066666666667,-0.413316786289215,-0.48150509595871,9.30710506439209,-0.0838419944047928,0.967993974685669,-0.960371971130371,-936.300048828125,45.3000030517578,-863.700012207031,-2.99581749122198,-0.0370522562986468,0.0548759609769458,ST
108.1,-0.195592746138573,-1.02043187618256,9.81672286987305,-1.03659200668335,0.762199997901917,-1.07470202445984,-941.100036621094,45.3000030517578,-873.300048828125,-2.99205346354921,-0.0242353498613333,0.095254381380344,ST
108.133333333333,-0.316417634487152,-0.572422802448273,8.81184196472168,-0.739333987236023,-0.350611984729767,-1.46342396736145,-933.900024414062,45.3000030517578,-844.500061035156,-2.9894724702152,-0.032835362204465,0.0720849815184132,ST
108.166666666667,0.217724040150642,-0.788352429866791,9.48116397857666,-0.190549999475479,-0.335367977619171,-0.99848198890686,-936.300048828125,42.9000015258789,-849.300048828125,-2.98708378586359,0.0128862671230683,0.0811737049726138,ST
108.2,0.689060688018799,-0.790146887302399,10.0482034683228,-0.335367977619171,-1.62348592281342,-1.01372599601746,-933.900024414062,42.3000030517578,-856.500061035156,-2.98483737896014,0.060806979418113,0.0793880710717714,ST
108.233333333333,1.11314404010773,-0.368456065654755,9.29633808135986,-0.274392008781433,-2.9116039276123,-1.14329993724823,-955.500061035156,45.9000015258789,-858.900024414062,-2.97951767601928,0.113631655305562,0.0465897409252968,ST
108.266666666667,1.45468366146088,-0.238060906529427,9.37409687042236,0.106707997620106,-2.70580983161926,-1.06708002090454,-945.900024414062,49.5000038146973,-861.300048828125,-2.97508510001161,0.149615326534942,0.0293476521435585,ST
108.3,2.19458651542664,-0.0257201474159956,9.07622146606445,0.746955990791321,-2.9268479347229,-0.983237981796265,-957.900024414062,41.7000007629395,-866.100036621094,-2.96913700054485,0.223675246941756,0.0069549480047613,ST
108.333333333333,1.70949256420135,-0.154320880770683,8.64615631103516,0.724089980125427,-3.48325395584106,-0.594515979290009,-972.300048828125,45.3000030517578,-863.700012207031,-2.96984459399642,0.205781219667217,0.014492892535746,ST
108.366666666667,0.899008870124817,-0.479710668325424,9.92139720916748,0.503051996231079,-1.42531394958496,-0.0838419944047928,-969.900024414062,39.3000030517578,-861.300048828125,-2.97424390112382,0.112995271265316,0.0416314415264627,ST
108.4,0.0394774377346039,-0.721958577632904,10.2772922515869,-0.289635986089706,-1.47104597091675,-0.327746003866196,-972.300048828125,31.5000019073486,-854.100036621094,-2.97523972087605,0.0254987492416469,0.0654661623803823,ST
108.433333333333,-0.0867307335138321,-1.16099548339844,10.6080656051636,-0.731711983680725,-0.815553963184357,-0.693601965904236,-974.700012207031,37.5,-873.300048828125,-2.97414974281346,-0.0008648112754951,0.102278967120815,ST
108.466666666667,0.904990315437317,-1.03239476680756,10.294638633728,-0.701223969459534,-1.35671591758728,-2.01982998847961,-979.500061035156,42.3000030517578,-863.700012207031,-2.96947638721083,0.0737328869790433,0.101263277885935,ST
108.5,0.573020994663239,-1.23815596103668,10.2659282684326,-0.46494197845459,1.2500079870224,-0.87652999162674,-977.100036621094,37.5,-868.500061035156,-2.96792930463364,0.0567828905441845,0.117467054140349,ST
108.533333333333,0.887644171714783,-1.14903259277344,10.1116065979004,-0.685979962348938,1.37195992469788,-0.647870004177094,-989.100036621094,35.1000022888184,-866.100036621094,-2.96561556095474,0.080062164766633,0.114790321824386,ST
108.566666666667,1.51569426059723,-0.892429292201996,8.75980377197266,-0.46494197845459,0.152439996600151,0.160062000155449,-993.900024414062,34.5,-873.300048828125,-2.96463836341453,0.154071548558284,0.104636382346144,ST
108.6,1.27703523635864,-0.865512907505035,9.29633808135986,0.426831990480423,0.37347799539566,0.495429992675781,-991.500061035156,41.1000022888184,-868.500061035156,-2.96437066909838,0.139005415905758,0.0947066180629902,ST
108.633333333333,1.73521280288696,-1.00129127502441,8.12098693847656,0.884151995182037,0.167683988809586,0.243903994560242,-998.700012207031,31.5000019073486,-870.900024414062,-2.96881071967271,0.195419971045634,0.116113395560939,ST
108.666666666667,1.64908015727997,-0.893027484416962,8.49303245544434,0.365855991840363,0.426831990480423,-0.472563982009888,-1003.50006103516,37.5,-875.700012207031,-2.96576837516196,0.19099898053958,0.105988696121031,ST
108.7,1.11493849754333,-0.870298027992249,8.91233062744141,-0.0457319989800453,0.457319974899292,-0.37347799539566,-1003.50006103516,48.9000015258789,-866.100036621094,-2.96362388852462,0.136027734525183,0.0989487147315188,ST
108.733333333333,1.03119850158691,-0.87089616060257,9.81911468505859,0.221037998795509,0.228659987449646,0.381099998950958,-1001.10003662109,48.9000015258789,-873.300048828125,-2.96345713392084,0.109893003830264,0.0901959347050353,ST
108.766666666667,0.463560789823532,-1.09938681125641,10.1977396011353,1.08994603157043,1.17378795146942,0.419209986925125,-998.700012207031,41.7000007629395,-863.700012207031,-2.96538450975973,0.0565371217884391,0.102461231946401,ST
108.8,-0.266173630952835,-0.538926839828491,12.3366985321045,1.63872992992401,1.48628997802734,0.0152439996600151,-1015.50006103516,45.9000015258789,-873.300048828125,-2.96404646775622,-0.0078636307712021,0.053237541579757,ST
108.833333333333,0.0430662930011749,-0.522178828716278,10.7294883728027,2.02745199203491,0.510673999786377,0.724089980125427,-1015.50006103516,48.3000030517578,-878.100036621094,-2.96565991012835,0.0008561582930406,0.046730258370637,ST
108.866666666667,0.215929612517357,-0.138171032071114,10.3538551330566,1.54726600646973,0.922261953353882,-0.0762199983000755,-1010.70001220703,45.9000015258789,-875.700012207031,-2.96520815657466,0.0155401507513942,0.0179171499429288,ST
108.9,0.757847130298615,-0.617881715297699,8.91472244262695,0.358233988285065,0.87652999162674,-0.419209986925125,-1001.10003662109,45.9000015258789,-866.100036621094,-2.96592943239673,0.0702847628799828,0.0588854865991504,ST
108.933333333333,0.919345736503601,-1.07187223434448,8.38895511627197,-0.586893975734711,0.716467976570129,-1.2576299905777,-998.700012207031,50.1000022888184,-880.500061035156,-2.96741971898604,0.101074238903993,0.116271738277952,ST
108.966666666667,0.815268874168396,-1.25610029697418,8.44637680053711,-0.846041977405548,0.350611984729767,-1.96647596359253,-996.300048828125,48.3000030517578,-861.300048828125,-2.96520894086716,0.0962590373784587,0.142221259815583,ST
109.0,0.317015767097473,-1.08323693275452,9.24429988861084,-0.0457319989800453,0.365855991840363,-1.88263392448425,-1010.70001220703,50.1000022888184,-866.100036621094,-2.95933813911695,0.0464239370932601,0.12168620624551,ST
109.033333333333,0.786558032035828,-1.08682572841644,9.30830097198486,0.967993974685669,-0.434453994035721,-0.769822001457214,-1005.90002441406,45.9000015258789,-863.700012207031,-2.95748010477163,0.0769431989277475,0.115921905427169,ST
109.066666666667,2.143146276474,-1.46545028686523,8.4828634262085,0.37347799539566,-1.50915598869324,-0.815553963184357,-989.100036621094,48.9000015258789,-878.100036621094,-2.96254935005675,0.214460413095107,0.159675051811572,ST
109.1,1.48758161067963,-1.09340536594391,10.2653293609619,0.121951997280121,-1.19665396213531,-0.846041977405548,-1003.50006103516,44.7000007629395,-868.500061035156,-2.95275911370312,0.157760217985529,0.115232576603496,ST
109.133333333333,1.23695969581604,-0.656760990619659,10.2473850250244,0.78506600856781,-1.32622802257538,-0.129574000835419,-984.300048828125,54.3000030517578,-863.700012207031,-2.94699234098772,0.129409737836638,0.0731877126396987,ST
109.166666666667,1.1615936756134,-0.623264968395233,8.67247486114502,1.30336201190948,0.106707997620106,0.106707997620106,-989.100036621094,49.5000038146973,-868.500061035156,-2.94722464074269,0.131965359006377,0.0702363340113114,ST
109.2,-0.042468149214983,-0.296678900718689,10.1744117736816,1.53202199935913,1.01372599601746,0.274392008781433,-981.900024414062,45.9000015258789,-870.900024414062,-2.94531443785893,0.0219186610744259,0.0353054865108398,DLL
109.233333333333,-0.596348524093628,-0.161498606204987,10.1654396057129,2.14178204536438,0.381099998950958,0.632625997066498,-979.500061035156,48.3000030517578,-870.900024414062,-2.94689273733426,-0.0429022459734,0.0168100463346186,DLL
109.266666666667,-0.664536833763123,-0.200377896428108,9.16833591461182,1.91312193870544,0.647870004177094,0.754577994346619,-984.300048828125,49.5000038146973,-863.700012207031,-2.94828874289755,-0.0673270219239996,0.0181067450048349,DLL
109.3,-0.773997008800507,0.0699827298521996,10.6355800628662,1.57013201713562,0.434453994035721,1.04421401023865,-989.100036621094,46.5,-885.300048828125,-2.95196275989773,-0.0721879158717203,-0.0038939429410259,DLL
109.333333333333,-0.783567309379578,0.284716039896011,10.2605447769165,1.2347639799118,-0.647870004177094,1.17378795146942,-972.300048828125,44.1000022888184,-868.500061035156,-2.95595955174285,-0.0744561064583998,-0.0247739323192523,DLL
109.366666666667,0.961215734481812,-0.385204076766968,10.1163921356201,0.205793991684914,-0.708845973014832,0.609759986400604,-977.100036621094,46.5,-868.500061035156,-2.95730463196632,0.0671658618131775,0.0271386110873415,DLL
109.4,0.595750391483307,-0.0029907147400081,8.80945014953613,-0.190549999475479,-1.00610399246216,0.198172003030777,-981.900024414062,42.3000030517578,-866.100036621094,-2.95633399513189,0.0688545838248718,0.0060255392515991,DLL
109.433333333333,1.03598368167877,-0.325987905263901,8.63299751281738,-0.0304879993200302,0.990859985351562,1.09756803512573,-984.300048828125,46.5,-875.700012207031,-2.96105222956142,0.107761180750972,0.0315013268683896,DLL
109.466666666667,0.632237136363983,-0.593955993652344,7.83746719360352,-0.190549999475479,1.57775402069092,1.50153398513794,-972.300048828125,39.3000030517578,-873.300048828125,-2.96795902225318,0.082815615129161,0.0682321689084481,DLL
109.5,0.153722748160362,-0.667527556419373,10.0039415359497,-1.04421401023865,1.77592599391937,2.66007804870605,-965.100036621094,44.1000022888184,-863.700012207031,-2.97401878067741,0.0245866670259529,0.0685795132708834,DLL
109.533333333333,0.608311414718628,-1.20944511890411,9.90345287322998,-1.00610399246216,0.83841997385025,4.07776975631714,-967.500061035156,46.5,-854.100036621094,-2.98478661431842,0.0518730335708098,0.11246436107359,DLL
109.566666666667,0.595750391483307,-1.64668762683868,10.414267539978,-1.34909391403198,0.457319974899292,4.6341757774353,-948.300048828125,46.5,-863.700012207031,-2.99840092382624,0.0541211083075895,0.152164984204819,DLL
109.6,0.420494496822357,-1.1376678943634,10.7426481246948,-1.11281192302704,-0.602137982845306,5.09911775588989,-967.500061035156,49.5000038146973,-870.900024414062,-3.00905601748812,0.0415503255509872,0.115770298271149,DLL
109.633333333333,-0.156115308403969,-1.41640257835388,8.81303882598877,-0.663114011287689,-1.14329993724823,7.60675573348999,-957.900024414062,41.7000007629395,-856.500061035156,-3.02739636136187,-0.0054544166166365,0.151625251756529,DLL
109.666666666667,0.0328978635370731,-2.45298433303833,8.36742210388184,-2.9268479347229,-0.144817993044853,10.8003740310669,-955.500061035156,42.9000015258789,-870.900024414062,-3.05151522491916,-0.0011989739373082,0.262217313693758,DLL
109.7,-0.1214230209589,-2.79392576217651,8.95778942108154,-3.81862187385559,-0.266770005226135,12.1723337173462,-948.300048828125,42.3000030517578,-846.900024414062,-3.07841625689443,-0.0149930296291834,0.299403096615313,DLL
109.733333333333,0.217724040150642,-3.25030899047852,10.2025241851807,-3.15550804138184,0.106707997620106,12.2256879806519,-933.900024414062,47.1000022888184,-854.100036621094,-3.10519698325249,0.0079222392030169,0.310984222734972,DLL
109.766666666667,0.800315320491791,-3.38369488716125,8.75681304931641,-1.19665396213531,-0.0228659994900227,9.31408405303955,-931.500061035156,42.3000030517578,-851.700012207031,-3.12780030192549,0.065984481248882,0.360001575596531,DLL
109.8,0.142956167459488,-2.78375744819641,10.812032699585,0.396344006061554,0.937505960464478,6.12808799743652,-926.700012207031,34.5,-863.700012207031,-3.13683014347982,0.0197326771936903,0.273523765856609,DLL
109.833333333333,0.0807493031024933,-2.32677626609802,11.075813293457,1.91312193870544,-0.548784017562866,3.56709599494934,-931.500061035156,41.7000007629395,-844.500061035156,3.1388271390021,0.0092449399496898,0.217864736495419,DLL
109.866666666667,0.791343152523041,-1.78545677661896,8.84892749786377,1.63872992992401,-1.18140995502472,0.274392008781433,-936.300048828125,38.7000007629395,-858.900024414062,3.1380979613809,0.0767332614953612,0.19972340654665,DLL
109.9,-1.39546751976013,-0.750071287155151,10.1863746643066,2.9268479347229,2.09605002403259,0.87652999162674,-938.700012207031,41.1000022888184,-858.900024414062,3.13551806698515,-0.100765899908387,0.0923452404532777,DLL
109.933333333333,0.786558032035828,-1.74478304386139,9.31667518615723,1.41769194602966,0.182927995920181,1.57775402069092,-926.700012207031,38.7000007629395,-873.300048828125,3.13392340343295,0.047127439629282,0.165454853274184,DLL
109.966666666667,0.736313998699188,-2.15989422798157,9.12526893615723,-0.182927995920181,0.0685980021953583,-1.27287399768829,-933.900024414062,38.1000022888184,-863.700012207031,3.13368725549103,0.0727107100617938,0.219825735045236,DLL
110.0,-0.190209463238716,-1.14843451976776,6.88881254196167,1.18903195858002,1.21951997280121,-3.18599581718445,-941.100036621094,40.5,-868.500061035156,-3.14037097290831,-0.0078932994200465,0.17448691092856,DLL
110.033333333333,-1.9989937543869,-1.44272089004517,9.43510723114014,1.42531394958496,2.62959003448486,0.411587983369827,-943.500061035156,44.7000007629395,-861.300048828125,3.14137022502629,-0.169933284378097,0.154582173273703,DLL
110.066666666667,-1.55158281326294,-2.23047518730164,11.011812210083,0.0762199983000755,1.17378795146942,1.53964400291443,-931.500061035156,44.1000022888184,-870.900024414062,-3.13915050620387,-0.145846813514306,0.19038023388846,DLL
110.1,-0.604722559452057,-1.89611327648163,10.5751676559448,-1.265251994133,-1.12805593013763,0.640248000621796,-926.700012207031,32.7000007629395,-858.900024414062,3.14069550036289,-0.0708218243997109,0.181437712544232,DLL
110.133333333333,-0.367857933044434,-2.2053530216217,8.59770679473877,-0.87652999162674,-1.14329993724823,1.93598794937134,-929.100036621094,41.1000022888184,-856.500061035156,3.13899628939937,-0.0464098018972782,0.238122338079908,DLL
110.166666666667,-0.674705266952515,-2.88843250274658,10.1134014129639,-0.983237981796265,0.396344006061554,2.41617393493652,-926.700012207031,35.7000007629395,-854.100036621094,3.13525744012895,-0.0623537373903631,0.2722662942633,DLL
110.2,0.107067592442036,-2.63242721557617,8.97274303436279,-1.09756803512573,-0.731711983680725,1.2500079870224,-929.100036621094,39.9000015258789,-856.500061035156,3.13233555410942,-0.0029427204999941,0.284243745625382,DLL
110.233333333333,0.0083740018308162,-1.26866126060486,6.63400363922119,0.884151995182037,-0.25152599811554,0.487807989120483,-943.500061035156,33.9000015258789,-866.100036621094,3.1310162211519,0.0005793849323305,0.206949786258422,DLL
110.266666666667,-1.99660122394562,-1.26208162307739,9.377685546875,2.29422187805176,2.10367202758789,1.59299790859222,-936.300048828125,37.5,-856.500061035156,3.12351700571264,-0.169008202644483,0.145711462112836,DLL
110.3,-1.77588653564453,-1.91525375843048,11.5058784484863,0.967993974685669,0.472563982009888,1.85976791381836,-926.700012207031,36.9000015258789,-863.700012207031,3.12182070488548,-0.155199830507467,0.159911319228122,DLL
110.333333333333,-0.293090045452118,-1.41520631313324,9.96207141876221,-0.769822001457214,-3.17075204849243,1.89787793159485,-938.700012207031,34.5,-858.900024414062,3.11459171873991,-0.0490675688815226,0.14550442255892,DLL
110.366666666667,0.120824880897999,-1.40743041038513,8.60966968536377,-0.411587983369827,-2.33995389938354,3.02593398094177,-919.500061035156,38.1000022888184,-856.500061035156,3.10646791163366,0.0059629443249935,0.159811882404463,DLL
110.4,0.135180309414864,-2.29328012466431,9.86816310882568,-0.37347799539566,-0.0609759986400604,3.29270386695862,-941.100036621094,33.3000030517578,-866.100036621094,3.09828527391738,0.0111228786399187,0.215896567254531,DLL
110.433333333333,0.375035643577576,-2.24064350128174,8.92190074920654,-0.617381989955902,-1.33385002613068,2.24086785316467,-924.300048828125,33.9000015258789,-880.500061035156,3.09200668133622,0.0358658040613619,0.24092644341252,DLL
110.466666666667,1.05213344097137,-2.21372723579407,6.69501447677612,-1.34147191047668,-1.98934197425842,2.69056582450867,-931.500061035156,36.3000030517578,-880.500061035156,3.07980502457782,0.127058040885083,0.305693771547413,DLL
110.5,-1.47262799739838,-1.76811063289642,9.81732082366943,-0.320124000310898,0.0076219998300075,3.46800994873047,-936.300048828125,32.7000007629395,-861.300048828125,3.07388951083402,-0.0920826040181245,0.205208506589785,DLL
110.533333333333,-1.37333631515503,-2.21552157402039,10.9603719711304,-0.266770005226135,0.259148001670837,4.1311240196228,-933.900024414062,35.1000022888184,-861.300048828125,3.0641663957304,-0.117644901399632,0.200384883053008,DLL
110.566666666667,0.0011962859425693,-2.16886639595032,10.027268409729,-0.282013982534409,-1.42531394958496,3.88721990585327,-931.500061035156,36.3000030517578,-878.100036621094,3.05513877599572,-0.0214404777158274,0.210755439077336,DLL
110.6,-0.266771763563156,-1.81955087184906,9.40998554229736,0.609759986400604,-0.426831990480423,2.17989206314087,-917.100036621094,34.5,-878.100036621094,3.04949652230168,-0.0266372669435475,0.193814140547821,DLL
110.633333333333,-1.13826608657837,-1.57909739017487,10.3472757339478,1.37958192825317,1.15854394435883,1.85214591026306,-921.900024414062,36.3000030517578,-868.500061035156,3.04364349117296,-0.0948881240754354,0.157441098240929,DLL
110.666666666667,-0.589768946170807,-1.96669411659241,9.4967155456543,0.632625997066498,0.396344006061554,1.10518991947174,-917.100036621094,29.7000007629395,-870.900024414062,3.04439119335599,-0.0684652330011972,0.193811290785975,DLL
110.7,-0.164489313960075,-1.63592100143433,8.44458293914795,0.0609759986400604,-0.0457319989800453,0.205793991684914,-909.900024414062,31.5000019073486,-878.100036621094,3.04381254543646,-0.0290601901921975,0.191759852720678,DLL
110.733333333333,0.138769164681435,-1.7525589466095,8.36742210388184,0.541162014007568,0.449698001146317,1.2423859834671,-936.300048828125,41.7000007629395,-870.900024414062,3.0411897603846,0.0071562044378367,0.203062509538538,DLL
110.766666666667,-1.37333631515503,-1.39427125453949,10.0218858718872,1.33385002613068,0.579271972179413,0.830797970294952,-912.300048828125,27.9000015258789,-878.100036621094,3.0366362426081,-0.112067539198685,0.147315554399332,DLL
110.8,-1.01803934574127,-1.49535739421844,9.44886493682861,0.571649968624115,-0.0838419944047928,1.50153398513794,-909.900024414062,30.3000011444092,-882.900024414062,3.03390454221963,-0.107306298672674,0.154182192898624,DLL
110.833333333333,-0.74648243188858,-1.37273812294006,9.17551326751709,-0.564027965068817,-1.10518991947174,2.080806016922,-912.300048828125,21.9000015258789,-878.100036621094,3.02829282026832,-0.0846476994088881,0.150147420046011,DLL
110.866666666667,-0.652574002742767,-1.54141438007355,8.72271919250488,-1.43293595314026,-1.75305998325348,3.01831197738647,-914.700012207031,29.1000003814697,-875.700012207031,3.02224046681837,-0.0740573635663423,0.171562275674417,DLL
110.9,-1.10895705223083,-1.27165198326111,9.25626277923584,-0.891773998737335,-0.99848198890686,3.63569402694702,-909.900024414062,39.9000015258789,-870.900024414062,3.01035285226144,-0.10966576209065,0.143571225477243,DLL
110.933333333333,-0.386400371789932,-1.8626172542572,9.28078651428223,-0.769822001457214,-0.426831990480423,3.89484190940857,-909.900024414062,32.1000022888184,-880.500061035156,3.00486334331682,-0.0550637512645817,0.187795887978754,DLL
110.966666666667,-0.836203873157501,-1.59524726867676,9.17730808258057,-0.114329993724823,-0.205793991684914,2.54574799537659,-905.100036621094,28.5000019073486,-870.900024414062,2.99736495918396,-0.0844724855283317,0.174475680838345,DLL
111.0,-0.596946656703949,-2.08871531486511,9.43271446228027,-0.945127964019775,0.266770005226135,1.39482593536377,-914.700012207031,33.3000030517578,-861.300048828125,2.99670197877607,-0.0663257574596993,0.211873150953341,DLL
111.033333333333,-0.215929612517357,-1.80340111255646,9.54875469207764,-1.45580196380615,-0.983237981796265,-0.0152439996600151,-902.700012207031,38.1000022888184,-878.100036621094,2.99524770418322,-0.0297613464301088,0.193763032164416,DLL
111.066666666667,-0.0071777156554162,-2.11622977256775,8.51336860656738,-1.45580196380615,-0.830797970294952,-0.0228659994900227,-902.700012207031,30.3000011444092,-887.700012207031,2.99557267394761,-0.0055274364469775,0.235616256931149,DLL
111.1,-0.397765070199966,-2.0552191734314,8.94821929931641,-1.31098401546478,-0.0304879993200302,0.320124000310898,-912.300048828125,30.3000011444092,-863.700012207031,2.99465240320493,-0.035747526447737,0.229574403495169,DLL
111.133333333333,-0.404344648122787,-2.21492338180542,8.98530387878418,-0.640248000621796,0.0152439996600151,0.487807989120483,-895.500061035156,31.5000019073486,-875.700012207031,2.99383628680532,-0.0425244018727766,0.240556776244464,DLL
111.166666666667,0.272155046463013,-2.39197373390198,8.93805027008057,-0.769822001457214,-1.2347639799118,0.167683988809586,-905.100036621094,35.7000007629395,-863.700012207031,2.99289576754147,0.0181985986073523,0.258878004549727,DLL
111.2,0.270958751440048,-1.96729218959808,8.3518705368042,0.0609759986400604,-1.00610399246216,-0.221037998795509,-905.100036621094,32.7000007629395,-882.900024414062,2.99337516700209,0.030823835502125,0.235870759653297,DLL
111.233333333333,-1.01145970821381,-1.92422592639923,11.2259473800659,1.09756803512573,0.708845973014832,-0.0609759986400604,-905.100036621094,36.3000030517578,-870.900024414062,2.99295936788983,-0.0654512530364213,0.181707821202338,DLL
111.266666666667,-0.57062840461731,-1.81416761875153,10.9304647445679,1.6692179441452,-0.0304879993200302,-0.548784017562866,-897.900024414062,30.9000015258789,-873.300048828125,2.99352391496635,-0.0537772492631683,0.165200867707201,DLL
111.3,-0.519188106060028,-2.05820989608765,11.0201864242554,1.08994603157043,0.0228659994900227,-1.6615959405899,-912.300048828125,26.7000007629395,-868.500061035156,2.99826902875776,-0.047328515755395,0.179526222891284,DLL
111.333333333333,0.628648281097412,-1.91106677055359,9.34897422790527,-0.663114011287689,-1.34147191047668,-2.32470989227295,-900.300048828125,36.9000015258789,-875.700012207031,3.00336153466543,0.0493106877232218,0.198877210075549,DLL
111.366666666667,-0.230285048484802,-0.993515491485596,7.1226863861084,-0.548784017562866,-1.43293595314026,-1.39482593536377,-905.100036621094,32.7000007629395,-870.900024414062,3.00682708854399,-0.013318033500522,0.151528639318186,DLL
111.4,-0.546104550361633,-1.66403377056122,6.6573314666748,-0.830797970294952,0.754577994346619,1.52439999580383,-905.100036621094,32.7000007629395,-880.500061035156,3.00658134333835,-0.0705385959297546,0.231281618825071,DLL
111.433333333333,-1.56952714920044,-1.94336652755737,7.72561454772949,-1.21189796924591,1.55488801002502,2.20275783538818,-907.500061035156,32.7000007629395,-875.700012207031,3.00379984026955,-0.172320932592129,0.244762880747798,DLL
111.466666666667,-2.90159153938293,-2.551677942276,12.1417045593262,-2.71343183517456,1.21189796924591,3.87197589874268,-907.500061035156,38.7000007629395,-870.900024414062,2.9893739365987,-0.22107039357953,0.217603175581934,DLL
111.5,-0.249425619840622,-3.61996126174927,10.3299293518066,-4.59606599807739,-4.2302098274231,4.57319974899292,-890.700012207031,33.9000015258789,-858.900024414062,2.98882144785976,-0.0547731410421334,0.321831515333101,DLL
111.533333333333,-2.17843675613403,-3.34182476997375,10.3717994689941,-2.46190595626831,-2.59148001670837,6.60065174102783,-902.700012207031,35.1000022888184,-863.700012207031,2.97129204947501,-0.167979134998965,0.316089556482211,DLL
111.566666666667,0.405540943145752,-4.63381338119507,10.3275365829468,-2.4923939704895,0.129574000835419,7.51529169082642,-919.500061035156,35.1000022888184,-854.100036621094,2.96112457813543,-0.0030814124484705,0.407332805877948,DLL
111.6,0.601133704185486,-3.46683669090271,8.464919090271,0.434453994035721,-1.28811800479889,3.57471799850464,-900.300048828125,32.1000022888184,-868.500061035156,2.951964347647,0.0538153369177528,0.391442344180243,DLL
111.633333333333,0.45638307929039,-2.26157855987549,6.55624532699585,3.20886182785034,-0.914639949798584,1.98171997070312,-895.500061035156,30.3000011444092,-875.700012207031,2.94919525664612,0.0639740820616576,0.33765467991268,DLL
111.666666666667,-0.368456065654755,-1.18551933765411,7.50789070129395,3.97868394851685,-0.25152599811554,1.09756803512573,-921.900024414062,31.5000019073486,-873.300048828125,2.94932400237761,-0.025791252869936,0.187867706195851,DLL
111.7,-2.7963182926178,-1.08682572841644,10.9819049835205,4.35216188430786,0.853663980960846,2.09605002403259,-897.900024414062,31.5000019073486,-873.300048828125,2.93645513494235,-0.209912271387576,0.108648299863118,DLL
111.733333333333,0.330773055553436,-2.33574819564819,11.4083805084229,0.182927995920181,-2.21800184249878,0.487807989120483,-890.700012207031,34.5,-885.300048828125,2.94299269680359,-0.0090794901871276,0.186166863041466,DLL
111.766666666667,-0.385802209377289,-1.25131511688232,10.4764738082886,1.52439999580383,-3.07166600227356,-0.487807989120483,-902.700012207031,31.5000019073486,-875.700012207031,2.94203513373276,-0.0269509949104207,0.129511399676857,DLL
111.8,0.955832481384277,-2.52236890792847,9.77245998382568,2.21800184249878,-0.419209986925125,-0.243903994560242,-900.300048828125,27.3000011444092,-878.100036621094,2.93996384670065,0.0746271770487344,0.228554394140742,DLL
111.833333333333,0.958823204040527,-2.05820989608765,8.53131294250488,1.98171997070312,-1.01372599601746,-1.36433792114258,-905.100036621094,27.9000015258789,-866.100036621094,2.94180995703329,0.104169587699271,0.232229847690724,DLL
111.866666666667,0.232677608728409,-1.32309222221375,8.39194583892822,2.42379593849182,-0.617381989955902,-1.10518991947174,-905.100036621094,33.3000030517578,-887.700012207031,2.94854829144664,0.0422824083297904,0.166345526630926,DLL
111.9,0.387596637010574,-1.50791847705841,8.33213138580322,2.40855193138123,-0.0990860015153885,-0.0457319989800453,-907.500061035156,30.9000015258789,-885.300048828125,2.94805469180174,0.0452773236185685,0.173317098157591,DLL
111.933333333333,-0.136376604437828,-1.39367318153381,10.4866428375244,0.975615978240967,0.0838419944047928,0.442075997591019,-905.100036621094,27.3000011444092,-878.100036621094,2.94775134796712,-0.0020638791088154,0.138582718065222,DLL
111.966666666667,0.327184200286865,-1.21961355209351,9.80356311798096,0.167683988809586,-1.33385002613068,0.670735955238342,-893.100036621094,28.5000019073486,-878.100036621094,2.9459630103562,0.0277405295609657,0.12654585059466,DLL
112.0,0.358287632465363,-0.864316582679749,8.90335845947266,0.0914639979600906,-1.10518991947174,-0.0457319989800453,-933.900024414062,32.1000022888184,-873.300048828125,2.94656750084354,0.0390964032471321,0.102653166002138,DLL
112.033333333333,-0.880466461181641,-0.600535571575165,8.21130657196045,1.58537602424622,1.44055795669556,0.205793991684914,-917.100036621094,27.9000015258789,-890.100036621094,2.94594469790293,-0.0791335922263607,0.0768537406492442,DLL
112.066666666667,-0.987534046173096,-1.33505511283875,9.20123291015625,0.129574000835419,1.94360995292664,-0.213415995240211,-919.500061035156,22.5,-875.700012207031,2.95179301457261,-0.103134675526477,0.130380618240651,DLL
112.1,-1.64070618152618,-1.05871307849884,11.2821731567383,-2.27135586738586,-0.442075997591019,-0.564027965068817,-902.700012207031,27.3000011444092,-873.300048828125,2.94916313321753,-0.135830868116552,0.103529307320578,DLL
112.133333333333,-1.04914271831512,-1.83689701557159,11.3671092987061,-2.26373386383057,-1.30336201190948,1.36433792114258,-902.700012207031,23.1000003814697,-878.100036621094,2.95054299232892,-0.0968428979222046,0.15378115024686,DLL
112.166666666667,0.345128506422043,-3.22219610214233,10.9370441436768,-2.98020195960999,-0.792688012123108,1.07470202445984,-902.700012207031,32.1000022888184,-875.700012207031,2.95249888885683,0.005138799598559,0.263859883336119,DLL
112.2,1.4421226978302,-2.95841503143311,10.0123147964478,-3.07928800582886,-2.52288198471069,-0.304879993200302,-914.700012207031,30.3000011444092,-882.900024414062,2.95064933071921,0.114037683440057,0.286971142105671,DLL
112.233333333333,2.84895491600037,-2.79930901527405,5.05191564559937,-0.0152439996600151,-2.45428395271301,-0.213415995240211,-909.900024414062,29.7000007629395,-880.500061035156,2.90311863544547,0.403015036881558,0.465621019558762,DLL
112.266666666667,1.20465993881226,-1.97387182712555,5.41498851776123,1.97409796714783,1.48628997802734,-1.08994603157043,-912.300048828125,26.7000007629395,-878.100036621094,2.93697262389976,0.240231649128908,0.366215138203933,DLL
112.3,-1.26088535785675,-1.758540391922,9.47757530212402,3.33843588829041,5.23631381988525,-1.42531394958496,-907.500061035156,32.1000022888184,-880.500061035156,2.95664865381826,-0.0692809040087139,0.212562234421255,DLL
112.333333333333,-0.456981241703033,-2.98054647445679,11.6835269927979,1.42531394958496,3.65093803405762,-4.00917196273804,-912.300048828125,27.3000011444092,-894.900024414062,2.9697177450819,-0.0475839017308258,0.241083495152606,DLL
112.366666666667,-1.43075799942017,-2.57141661643982,13.8063364028931,1.56251001358032,1.6768399477005,-8.30035781860352,-907.500061035156,32.1000022888184,-892.500061035156,2.98619653304915,-0.0905379058057707,0.194385987441599,DLL
112.4,-2.43085312843323,-2.14434266090393,13.7082405090332,3.97106194496155,2.26373386383057,-10.2515897750854,-914.700012207031,28.5000019073486,-875.700012207031,3.00700627810087,-0.157390322423523,0.159591926175985,DLL
112.433333333333,-1.70410931110382,-1.96011447906494,10.2563571929932,4.26832008361816,2.69056582450867,-10.8994598388672,-897.900024414062,32.1000022888184,-873.300048828125,3.03720634455276,-0.16199296286122,0.179507933791957,DLL
112.466666666667,0.476121813058853,-1.91405749320984,6.27810859680176,2.9268479347229,2.21800184249878,-11.5778179168701,-902.700012207031,30.9000015258789,-866.100036621094,3.07098804395321,0.0252905130682162,0.269234007406818,DLL
112.5,-0.0460570082068443,-0.562852561473846,5.7146577835083,3.87197589874268,2.08842802047729,-10.0000638961792,-905.100036621094,34.5,-885.300048828125,3.09607324006865,-0.0016573254604217,0.12727953617668,DLL
112.533333333333,0.307445496320724,-0.690855145454407,4.99987697601318,3.12502002716064,0.907018005847931,-6.85979986190796,-929.100036621094,30.3000011444092,-866.100036621094,3.11176934255732,0.0482157800776484,0.130642880942939,DLL
112.566666666667,-0.296678900718689,-0.415111213922501,6.46114015579224,2.94971394538879,1.73019397258759,-4.71801805496216,-914.700012207031,35.7000007629395,-880.500061035156,3.12411553842069,-0.0308355693918973,0.0718654841698728,DLL
112.6,-0.0831418707966805,-1.08921837806702,9.77545070648193,0.83841997385025,-0.388722002506256,-3.46800994873047,-924.300048828125,30.9000015258789,-875.700012207031,3.13292887655887,-0.0117103516710774,0.102452291369,DLL
112.633333333333,-0.10527316480875,-1.19568777084351,12.5005903244019,-0.0990860015153885,-1.31098401546478,-2.77440786361694,-914.700012207031,30.3000011444092,-875.700012207031,3.13893454941459,-0.0068532484069149,0.0969592288445329,DLL
112.666666666667,-0.212340757250786,-0.976169347763062,12.8122224807739,1.07470202445984,-1.16616594791412,-2.62196803092957,-912.300048828125,38.1000022888184,-885.300048828125,-3.13862329296966,-0.0126443604847385,0.0787981487210394,DLL
112.7,-0.853550016880035,-1.01205790042877,11.3617258071899,1.89787793159485,0.289635986089706,-0.586893975734711,-907.500061035156,36.9000015258789,-890.100036621094,-3.13680093690511,-0.0632496000815652,0.0842882549239408,DLL
112.733333333333,-0.893027484416962,-1.09998488426208,9.45185565948486,0.632625997066498,1.04421401023865,-0.0304879993200302,-907.500061035156,32.1000022888184,-885.300048828125,-3.13454068358972,-0.0889122489533827,0.108615020817753,DLL
112.766666666667,-0.464757084846497,-1.26208162307739,8.75860786437988,-1.52439999580383,1.99696397781372,0.0457319989800453,-931.500061035156,35.7000007629395,-887.700012207031,-3.13199415403284,-0.0614825122419091,0.139573516546051,DLL
112.8,-0.282921612262726,-1.41640257835388,9.00982761383057,-1.75305998325348,1.59299790859222,-0.297257989645004,-914.700012207031,36.3000030517578,-861.300048828125,-3.13020041005452,-0.0392881390284774,0.155117502016354,DLL
112.833333333333,-0.563450694084167,-1.87278568744659,7.79320478439331,-0.693601965904236,1.19665396213531,-0.419209986925125,-919.500061035156,38.1000022888184,-878.100036621094,-3.12539445992491,-0.0654980932633692,0.22055177000877,DLL
112.866666666667,-1.48339462280273,-1.97805881500244,8.91831207275391,0.129574000835419,2.0579400062561,-0.586893975734711,-912.300048828125,37.5,-868.500061035156,-3.12321566145625,-0.144335854488278,0.218757013121692,DLL
112.9,-1.49655365943909,-1.87936520576477,9.75272083282471,0.617381989955902,0.861285984516144,-0.823175966739655,-902.700012207031,42.3000030517578,-861.300048828125,-3.12418140530285,-0.149456026840081,0.195435168285592,DLL
112.933333333333,-1.25370764732361,-1.85304689407349,9.38665771484375,0.769822001457214,-1.02897000312805,-0.0609759986400604,-912.300048828125,38.1000022888184,-875.700012207031,-3.12447398915884,-0.13224813241049,0.193871745371271,DLL
112.966666666667,-1.81596207618713,-1.12929391860962,10.474081993103,1.62348592281342,-1.33385002613068,0.320124000310898,-907.500061035156,46.5,-878.100036621094,-3.1355561093675,-0.161285149234913,0.122578545075608,DLL
113.0,-1.49176859855652,-1.26866126060486,10.7294883728027,2.17989206314087,-2.32470989227295,1.06708002090454,-914.700012207031,33.9000015258789,-875.700012207031,-3.13892496378434,-0.139015186835706,0.115366891475139,DLL
113.033333333333,-0.101684302091599,-1.73162388801575,10.1534767150879,2.18751406669617,-1.34909391403198,-0.320124000310898,-919.500061035156,35.7000007629395,-873.300048828125,-3.13472795949163,-0.0340862423130603,0.155192144689802,ST
113.066666666667,0.397765070199966,-1.47502052783966,8.83516979217529,1.6768399477005,-1.10518991947174,-1.59299790859222,-912.300048828125,28.5000019073486,-887.700012207031,-3.13148408687929,0.0304218011486409,0.161027734118023,ST
113.1,-1.05093717575073,-0.68965882062912,8.77475738525391,2.04269599914551,0.533540010452271,-0.975615978240967,-912.300048828125,39.9000015258789,-880.500061035156,-3.13100302812299,-0.0943464621626848,0.0896263743867838,ST
113.133333333333,-0.513804793357849,-1.05572235584259,8.69998931884766,2.12653803825378,1.38720393180847,-0.259148001670837,-914.700012207031,41.1000022888184,-882.900024414062,-3.12773839436701,-0.0665416434292258,0.112506452455179,ST
113.166666666667,0.0185424312949181,-1.48937594890594,9.05109977722168,1.75305998325348,0.396344006061554,-0.221037998795509,-907.500061035156,32.7000007629395,-882.900024414062,-3.12545435558631,-0.0123316807976909,0.15048498176496,ST
113.2,-0.205761179327965,-0.874485015869141,9.62531661987305,2.0731840133667,-0.358233988285065,-2.21800184249878,-921.900024414062,39.9000015258789,-878.100036621094,-3.12119991067666,-0.0186260424021996,0.0998384028244966,ST
113.233333333333,-0.622666835784912,-0.541319370269775,10.087082862854,2.17989206314087,-0.807931959629059,-1.2347639799118,-917.100036621094,34.5,-887.700012207031,-3.11968116066818,-0.0521525531804592,0.0593899760545539,ST
113.266666666667,-0.219518467783928,-0.381615221500397,9.80057239532471,1.95885396003723,-0.556405961513519,-0.114329993724823,-917.100036621094,34.5,-885.300048828125,-3.12005946293697,-0.0272352977520185,0.0400360253730987,ST
113.3,-0.0023925718851387,-0.694444000720978,9.35914325714111,1.05945801734924,0.762199997901917,0.487807989120483,-909.900024414062,30.9000015258789,-897.300048828125,-3.12061017488617,-0.0067945461841945,0.065722216115132,ST
113.333333333333,-0.0245238617062569,-0.596946656703949,8.78193473815918,0.342989981174469,0.548784017562866,0.777444005012512,-919.500061035156,29.1000003814697,-892.500061035156,-3.12230215997884,-0.0044289648568789,0.0669537358006237,ST
113.366666666667,-0.88285905122757,-0.636424124240875,9.66060733795166,0.602137982845306,0.525918006896973,1.43293595314026,-912.300048828125,30.3000011444092,-887.700012207031,-3.12572805097756,-0.0763650967618396,0.0650365026372114,ST
113.4,-1.05273163318634,-0.541917502880096,10.1403179168701,1.01372599601746,0.891773998737335,1.81403601169586,-907.500061035156,27.9000015258789,-875.700012207031,-3.13064816768175,-0.0995968898568207,0.0539443818471595,ST
113.433333333333,-1.06230187416077,-0.300865918397903,9.33940410614014,1.28811800479889,1.16616594791412,1.94360995292664,-909.900024414062,31.5000019073486,-870.900024414062,-3.13717732507275,-0.112727586670434,0.0336847914275432,ST
113.466666666667,-1.8847484588623,0.1214230209589,10.139121055603,1.74543797969818,1.10518991947174,1.54726600646973,-905.100036621094,32.1000022888184,-899.700012207031,3.13717483686793,-0.172708289560288,-0.0065814895488003,ST
113.5,-1.32488667964935,0.0293090064078569,9.17192459106445,1.2576299905777,0.716467976570129,1.44055795669556,-905.100036621094,36.9000015258789,-873.300048828125,3.13437323501752,-0.150009394783759,-0.0059371645125037,ST
113.533333333333,-1.47801125049591,0.183031752705574,10.1050271987915,0.358233988285065,-1.42531394958496,0.663114011287689,-900.300048828125,23.7000007629395,-875.700012207031,3.13131696389435,-0.143935566380213,-0.0167268707605158,ST
113.566666666667,-1.01086163520813,-0.0657957270741463,8.50200462341309,-0.495429992675781,-2.47714996337891,0.518296003341675,-907.500061035156,33.3000030517578,-880.500061035156,3.13267254149571,-0.120048942924096,0.0034176321605103,ST
113.6,-1.09101283550262,-0.117236025631428,8.97214412689209,-0.518296003341675,-1.47866797447205,0.655492007732391,-902.700012207031,35.1000022888184,-890.100036621094,3.13184666054673,-0.11868213353666,0.0121895928258552,ST
113.633333333333,-0.43425178527832,-0.608311414718628,10.2671241760254,-1.30336201190948,-2.72105383872986,0.533540010452271,-905.100036621094,28.5000019073486,-902.100036621094,3.1334858339664,-0.0511416636540883,0.0531510892109234,ST
113.666666666667,0.577806115150452,-0.581993103027344,9.90883636474609,-1.92074394226074,-3.64331603050232,-0.487807989120483,-914.700012207031,33.3000030517578,-882.900024414062,3.13418158942364,0.043856445216923,0.0604464076437148,ST
113.7,0.767417430877686,-0.623264968395233,8.79090690612793,-1.38720393180847,-2.27135586738586,-0.579271972179413,-921.900024414062,34.5,-887.700012207031,3.13478355246736,0.0824852247836693,0.0708819829204229,ST
113.733333333333,-1.06409633159637,-0.452196091413498,9.76528167724609,-0.6250039935112,-0.137196004390717,-0.350611984729767,-926.700012207031,35.1000022888184,-890.100036621094,3.13570822847406,-0.0759772520632114,0.0514140297555377,ST
113.766666666667,-0.827829897403717,-0.75545459985733,8.86148834228516,-1.32622802257538,0.78506600856781,0.121951997280121,-931.500061035156,34.5,-887.700012207031,3.13770478109118,-0.0907451354154422,0.0805239305662902,ST
113.8,0.0753660127520561,-1.10536825656891,9.234130859375,-2.11891603469849,1.58537602424622,-0.381099998950958,-929.100036621094,33.3000030517578,-878.100036621094,3.14053120654999,-0.0117903991087387,0.115338538309691,ST
113.833333333333,-0.722556710243225,-0.869699895381927,9.6821403503418,-0.487807989120483,2.36281991004944,0.37347799539566,-919.500061035156,38.1000022888184,-902.100036621094,3.13935235510753,-0.0671912019656825,0.0946286644482401,ST
113.866666666667,-0.625657558441162,-2.32498168945312,11.2474803924561,-0.945127964019775,2.0731840133667,0.769822001457214,-907.500061035156,38.7000007629395,-887.700012207031,-3.13943553089052,-0.0600888190824634,0.183091589305723,ST
113.9,0.248229339718819,-1.72624063491821,10.4525480270386,-2.04269599914551,-0.350611984729767,-1.12043392658234,-912.300048828125,35.7000007629395,-890.100036621094,-3.13734863242276,0.0092795559201262,0.170116008426594,ST
113.933333333333,0.515599250793457,-1.46305775642395,8.83457183837891,-1.17378795146942,-0.556405961513519,-0.846041977405548,-912.300048828125,39.9000015258789,-890.100036621094,-3.13547229337938,0.0487534371689021,0.166937185487006,ST
113.966666666667,0.266173630952835,-1.25131511688232,9.15039157867432,0.228659987449646,0.564027965068817,0.335367977619171,-905.100036621094,35.1000022888184,-870.900024414062,-3.13504372778461,0.0319857745879599,0.141853054642398,ST
114.0,0.47851437330246,-0.950449168682098,8.47329330444336,1.58537602424622,0.198172003030777,1.47104597091675,-914.700012207031,38.1000022888184,-863.700012207031,-3.13758412371715,0.0512250785414553,0.114911145520261,ST
114.033333333333,-0.977365612983704,-0.96659904718399,8.02229309082031,2.04269599914551,0.914639949798584,2.37806391716003,-909.900024414062,33.9000015258789,-866.100036621094,3.14005487170188,-0.0931629606929827,0.116011207740564,ST
114.066666666667,-1.26327800750732,-0.903195858001709,8.69281196594238,1.08994603157043,1.86738991737366,1.42531394958496,-895.500061035156,33.3000030517578,-878.100036621094,3.1362318767959,-0.13619975804551,0.104338699285617,ST
114.1,-2.31481337547302,-1.10118126869202,11.5046815872192,0.632625997066498,0.579271972179413,0.434453994035721,-902.700012207031,30.9000015258789,-885.300048828125,3.1342772871037,-0.186881735281435,0.0961536954062843,ST
114.133333333333,-1.37752330303192,-1.56115317344666,10.5590181350708,-0.426831990480423,-0.25152599811554,-0.365855991840363,-897.900024414062,30.3000011444092,-880.500061035156,3.14157417182261,-0.139787300970406,0.137331008346218,ST
114.166666666667,-1.12809765338898,-1.06529259681702,9.04152870178223,-0.564027965068817,-0.716467976570129,-0.907018005847931,-900.300048828125,36.3000030517578,-863.700012207031,3.14124941870041,-0.125462549259642,0.122249568852424,ST
114.2,-2.40872168540955,-1.38230836391449,10.2719097137451,0.335367977619171,0.807931959629059,0.121951997280121,-909.900024414062,30.9000015258789,-885.300048828125,-3.14040699016767,-0.208720478165076,0.130956950529564,ST
114.233333333333,-1.53543305397034,-1.30634427070618,9.7120475769043,-0.419209986925125,0.632625997066498,-0.259148001670837,-893.100036621094,38.7000007629395,-868.500061035156,-3.13928173312536,-0.166992803647182,0.133833162077565,ST
114.266666666667,-0.702219843864441,-1.287801861763,8.83756256103516,-0.830797970294952,-1.39482593536377,0.243903994560242,-909.900024414062,38.1000022888184,-882.900024414062,-3.13934488951428,-0.0904540383348415,0.1441690693165,ST
114.3,-0.976767480373383,-1.47741317749023,9.17072772979736,-0.0762199983000755,-1.50915598869324,0.617381989955902,-895.500061035156,35.1000022888184,-878.100036621094,-3.14010031292117,-0.0999368490438202,0.156581685520445,ST
114.333333333333,-0.548497080802917,-1.51748871803284,8.80945014953613,0.533540010452271,-0.670735955238342,1.19665396213531,-909.900024414062,34.5,-868.500061035156,3.14109581651498,-0.0684250051795504,0.166886036579097,ST
114.366666666667,-0.747080564498901,-1.01086163520813,9.1689338684082,1.02897000312805,-1.02897000312805,1.70732796192169,-909.900024414062,29.7000007629395,-873.300048828125,3.13361518833633,-0.0772444152317959,0.119700539972152,ST
114.4,-0.580796837806702,-0.934897482395172,9.00324821472168,1.17378795146942,-1.19665396213531,2.19513607025146,-914.700012207031,29.1000003814697,-878.100036621094,3.12743148039393,-0.0654104481750561,0.104877393519995,ST
114.433333333333,-0.622666835784912,-0.82962429523468,9.94651985168457,0.586893975734711,-1.34147191047668,2.0731840133667,-900.300048828125,38.7000007629395,-878.100036621094,3.12098693738162,-0.0612207529932397,0.0860441470451599,ST
114.466666666667,-0.447410941123962,-0.846970438957214,9.59780216217041,0.213415995240211,-1.41769194602966,1.63872992992401,-907.500061035156,29.7000007629395,-873.300048828125,3.1169178005546,-0.0474176372386495,0.0872124210288228,ST
114.5,-1.08323693275452,-1.07785367965698,9.7539176940918,0.754577994346619,0.396344006061554,1.31860601902008,-902.700012207031,35.1000022888184,-878.100036621094,3.11517111574395,-0.100206673876275,0.104961284411421,ST
114.533333333333,-1.00009500980377,-0.736912131309509,9.17252254486084,0.6250039935112,0.67835795879364,0.533540010452271,-897.900024414062,27.3000011444092,-873.300048828125,3.11209940528504,-0.107650164261869,0.0842268788601471,ST
114.566666666667,-1.37094366550446,-0.971982300281525,9.59899806976318,0.899396002292633,-0.0076219998300075,0.815553963184357,-900.300048828125,27.9000015258789,-892.500061035156,3.11190448331739,-0.134890601399546,0.0963191762293612,ST
114.6,-0.208751901984215,-1.03598368167877,9.33342266082764,0.0381099991500378,-1.41769194602966,0.777444005012512,-885.900024414062,30.9000015258789,-899.700012207031,3.11074867519465,-0.041770263201575,0.10773338928224,ST
114.633333333333,0.583787560462952,-0.939084470272064,8.25138187408447,0.0990860015153885,-2.40855193138123,0.830797970294952,-893.100036621094,30.3000011444092,-870.900024414062,3.10821703656026,0.0507871876878725,0.112107294276827,ST
114.666666666667,0.0478514358401299,-1.26686680316925,9.69649600982666,0.899396002292633,-1.43293595314026,0.945127964019775,-905.100036621094,32.1000022888184,-880.500061035156,3.1049158899795,0.0144988942186007,0.125672224349155,ST
114.7,0.724949300289154,-1.14484560489655,9.71264553070068,1.08232402801514,-1.6615959405899,0.868907988071442,-902.700012207031,38.1000022888184,-878.100036621094,3.10247409070234,0.0662508780776699,0.11724499580282,ST
114.733333333333,1.00368392467499,-0.985739588737488,9.32205867767334,1.265251994133,-2.11129403114319,1.05183601379395,-914.700012207031,35.1000022888184,-880.500061035156,3.10021852371437,0.101283959999433,0.10615262728368,ST
114.766666666667,0.498851239681244,-0.471934795379639,9.48594951629639,1.43293595314026,-1.61586391925812,0.960371971130371,-912.300048828125,39.9000015258789,-882.900024414062,3.10133068461233,0.0644789784479667,0.0591807888011063,ST
114.8,-0.44322395324707,-0.288903057575226,9.71503829956055,2.10367202758789,0.304879993200302,1.45580196380615,-914.700012207031,35.1000022888184,-885.300048828125,3.09812425676703,-0.0276015578175353,0.031643500053691,ST
114.833333333333,-1.38470101356506,0.340343356132507,9.88730335235596,2.10367202758789,0.853663980960846,2.18751406669617,-914.700012207031,30.9000015258789,-894.900024414062,3.0823347504874,-0.139723274455784,-0.0381591959896061,ST
114.866666666667,-1.40264523029327,0.713584542274475,9.81612396240234,1.69970595836639,0.693601965904236,1.50153398513794,-905.100036621094,29.1000003814697,-885.300048828125,3.07499324208848,-0.142082933812744,-0.0687506112075381,ST
114.9,-0.858335137367249,0.617283523082733,7.9636754989624,1.51677799224854,1.03659200668335,0.87652999162674,-900.300048828125,29.1000003814697,-892.500061035156,3.07209599009903,-0.11545993371941,-0.0779098313207906,ST
114.933333333333,-1.61139714717865,0.498851239681244,8.95539665222168,1.16616594791412,2.01982998847961,0.0990860015153885,-900.300048828125,33.3000030517578,-892.500061035156,3.07430520135052,-0.170228778965112,-0.0611717239747899,ST
114.966666666667,-1.34462535381317,0.438438802957535,9.37648963928223,-0.205793991684914,0.907018005847931,-0.708845973014832,-902.700012207031,30.3000011444092,-875.700012207031,3.07770000210204,-0.148920381670677,-0.0490184294995779,ST
115.0,-1.56713461875916,0.489280939102173,9.75930118560791,0.0914639979600906,0.236281991004944,-0.617381989955902,-900.300048828125,32.1000022888184,-897.300048828125,3.07897937236141,-0.157358629116918,-0.0498725927341778,ST
115.033333333333,-1.41460812091827,0.0251220054924488,10.3688087463379,-0.282013982534409,0.0609759986400604,-1.12805593013763,-893.100036621094,30.3000011444092,-880.500061035156,3.08731231124633,-0.139878792171286,-0.0107714705522911,ST
115.066666666667,-0.988132178783417,-0.174657747149467,10.5123624801636,-0.830797970294952,-0.541162014007568,-1.80641400814056,-900.300048828125,35.1000022888184,-880.500061035156,3.09402882344621,-0.102260017243847,0.0125667836465418,ST
115.1,0.30923992395401,-0.583189368247986,9.11270809173584,-1.60061991214752,-1.22714197635651,-2.76678586006165,-893.100036621094,30.9000015258789,-894.900024414062,3.10234611376216,0.0098234829822924,0.0565575613410179,ST
115.133333333333,0.269164323806763,-0.500645637512207,8.04322814941406,-1.28811800479889,-0.594515979290009,-3.13264203071594,-893.100036621094,30.9000015258789,-894.900024414062,3.10961941346331,0.0300230092873988,0.0628228421707399,ST
115.166666666667,-0.404942780733109,-0.550291538238525,9.17730808258057,-0.708845973014832,0.434453994035721,-2.26373386383057,-902.700012207031,33.3000030517578,-882.900024414062,3.11488870567044,-0.0294936120978028,0.061501159903053,ST
115.2,-0.319408357143402,-0.507225215435028,9.13842868804932,-0.807931959629059,-0.0838419944047928,-1.62348592281342,-893.100036621094,29.7000007629395,-892.500061035156,3.11843569826553,-0.0335476994767359,0.0578660074862095,ST
115.233333333333,0.0645994395017624,-0.651975810527802,9.31787109375,-1.39482593536377,-0.510673999786377,-1.35671591758728,-907.500061035156,30.9000015258789,-885.300048828125,3.12180423954023,0.0005479830831284,0.069739976216053,ST
115.266666666667,-0.501243829727173,-1.12749946117401,10.3131809234619,-1.55488801002502,-0.0457319989800453,-0.967993974685669,-912.300048828125,33.9000015258789,-875.700012207031,3.12458078378565,-0.0382466099266867,0.103193319809283,ST
115.3,-0.904392182826996,-1.33924210071564,10.5877285003662,-1.05183601379395,0.449698001146317,-1.08994603157043,-902.700012207031,35.1000022888184,-878.100036621094,3.12816847470148,-0.0756566037836985,0.122817942475083,ST
115.333333333333,-0.697434723377228,-1.29677391052246,10.5470552444458,-0.769822001457214,-0.0076219998300075,-1.60824191570282,-897.900024414062,39.9000015258789,-882.900024414062,3.13176747410346,-0.0672906047481751,0.123663624139294,ST
115.366666666667,-0.160900458693504,-0.889438569545746,9.68931770324707,0.0533539988100529,-1.03659200668335,-1.06708002090454,-914.700012207031,32.7000007629395,-870.900024414062,3.1327618671382,-0.0251727108035111,0.0979910513125304,ST
115.4,-0.950449168682098,-0.679490387439728,9.07681941986084,1.27287399768829,0.426831990480423,-0.335367977619171,-909.900024414062,35.1000022888184,-880.500061035156,3.13264844946631,-0.0913788318654639,0.0768457156328488,ST
115.433333333333,-0.69564026594162,-0.942075192928314,8.85849761962891,0.259148001670837,1.27287399768829,-0.297257989645004,-905.100036621094,39.9000015258789,-873.300048828125,3.13579905218869,-0.0819944633672048,0.100746874397706,ST
115.466666666667,-1.1316864490509,-1.12809765338898,8.23642826080322,0.0838419944047928,1.15854394435883,-0.525918006896973,-900.300048828125,36.3000030517578,-873.300048828125,3.14044621414294,-0.127344505209704,0.129758291013285,ST
115.5,-1.1735565662384,-1.68078172206879,10.082896232605,-0.449698001146317,0.708845973014832,-1.79117000102997,-905.100036621094,37.5,-878.100036621094,-3.13500679066699,-0.117557654249616,0.158994436941683,ST
115.533333333333,-0.550889670848846,-1.9589182138443,10.030858039856,-0.800309956073761,-0.632625997066498,-1.95123195648193,-895.500061035156,41.1000022888184,-873.300048828125,-3.12841929050752,-0.0653665448763592,0.187404707051283,ST
115.566666666667,-0.664536833763123,-1.52406823635101,9.06366062164307,-0.381099998950958,-0.769822001457214,-0.655492007732391,-897.900024414062,36.9000015258789,-873.300048828125,-3.1283574731354,-0.0697137019062315,0.170906997835469,ST
115.6,-1.16996765136719,-1.76033473014832,8.83397388458252,0.144817993044853,1.01372599601746,1.02897000312805,-900.300048828125,36.9000015258789,-873.300048828125,-3.12834613993364,-0.119552177804344,0.191459103699621,NLR
115.633333333333,-1.37991583347321,-2.03607869148254,9.84662914276123,0.0762199983000755,1.84452390670776,1.63110792636871,-893.100036621094,40.5,-870.900024414062,-3.12993505366176,-0.135961134229979,0.201063581804586,NLR
115.666666666667,-0.0430662930011749,-1.93618881702423,10.6702728271484,-0.190549999475479,0.46494197845459,1.29574000835419,-893.100036621094,40.5,-887.700012207031,-3.13411941794263,-0.0316112815675377,0.184042858402428,NLR
115.7,0.105871304869652,-1.77409207820892,8.82260894775391,2.20275783538818,0.693601965904236,-1.29574000835419,-893.100036621094,37.5,-870.900024414062,-3.13039559869804,0.0038482829219262,0.192846969478607,NLR
115.733333333333,-1.67898726463318,-1.50732028484344,9.14740085601807,3.95581793785095,2.35519790649414,-3.33081388473511,-900.300048828125,38.7000007629395,-890.100036621094,-3.12326937610279,-0.144549235923115,0.164436444236435,NLR
115.766666666667,-1.52347016334534,-1.4821982383728,10.4782686233521,3.56709599494934,2.17989206314087,-6.93601989746094,-895.500061035156,37.5,-868.500061035156,-3.1089620858107,-0.144856052590357,0.141825522659281,NLR
115.8,-1.62515449523926,-1.44750595092773,10.5285129547119,5.04576396942139,0.92988395690918,-9.84762382507324,-897.900024414062,33.3000030517578,-875.700012207031,-3.08536099612713,-0.149850124079265,0.132558833342193,NLR
115.833333333333,-0.637022256851196,-1.08263874053955,8.84234714508057,4.50460195541382,-1.98171997070312,-14.2988719940186,-914.700012207031,40.5,-875.700012207031,-3.05277519244577,-0.0809826792317915,0.119597861017054,NLR
115.866666666667,-1.64429497718811,-0.0352904349565506,9.1330451965332,5.53357172012329,-2.71343183517456,-14.6799716949463,-909.900024414062,37.5,-890.100036621094,-3.0295983931793,-0.153694456332925,0.0224077589120026,NLR
115.9,-1.65386533737183,-0.0705808699131012,9.01640701293945,5.53357172012329,-1.96647596359253,-12.6296539306641,-933.900024414062,36.3000030517578,-885.300048828125,-3.00153912328977,-0.172867785873154,0.0059982364584806,NLR
115.933333333333,-1.10177934169769,1.23695969581604,8.43800258636475,4.74088382720947,-2.24848985671997,-10.1525039672852,-936.300048828125,39.9000015258789,-885.300048828125,-2.99368562064435,-0.13369906093676,-0.126463765492459,NLR
115.966666666667,-0.760239720344543,0.544908225536346,8.89558219909668,3.66618180274963,-1.48628997802734,-6.12046575546265,-941.100036621094,38.1000022888184,-880.500061035156,-2.97299544841654,-0.0936995345412056,-0.078446102788028,NLR
116.0,-0.762632310390472,0.747678697109222,9.78561878204346,2.90398192405701,-0.297257989645004,-4.46649169921875,-962.700012207031,40.5,-885.300048828125,-2.96229213969413,-0.0808867020756696,-0.0802087594675916,NLR
116.033333333333,-0.978561878204346,0.986935913562775,9.72281360626221,2.39330792427063,-0.609759986400604,-3.62807202339172,-950.700012207031,38.1000022888184,-892.500061035156,-2.95511334898827,-0.0956112259746421,-0.0998071467976038,NLR
116.066666666667,-0.824241042137146,0.768613696098328,11.8785209655762,0.975615978240967,-0.731711983680725,-2.05031800270081,-957.900024414062,35.7000007629395,-885.300048828125,-2.94222606954693,-0.0684349073498655,-0.0664584447479862,NLR
116.1,1.14723825454712,0.439635097980499,7.80815839767456,0.472563982009888,-1.95123195648193,-1.22714197635651,-957.900024414062,39.9000015258789,-892.500061035156,-2.93672471429413,0.145213875882372,-0.0575390682344836,NLR
116.133333333333,-0.247033044695854,0.767417430877686,8.83935642242432,0.518296003341675,0.815553963184357,-1.83690190315247,-957.900024414062,36.9000015258789,-887.700012207031,-2.93091040288757,0.005879461184156,-0.0816703086989479,NLR
116.166666666667,-0.465355217456818,0.946860313415527,9.75870227813721,0.480185985565186,0.0533539988100529,-0.510673999786377,-967.500061035156,38.1000022888184,-899.700012207031,-2.92992800370187,-0.0368184333999764,-0.0943455632232415,NLR
116.2,-1.98822724819183,0.634031534194946,11.5154485702515,1.02134799957275,2.21800184249878,-0.708845973014832,-967.500061035156,41.1000022888184,-897.300048828125,-2.92086248398443,-0.174653186212263,-0.0566058391627251,NLR
116.233333333333,-0.820053994655609,0.0945065915584564,11.3557443618774,-0.403965979814529,0.0228659994900227,-0.602137982845306,-955.500061035156,40.5,-897.300048828125,-3.01199918230297,-0.589581271463153,-0.325015042402725,NLR
116.266666666667,0.0986935868859291,-0.589170813560486,10.7863121032715,0.144817993044853,-0.381099998950958,-0.640248000621796,-960.300048828125,39.9000015258789,-882.900024414062,-2.89809670936128,-0.101775861122638,-0.0054645684324041,NLR
116.3,-0.379222631454468,-0.614292860031128,10.4591283798218,0.289635986089706,-0.106707997620106,-0.381099998950958,-969.900024414062,36.9000015258789,-899.700012207031,-2.89327088308182,-0.0485035275745638,0.0461581728447795,NLR
116.333333333333,-0.713584542274475,-0.532945394515991,10.2952365875244,0.327746003866196,0.472563982009888,0.198172003030777,-969.900024414062,38.1000022888184,-904.500061035156,-2.89342559356063,-0.0663515287190739,0.0502947556465191,NLR
116.366666666667,-0.401952087879181,-0.289501190185547,10.2288427352905,0.0304879993200302,-0.182927995920181,0.663114011287689,-972.300048828125,41.7000007629395,-899.700012207031,-2.89594158582632,-0.0445037435004819,0.0326329198861878,NLR
116.4,0.249425619840622,0.0221312902867794,8.67546558380127,0.579271972179413,-1.44817996025085,1.74543797969818,-957.900024414062,40.5,-892.500061035156,-2.90041637129781,0.0159506362869575,0.0037248968022946,NLR
116.433333333333,0.110058307647705,0.154320880770683,7.39902877807617,1.02897000312805,-1.14329993724823,2.52288198471069,-972.300048828125,38.1000022888184,-885.300048828125,-2.90590557057341,0.0167155741162915,-0.0172764195462329,NLR
116.466666666667,-0.616685390472412,0.526963949203491,9.10612869262695,0.0990860015153885,-0.396344006061554,3.61282801628113,-972.300048828125,33.3000030517578,-894.900024414062,-2.91500480128922,-0.0507464259135971,-0.0503619615844401,NLR
116.5,-1.11792922019958,0.270360618829727,9.80475997924805,-1.55488801002502,-1.11281192302704,8.33084583282471,-969.900024414062,39.3000030517578,-878.100036621094,-2.93396058262644,-0.100235588169175,-0.0304201779499083,NLR
116.533333333333,-0.889438569545746,-0.367857933044434,10.5620088577271,-2.02745199203491,-0.160062000155449,10.4116516113281,-957.900024414062,34.5,-904.500061035156,-2.95325988523888,-0.0871057991322999,0.023158590480798,NLR
116.566666666667,-0.463560789823532,-0.687266290187836,10.1151962280273,-2.14178204536438,0.0762199983000755,11.6845254898071,-943.500061035156,35.7000007629395,-899.700012207031,-2.97775817445425,-0.0549244883398291,0.0607448165767269,NLR
116.6,0.252416342496872,-1.88056147098541,9.40280723571777,-2.57623600959778,-0.350611984729767,11.7759895324707,-948.300048828125,36.3000030517578,-897.300048828125,-3.00232871690415,0.0081724478753759,0.17311641626723,NLR
116.633333333333,-0.270360618829727,-0.96360832452774,9.85380744934082,-1.43293595314026,0.6250039935112,8.73481178283691,-938.700012207031,34.5,-899.700012207031,-3.02309357652046,-0.0231146838388049,0.113740800217479,NLR
116.666666666667,-0.107067592442036,-0.717771589756012,9.14680194854736,-0.0533539988100529,-0.480185985565186,8.03358745574951,-931.500061035156,45.3000030517578,-887.700012207031,-3.04214664849043,-0.0143824874170189,0.0853284712092488,NLR
116.7,-0.452794224023819,-0.585581958293915,9.4315185546875,0.548784017562866,-1.08232402801514,7.66773176193237,-917.100036621094,37.5,-880.500061035156,-3.06044642058418,-0.0404037486384929,0.0656181262357295,NLR
116.733333333333,-0.223107323050499,-0.412718653678894,9.17611122131348,1.2423859834671,-0.937505960464478,7.10370397567749,-941.100036621094,32.7000007629395,-887.700012207031,-3.07792586889017,-0.0265581313464612,0.0467926415077554,NLR
116.766666666667,-0.232677608728409,-0.412120521068573,9.25387001037598,1.05183601379395,-0.99848198890686,6.86742162704468,-926.700012207031,31.5000019073486,-892.500061035156,-3.09481936427393,-0.0243784614057583,0.0431562570494468,NLR
116.8,0.14355431497097,-0.0759641602635384,10.5799531936646,0.510673999786377,-1.79879200458527,6.80644607543945,-909.900024414062,34.5,-882.900024414062,-3.11084000215322,0.0081910652777337,0.0136838294353762,NLR
116.833333333333,0.967795312404633,0.549095273017883,9.4075927734375,0.640248000621796,-3.28508186340332,7.09608173370361,-931.500061035156,32.7000007629395,-894.900024414062,-3.12435427604398,0.0881587902097246,-0.0440186164036284,NLR
116.866666666667,1.14903259277344,0.401952087879181,8.83337497711182,1.08232402801514,-2.69056582450867,7.86590385437012,-931.500061035156,30.3000011444092,-892.500061035156,3.1409912038836,0.125181415912484,-0.0454814043628377,NLR
116.9,0.541319370269775,0.18183545768261,10.2013282775879,0.617381989955902,-0.137196004390717,7.21041202545166,-921.900024414062,27.3000011444092,-882.900024414062,3.12011105074399,0.0649071841490046,-0.0221657112872179,NLR
116.933333333333,-0.37324121594429,0.483897656202316,10.4872407913208,0.884151995182037,0.937505960464478,6.15857601165771,-917.100036621094,26.1000003814697,-897.300048828125,3.10630387385994,-0.0162706491336973,-0.0423992369681936,NLR
116.966666666667,-0.0418700091540813,0.182433605194092,9.54277324676514,0.0533539988100529,0.815553963184357,4.82472610473633,-924.300048828125,24.9000015258789,-890.100036621094,3.09535557044379,-0.0077109757429286,-0.0239544819512078,NLR
117.0,-0.0657957270741463,0.504234552383423,9.97582817077637,-0.259148001670837,0.769822001457214,3.56709599494934,-905.100036621094,24.9000015258789,-882.900024414062,3.08691561461167,-0.007701729317095,-0.0448301169255244,NLR
117.033333333333,-0.830820560455322,0.541917502880096,10.2396097183228,0.327746003866196,0.868907988071442,2.67532205581665,-914.700012207031,26.1000003814697,-894.900024414062,3.0798444940849,-0.0696331520783381,-0.0521919875179199,NLR
117.066666666667,-1.15680849552155,0.690257012844086,8.43740463256836,0.503051996231079,1.65397393703461,2.00458598136902,-919.500061035156,30.9000015258789,-894.900024414062,3.07274901542922,-0.124579285654013,-0.0766726630371208,NLR
117.1,-1.17714536190033,0.135180309414864,10.3682098388672,-0.548784017562866,1.93598794937134,2.0579400062561,-909.900024414062,21.3000011444092,-890.100036621094,3.07386785582205,-0.117981196318573,-0.0254438669608467,NLR
117.133333333333,-0.263182908296585,0.372044920921326,10.9011554718018,-1.61586391925812,-2.27897787094116,0.495429992675781,-897.900024414062,26.1000003814697,-892.500061035156,3.07205845711719,-0.0355607174914557,-0.0304277133003008,NLR
117.166666666667,0.519188106060028,0.473131090402603,7.23513746261597,-1.6920839548111,-4.16161203384399,-0.426831990480423,-900.300048828125,29.1000003814697,-880.500061035156,3.0737466273751,0.0556408669910036,-0.0559143317472579,NLR
117.2,0.227892473340034,0.0370848625898361,9.43331241607666,-2.56099200248718,-1.88263392448425,-0.167683988809586,-917.100036621094,30.9000015258789,-887.700012207031,3.0725403842923,0.0331259843156755,-0.010844928026434,NLR
117.233333333333,-0.0215331465005875,-0.397166937589645,8.87703990936279,-1.75305998325348,-0.365855991840363,0.266770005226135,-914.700012207031,27.9000015258789,-892.500061035156,3.07109520524365,0.0052519415986076,0.0359626392201314,NLR
117.266666666667,-0.190807610750198,-0.726743698120117,8.85012340545654,-1.84452390670776,0.144817993044853,-0.0457319989800453,-919.500061035156,27.9000015258789,-882.900024414062,3.07141265749699,-0.0162923502691915,0.0752356432679411,NLR
117.3,0.07656230032444,-1.0395724773407,9.69350528717041,-2.67532205581665,0.175305992364883,-1.31860601902008,-924.300048828125,26.7000007629395,-890.100036621094,3.07499378986417,0.0039750291841955,0.105796931607699,NLR
117.333333333333,-1.34522354602814,-1.5121054649353,11.4813547134399,-1.93598794937134,0.823175966739655,-1.95123195648193,-909.900024414062,34.5,-873.300048828125,3.08097997115628,-0.0963650470388731,0.129721862133015,NLR
117.366666666667,-1.21363210678101,-0.986935913562775,12.1716117858887,-2.32470989227295,0.868907988071442,-2.09605002403259,-919.500061035156,34.5,-880.500061035156,3.08199120335823,-0.0994344963117483,0.0942889131815571,NLR
117.4,0.469542235136032,-0.776389598846436,9.46321964263916,-2.4847719669342,-0.990859985351562,-1.73781597614288,-921.900024414062,38.7000007629395,-880.500061035156,3.08528828960171,0.0209109699463798,0.0879251318688473,NLR
117.433333333333,0.0251220054924488,-1.63293027877808,8.03306007385254,-1.71494996547699,0.548784017562866,-0.769822001457214,-914.700012207031,35.7000007629395,-887.700012207031,3.08602227537919,0.0060853479404023,0.180187181136068,ST
117.466666666667,-0.256603330373764,-1.22619307041168,8.57378101348877,-1.79879200458527,1.77592599391937,-0.617381989955902,-909.900024414062,33.3000030517578,-873.300048828125,3.08780462787625,-0.0247311325549647,0.152272949649306,ST
117.5,-0.419896364212036,-1.44092643260956,8.62881088256836,-1.11281192302704,0.663114011287689,-0.0076219998300075,-921.900024414062,28.5000019073486,-882.900024414062,3.08839080252415,-0.0441892496998643,0.16436202472397,ST
117.533333333333,-0.966000914573669,-1.8446729183197,8.4469747543335,-0.586893975734711,0.815553963184357,0.594515979290009,-907.500061035156,36.3000030517578,-885.300048828125,3.09026541237526,-0.0998239920413102,0.206139257926792,ST
117.566666666667,-1.25370764732361,-1.69095015525818,8.91950798034668,0.175305992364883,1.19665396213531,1.13567793369293,-907.500061035156,36.3000030517578,-885.300048828125,3.08652856615451,-0.131642426372211,0.190769132858328,ST
117.6,-1.79323267936707,-1.79502701759338,10.3125829696655,0.823175966739655,0.807931959629059,1.50153398513794,-905.100036621094,33.3000030517578,-882.900024414062,3.08140417679755,-0.163492055609158,0.174641269362437,ST
117.633333333333,-1.79323267936707,-1.13886415958405,11.1942453384399,1.60061991214752,-0.556405961513519,2.4923939704895,-902.700012207031,32.7000007629395,-875.700012207031,3.06636890144897,-0.158918362750046,0.113342761026029,ST
117.666666666667,-0.68965882062912,-0.644798099994659,10.2844705581665,2.080806016922,-2.15702605247498,3.02593398094177,-905.100036621094,41.1000022888184,-887.700012207031,3.05379026475652,-0.0805871475348567,0.068146986580486,ST
117.7,-0.445616513490677,-0.0747678726911545,9.34299278259277,2.9344699382782,-2.33233189582825,3.43752193450928,-914.700012207031,33.3000030517578,-878.100036621094,3.04212228233614,-0.0503757705466759,0.0142144813607451,ST
117.733333333333,-0.0490477234125137,-0.208751901984215,9.07741737365723,2.64483404159546,-0.137196004390717,3.29270386695862,-900.300048828125,29.1000003814697,-875.700012207031,3.03438617687395,-0.0133125470393406,0.0175117184453727,ST
117.766666666667,-0.0089721446856856,0.209948182106018,9.33043193817139,1.70732796192169,-0.0228659994900227,2.78965187072754,-900.300048828125,30.9000015258789,-870.900024414062,3.0271176603518,-0.0029770935228186,-0.0182910685010303,ST
117.8,0.0747678726911545,0.271556913852692,9.42194843292236,1.34909391403198,-1.265251994133,2.39330792427063,-912.300048828125,31.5000019073486,-890.100036621094,3.02119755359429,0.0080271260369315,-0.0289935624849043,ST
117.833333333333,0.25839775800705,0.366063505411148,8.85849761962891,1.12043392658234,-1.08994603157043,1.2576299905777,-912.300048828125,26.7000007629395,-878.100036621094,3.01854052181556,0.0264637960462869,-0.0403478117149152,ST
117.866666666667,0.196789041161537,0.194396466016769,8.99248123168945,0.967993974685669,-0.152439996600151,0.716467976570129,-900.300048828125,28.5000019073486,-880.500061035156,3.01651043856543,0.0230448233997841,-0.0267139312916902,ST
117.9,-0.382811486721039,0.479710668325424,9.62352180480957,0.586893975734711,-0.304879993200302,0.381099998950958,-902.700012207031,30.3000011444092,-882.900024414062,3.01562614527908,-0.0266087383531528,-0.0459716420217967,ST
117.933333333333,0.227294325828552,0.148937597870827,9.40998554229736,-0.37347799539566,-0.907018005847931,0.144817993044853,-902.700012207031,36.3000030517578,-882.900024414062,3.0154433156883,0.0174873908111005,-0.0200305284292745,ST
117.966666666667,0.65735912322998,0.15312460064888,10.1026344299316,-1.20427596569061,-1.99696397781372,0.0381099991500378,-902.700012207031,29.1000003814697,-890.100036621094,3.01532664953244,0.0599014607763743,-0.0142255091040428,ST
118.0,0.186022460460663,-0.181237325072289,10.1618509292603,-1.00610399246216,-1.6692179441452,-0.152439996600151,-905.100036621094,27.9000015258789,-882.900024414062,3.01458408284782,0.0290178604389512,0.0127729266240382,ST
118.033333333333,-0.595152258872986,-0.253014475107193,9.37230205535889,-0.434453994035721,0.0304879993200302,-0.297257989645004,-905.100036621094,29.7000007629395,-885.300048828125,3.01535700181464,-0.0447806071611129,0.0247314496846742,ST
118.066666666667,-1.32069969177246,-0.648985147476196,10.1385231018066,-0.830797970294952,1.11281192302704,-0.609759986400604,-905.100036621094,32.7000007629395,-890.100036621094,3.01928374507841,-0.113747272959206,0.0572090092324749,ST
118.1,-0.979758203029633,-0.522178828716278,9.5565299987793,-2.20275783538818,-0.617381989955902,-0.442075997591019,-917.100036621094,31.5000019073486,-885.300048828125,3.01977476654928,-0.103484588306215,0.0582445594539073,ST
118.133333333333,-0.765024840831757,-0.345128506422043,8.692214012146,-2.11891603469849,-0.708845973014832,-0.724089980125427,-902.700012207031,31.5000019073486,-873.300048828125,3.01973894504888,-0.0898618234737964,0.0464638123119711,ST
118.166666666667,-0.998300611972809,-0.57660984992981,10.3526582717896,-1.47104597091675,0.480185985565186,-0.327746003866196,-924.300048828125,35.7000007629395,-880.500061035156,3.02110427629439,-0.0953952275934298,0.0558858865874224,ST
118.2,-0.530552804470062,-0.773997008800507,10.3891448974609,-0.815553963184357,-0.571649968624115,-0.449698001146317,-902.700012207031,36.3000030517578,-885.300048828125,3.02324944279054,-0.0574847280640552,0.072498975882189,ST
118.233333333333,-0.611302137374878,-0.727940022945404,9.92139720916748,-0.381099998950958,-0.960371971130371,-1.08994603157043,-909.900024414062,34.5,-894.900024414062,3.02560730959903,-0.0591427888345346,0.0737043887911374,ST
118.266666666667,-0.358287632465363,-0.57062840461731,9.79399299621582,-0.167683988809586,-1.38720393180847,-1.00610399246216,-926.700012207031,38.7000007629395,-887.700012207031,3.02708842933181,-0.0390458832874691,0.0616135553433487,ST
118.3,0.271556913852692,-0.705210566520691,9.12048435211182,-0.160062000155449,-1.41006994247437,-0.861285984516144,-926.700012207031,36.9000015258789,-894.900024414062,3.02912667559605,0.0202668539348537,0.0747954827257978,ST
118.333333333333,0.218920320272446,-0.637022256851196,9.1689338684082,0.259148001670837,-0.990859985351562,-0.746955990791321,-929.100036621094,30.9000015258789,-885.300048828125,3.03081809385139,0.0246146587217679,0.0700068069773458,ST
118.366666666667,-0.285912334918976,-0.562852561473846,9.0253791809082,1.265251994133,-0.327746003866196,-1.01372599601746,-929.100036621094,39.9000015258789,-882.900024414062,3.0331784000321,-0.020378698425731,0.0619699291189408,ST
118.4,-0.55866551399231,-0.694444000720978,10.5626068115234,0.708845973014832,0.129574000835419,-1.31098401546478,-924.300048828125,33.3000030517578,-880.500061035156,3.03652221664438,-0.04701874279266,0.0640486914818461,ST
118.433333333333,-0.0412718653678894,-0.672312676906586,10.995662689209,0.495429992675781,-0.259148001670837,-1.2423859834671,-926.700012207031,32.1000022888184,-892.500061035156,3.03928464051791,-0.0120009790243004,0.0610224186034039,ST
118.466666666667,0.280529052019119,-0.659751713275909,8.78133678436279,0.282013982534409,0.0990860015153885,-1.28049600124359,-931.500061035156,44.1000022888184,-892.500061035156,3.04235247581446,0.0239983606930447,0.0720717753082345,ST
118.5,-0.126208171248436,-0.61847984790802,10.0559797286987,-0.0533539988100529,1.17378795146942,-0.693601965904236,-926.700012207031,36.3000030517578,-890.100036621094,3.04420401217565,-0.006732727725759,0.0636431542259866,ST
118.533333333333,-0.0891233012080193,-0.712986409664154,10.3406953811646,-0.0685980021953583,0.945127964019775,-0.137196004390717,-929.100036621094,33.9000015258789,-892.500061035156,3.04469569585478,-0.00952376359836,0.0678912320768214,ST
118.566666666667,-0.0675901547074318,-1.24772620201111,8.04263019561768,-0.350611984729767,0.754577994346619,-0.0914639979600906,-924.300048828125,35.1000022888184,-890.100036621094,3.04573640550532,-0.0095884748082586,0.137049887906966,ST
118.6,-0.141759887337685,-1.05452609062195,8.08031368255615,-1.05945801734924,0.792688012123108,-0.960371971130371,-938.700012207031,38.1000022888184,-880.500061035156,3.0480853852906,-0.0167372620984873,0.132736375250831,ST
118.633333333333,-1.1837249994278,-1.0455539226532,10.2868623733521,-0.685979962348938,-0.236281991004944,-0.106707997620106,-919.500061035156,41.7000007629395,-885.300048828125,3.04677825988961,-0.096257974114295,0.107967342480191,ST
118.666666666667,-0.894223749637604,-1.4241783618927,10.9029502868652,-0.769822001457214,-0.739333987236023,0.449698001146317,-917.100036621094,39.3000030517578,-897.300048828125,3.04701607721434,-0.082874227703206,0.127015462000175,ST
118.7,0.90977543592453,-1.24892246723175,9.85141468048096,-1.45580196380615,-2.84300589561462,0.472563982009888,-936.300048828125,36.3000030517578,-875.700012207031,3.04496773141522,0.0640647771155833,0.128452144026209,ST
118.733333333333,0.811680018901825,-1.57311606407166,8.43321800231934,-0.487807989120483,-1.93598794937134,0.777444005012512,-941.100036621094,41.1000022888184,-887.700012207031,3.03910259835974,0.0907452887442755,0.173917521283041,ST
118.766666666667,0.497056812047958,-1.98643279075623,9.27779579162598,-0.289635986089706,0.670735955238342,0.46494197845459,-936.300048828125,45.3000030517578,-882.900024414062,3.03614562531025,0.0590545789609063,0.203920542238394,ST
118.8,-0.0083740018308162,-1.75913846492767,8.73528003692627,-0.167683988809586,1.09756803512573,0.274392008781433,-933.900024414062,42.9000015258789,-887.700012207031,3.03618136862543,0.0095790416125821,0.200022236102548,ST
118.833333333333,-0.183031752705574,-2.11742615699768,9.76468372344971,-0.396344006061554,1.33385002613068,0.884151995182037,-936.300048828125,38.7000007629395,-875.700012207031,3.03480237292687,-0.0151246357900182,0.211532860984196,ST
118.866666666667,-0.528758406639099,-1.51090919971466,10.402304649353,0.6250039935112,0.663114011287689,1.38720393180847,-917.100036621094,36.3000030517578,-875.700012207031,3.02999795702021,-0.045682091758626,0.154583499439236,ST
118.9,-0.832016885280609,-1.47801125049591,9.75272083282471,1.94360995292664,1.22714197635651,1.90549993515015,-921.900024414062,39.3000030517578,-875.700012207031,3.02598402192507,-0.0784869155288568,0.14838489257314,ST
118.933333333333,-0.893027484416962,-1.51928317546844,9.55294132232666,1.77592599391937,2.12653803825378,0.884151995182037,-914.700012207031,41.1000022888184,-878.100036621094,3.02541683110859,-0.0930318753018379,0.153500456323418,ST
118.966666666667,-0.849961161613464,-1.03478729724884,8.45534896850586,0.891773998737335,0.602137982845306,0.685979962348938,-905.100036621094,40.5,-873.300048828125,3.02169302389759,-0.0991275919627655,0.126849286016204,ST
119.0,-1.2818204164505,-0.970786035060883,7.79739189147949,1.11281192302704,0.175305992364883,1.04421401023865,-921.900024414062,39.9000015258789,-880.500061035156,3.01911054240167,-0.15025631849435,0.122676297267996,ST
119.033333333333,-1.07366669178009,-1.44152450561523,8.56301498413086,0.92988395690918,0.990859985351562,1.32622802257538,-907.500061035156,35.1000022888184,-878.100036621094,3.02144237029637,-0.130173785129064,0.156401778638242,ST
119.066666666667,-1.69394087791443,-1.51748871803284,9.89986419677734,0.571649968624115,-0.106707997620106,1.22714197635651,-909.900024414062,38.1000022888184,-885.300048828125,3.01818102639648,-0.160129833950222,0.151919748866199,ST
119.1,-1.70410931110382,-1.37154185771942,10.9490070343018,0.297257989645004,-1.75305998325348,1.44055795669556,-900.300048828125,36.9000015258789,-880.500061035156,3.010489856908,-0.152152508977553,0.128386300911718,ST
119.133333333333,-0.412120521068573,-1.22499680519104,10.4633150100708,0.152439996600151,-3.33081388473511,2.37806391716003,-912.300048828125,38.1000022888184,-878.100036621094,3.00253402643337,-0.0537188858457744,0.117976829527419,ST
119.166666666667,0.608311414718628,-1.47920751571655,9.34598350524902,0.503051996231079,-2.98782396316528,2.88111591339111,-912.300048828125,38.1000022888184,-873.300048828125,2.99519558816637,0.0439499001934867,0.148457417827974,ST
119.2,0.099889874458313,-1.44331896305084,8.31119632720947,1.31860601902008,0.198172003030777,2.13416004180908,-929.100036621094,42.3000030517578,-885.300048828125,2.98979439648184,0.0175714920826356,0.165459387950921,ST
119.233333333333,-0.424083352088928,-1.22260427474976,8.65811920166016,1.02897000312805,1.41006994247437,1.48628997802734,-917.100036621094,37.5,-880.500061035156,2.98672152619845,-0.0374104345485011,0.143913869064135,ST
119.266666666667,-0.613694667816162,-1.12091994285583,9.61335372924805,1.18903195858002,0.342989981174469,1.78354799747467,-919.500061035156,33.9000015258789,-875.700012207031,2.98173342367236,-0.0589000140479175,0.119914236120171,ST
119.3,-1.38888800144196,-0.57361912727356,10.1935529708862,2.5076379776001,0.449698001146317,1.37958192825317,-909.900024414062,31.5000019073486,-880.500061035156,2.97396903991995,-0.122416559959666,0.0638964464397339,ST
119.333333333333,-1.36197149753571,-0.66633129119873,10.6738615036011,2.96495795249939,0.914639949798584,1.53202199935913,-909.900024414062,33.9000015258789,-870.900024414062,2.97075038162291,-0.127213498287584,0.0582665633943543,ST
119.366666666667,-0.442625790834427,-0.706406831741333,11.353949546814,1.6844619512558,-0.685979962348938,1.92074394226074,-914.700012207031,33.3000030517578,-885.300048828125,2.96666466245641,-0.0559103402674627,0.0588001302244435,ST
119.4,0.665733098983765,-0.628050148487091,9.29454326629639,0.571649968624115,-2.79727387428284,1.2347639799118,-921.900024414062,27.9000015258789,-892.500061035156,2.96345137948865,0.0494202803805659,0.0649588272757394,ST
119.433333333333,1.05512416362762,-0.377428203821182,7.23214673995972,-0.411587983369827,-2.68294382095337,-0.0762199983000755,-917.100036621094,38.7000007629395,-894.900024414062,2.96419897956646,0.129197390505817,0.0553484202934442,ST
119.466666666667,1.15920102596283,-0.726145565509796,7.19506168365479,-0.221037998795509,-1.18140995502472,-0.640248000621796,-909.900024414062,30.9000015258789,-882.900024414062,2.96039651569324,0.154684956445898,0.0916294205427108,ST
119.5,0.321800917387009,-0.785959839820862,9.01401424407959,0.160062000155449,-0.899396002292633,-1.21189796924591,-919.500061035156,34.5,-878.100036621094,2.96337744674467,0.0610060054285309,0.0875591238952435,NLL
119.533333333333,0.177648469805717,-0.486290246248245,10.3036108016968,0.807931959629059,-1.95123195648193,-0.777444005012512,-919.500061035156,36.9000015258789,-882.900024414062,2.96626093941996,0.0288369042565176,0.0541343686170282,NLL
119.566666666667,-0.455784946680069,0.288304924964905,9.96984672546387,1.97409796714783,-2.37806391716003,0.0914639979600906,-929.100036621094,32.1000022888184,-894.900024414062,2.96598796800397,-0.0273223962854397,-0.0148780103983509,NLL
119.6,-1.77768087387085,0.376830071210861,11.9957571029663,2.97257995605469,0.846041977405548,2.56099200248718,-938.700012207031,31.5000019073486,-882.900024414062,2.95848572497713,-0.129286401255016,-0.0335231688666149,NLL
119.633333333333,0.297277063131332,-0.317613929510117,8.1724271774292,0.952749967575073,0.3125019967556,1.77592599391937,-924.300048828125,29.1000003814697,-899.700012207031,2.95812037467824,0.0023378229618598,0.0228150090065858,NLL
119.666666666667,-1.37393438816071,-0.104675017297268,10.3789768218994,-1.10518991947174,0.0685980021953583,-1.00610399246216,-921.900024414062,38.1000022888184,-890.100036621094,2.9598756419089,-0.104612628259909,0.0143227157450495,NLL
119.7,-1.08921837806702,-0.245836764574051,9.49970626831055,-0.952749967575073,0.0228659994900227,-0.236281991004944,-909.900024414062,32.7000007629395,-890.100036621094,2.96132571403547,-0.112231417317599,0.024907268479222,NLL
119.733333333333,-1.18013608455658,-0.651975810527802,9.61395168304443,-0.579271972179413,0.114329993724823,0.350611984729767,-912.300048828125,33.9000015258789,-890.100036621094,2.96446190412884,-0.120240501863092,0.0603410789826078,NLL
119.766666666667,-1.40384149551392,-0.260790348052979,10.1917581558228,-1.33385002613068,-0.777444005012512,0.914639949798584,-917.100036621094,38.7000007629395,-887.700012207031,2.95824053412557,-0.132996742868742,0.033189140241482,NLL
119.8,0.645994424819946,-0.461168229579926,8.3698148727417,-3.353679895401,-1.77592599391937,4.1311240196228,-914.700012207031,43.5,-885.300048828125,2.94863295494627,0.0414412526682936,0.0558464168263097,NLL
119.833333333333,-0.206359326839447,-0.335558205842972,8.61684799194336,-3.30794787406921,-1.73019397258759,4.90856790542603,-921.900024414062,32.7000007629395,-882.900024414062,2.93740487666082,-0.0086845222342229,0.0470162577659794,NLL
119.866666666667,0.150732025504112,-1.27344644069672,8.9236946105957,-3.58996200561523,0.228659987449646,6.74547004699707,-921.900024414062,33.9000015258789,-882.900024414062,2.92141843945166,0.0106252572268163,0.128865009544684,NLL
119.9,-0.877475738525391,-1.46126329898834,10.3077974319458,-2.0731840133667,1.08994603157043,5.68601179122925,-907.500061035156,35.7000007629395,-890.100036621094,2.90746018036612,-0.0718837687278825,0.141648635474367,NLL
119.933333333333,-1.85244882106781,-0.882260859012604,9.87713527679443,-1.04421401023865,-0.0533539988100529,6.80644607543945,-907.500061035156,36.3000030517578,-882.900024414062,2.88506659931495,-0.166809271924078,0.0982637808018484,NLL
119.966666666667,-2.32617807388306,-0.92771977186203,10.2772922515869,-1.85976791381836,-1.33385002613068,10.1677474975586,-902.700012207031,32.7000007629395,-868.500061035156,2.85752208838232,-0.211961567263375,0.0911589935859968,NLL
120.0,-1.96848857402802,-1.55816245079041,9.26822566986084,-3.53660798072815,-4.22258806228638,16.4254093170166,-902.700012207031,30.9000015258789,-873.300048828125,2.83035843008063,-0.20479511087735,0.151367827033196,NLL
120.033333333333,-0.296678900718689,-2.03308796882629,8.26095294952393,-4.29880809783936,-6.05186796188354,18.4376182556152,-900.300048828125,28.5000019073486,-880.500061035156,2.78999235484511,-0.0586402043747506,0.230678089425553,NLL
120.066666666667,0.506028950214386,-2.47033047676086,7.33502721786499,-2.46952795982361,-3.48325395584106,18.612922668457,-895.500061035156,33.3000030517578,-890.100036621094,2.74721359650176,0.0376860261572138,0.309391204845574,NLL
120.1,1.68616509437561,-3.61876487731934,8.80945014953613,-0.899396002292633,-1.03659200668335,15.4116840362549,-897.900024414062,25.5000019073486,-897.300048828125,2.7071986775285,0.141362322728025,0.376810377903652,NLL
120.133333333333,2.69463419914246,-3.48717355728149,9.234130859375,0.0228659994900227,-1.60061991214752,8.60523796081543,-902.700012207031,23.1000003814697,-887.700012207031,2.68960446031184,0.238977122085902,0.366913890416448,NLL
120.166666666667,0.779978454113007,-2.07256531715393,10.7145347595215,0.213415995240211,-1.54726600646973,1.17378795146942,-895.500061035156,24.9000015258789,-885.300048828125,2.71043733513986,0.105274812972669,0.22422019001018,NLL
120.2,-0.96659904718399,-1.59345293045044,11.4634103775024,0.327746003866196,-0.746955990791321,-0.594515979290009,-893.100036621094,28.5000019073486,-885.300048828125,2.71353262948198,-0.0483152117070678,0.153266330775001,NLL
120.233333333333,-0.721360445022583,-1.98463833332062,9.90046215057373,-1.28811800479889,-0.769822001457214,-1.42531394958496,-902.700012207031,29.7000007629395,-885.300048828125,2.71842087429107,-0.0652843012717509,0.190739391491675,NLL
120.266666666667,-0.379222631454468,-2.34591674804688,9.86397552490234,-2.11891603469849,-0.967993974685669,-1.50915598869324,-900.300048828125,21.9000015258789,-897.300048828125,2.72328261534627,-0.0405637927623658,0.228991378699884,NLL
120.3,0.112450875341892,-2.81904792785645,8.10842609405518,-2.18751406669617,-2.080806016922,-0.602137982845306,-907.500061035156,30.3000011444092,-880.500061035156,2.72479859363262,0.0052214620962001,0.31634342870693,NLL
120.333333333333,-0.473729223012924,-2.99609804153442,8.1132116317749,-1.50915598869324,-1.14329993724823,0.457319974899292,-907.500061035156,17.7000007629395,-882.900024414062,2.72345008754938,-0.0413342141637707,0.348293612893002,NLL
120.366666666667,-0.884653449058533,-3.21023321151733,9.04212760925293,-0.632625997066498,1.06708002090454,0.480185985565186,-897.900024414062,26.1000003814697,-882.900024414062,2.72278787737464,-0.085685362599296,0.34321740742694,NLL
120.4,-0.575413525104523,-3.56792283058167,9.68094444274902,-1.2500079870224,0.472563982009888,0.724089980125427,-897.900024414062,31.5000019073486,-885.300048828125,2.72199192136507,-0.0617511886624758,0.353216406682126,NLL
120.433333333333,-0.501243829727173,-3.47221994400024,10.0733261108398,-1.61586391925812,-0.754577994346619,0.449698001146317,-900.300048828125,32.1000022888184,-887.700012207031,2.71940364023654,-0.0492024402777871,0.338427203421844,NLL
120.466666666667,-0.274547636508942,-3.56433391571045,9.11151218414307,-0.243903994560242,-0.304879993200302,0.807931959629059,-893.100036621094,33.3000030517578,-899.700012207031,2.7185282580759,-0.0323221645352925,0.366244041542769,NLL
120.5,-0.524571359157562,-3.94654726982117,10.5344944000244,0.243903994560242,1.71494996547699,1.21189796924591,-905.100036621094,30.3000011444092,-892.500061035156,2.7170841269656,-0.0465555967248754,0.359650420992819,NLL
120.533333333333,-1.07366669178009,-3.24253296852112,9.38665771484375,0.907018005847931,0.92988395690918,0.144817993044853,-897.900024414062,30.9000015258789,-878.100036621094,2.71597740278833,-0.0987955330017228,0.335894053619722,NLL
120.566666666667,-1.20944511890411,-2.43623638153076,8.52293872833252,2.28659987449646,1.31860601902008,0.868907988071442,-895.500061035156,26.7000007629395,-885.300048828125,2.71000122932919,-0.130351910031833,0.286793807576791,NLL
120.6,-0.928317904472351,-2.63900685310364,8.99726676940918,2.75916385650635,0.884151995182037,1.43293595314026,-895.500061035156,24.9000015258789,-882.900024414062,2.70755840196873,-0.106808458094252,0.281588424299218,NLL
120.633333333333,-1.01325416564941,-2.35130000114441,9.06246376037598,1.63110792636871,-0.800309956073761,0.769822001457214,-897.900024414062,28.5000019073486,-887.700012207031,2.70297136154802,-0.106815627129411,0.256322616579969,NLL
120.666666666667,-1.43913197517395,-2.14613699913025,8.99188327789307,1.59299790859222,-0.525918006896973,1.44817996025085,-905.100036621094,26.1000003814697,-885.300048828125,2.69740881240173,-0.144625793631931,0.236260803184298,NLL
120.7,-0.353502482175827,-2.38001084327698,9.61395168304443,0.800309956073761,-0.602137982845306,2.45428395271301,-905.100036621094,29.7000007629395,-885.300048828125,2.69201015595635,-0.0563885220775153,0.240072993304243,NLL
120.733333333333,0.739304721355438,-2.57799625396729,9.234130859375,0.114329993724823,-2.57623600959778,2.08842802047729,-909.900024414062,29.7000007629395,-887.700012207031,2.68550056265751,0.0558662425728666,0.266464166265568,NLL
120.766666666667,1.37393438816071,-2.179034948349,8.19396018981934,1.44055795669556,-2.21037983894348,1.27287399768829,-907.500061035156,23.1000003814697,-897.300048828125,2.68159760616819,0.143282175292712,0.259479854268789,NLL
120.8,0.598142981529236,-1.78904557228088,9.13723182678223,2.75916385650635,-1.01372599601746,1.43293595314026,-900.300048828125,30.9000015258789,-880.500061035156,2.6832963144954,0.0784263473775512,0.200645287936301,NLL
120.833333333333,0.758445262908936,-1.75734400749207,9.53619384765625,2.58385801315308,-0.99848198890686,1.61586391925812,-902.700012207031,19.5,-887.700012207031,2.68017274940606,0.0790762857769589,0.182539514921978,NLL
120.866666666667,0.359483927488327,-1.15860295295715,9.03674411773682,0.975615978240967,-1.2576299905777,1.30336201190948,-895.500061035156,29.1000003814697,-878.100036621094,2.67950124635486,0.0488882741356045,0.137354668524473,NLL
120.9,0.0179442893713713,-1.07426476478577,9.24370193481445,0.480185985565186,-1.05945801734924,1.90549993515015,-893.100036621094,19.5,-885.300048828125,2.67535177597581,0.0125206508390332,0.119466441404403,NLL
120.933333333333,-0.422887086868286,-1.08024621009827,9.37888145446777,1.17378795146942,0.609759986400604,2.080806016922,-897.900024414062,27.9000015258789,-880.500061035156,2.67058117174863,-0.0350908922559137,0.113879269130284,NLL
120.966666666667,-0.697434723377228,-1.38350474834442,10.0888776779175,0.823175966739655,1.22714197635651,0.983237981796265,-902.700012207031,24.9000015258789,-890.100036621094,2.66959388144913,-0.0635412752099566,0.130553644175987,NLL
121.0,-0.389989227056503,-1.66104304790497,9.59122276306152,-0.823175966739655,-1.34147191047668,0.0076219998300075,-900.300048828125,29.1000003814697,-887.700012207031,2.67082308253191,-0.0429459080703605,0.164373468530876,NLL
121.033333333333,-0.550889670848846,-1.10237753391266,8.51516342163086,-0.670735955238342,-1.75305998325348,-0.571649968624115,-888.300048828125,27.3000011444092,-892.500061035156,2.67005790841031,-0.0577033018353946,0.136100709236426,NLL
121.066666666667,-0.0406737215816975,-1.84108412265778,9.50688457489014,-0.304879993200302,0.182927995920181,0.350611984729767,-897.900024414062,25.5000019073486,-887.700012207031,2.67092775089971,-0.0153436790234132,0.180591730688997,NLL
121.1,-0.279332756996155,-1.64130425453186,8.53250980377197,0.480185985565186,0.167683988809586,0.160062000155449,-907.500061035156,27.9000015258789,-890.100036621094,2.67081260242031,-0.0290235928211318,0.187460870026888,NLL
121.133333333333,-0.671714544296265,-1.64908015727997,9.08339881896973,0.564027965068817,0.510673999786377,-0.419209986925125,-893.100036621094,24.3000011444092,-897.300048828125,2.67180143591791,-0.0659351188953647,0.18014203788298,NLL
121.166666666667,-0.52337509393692,-1.78306424617767,9.16235446929932,0.0762199983000755,-0.396344006061554,-0.37347799539566,-893.100036621094,23.1000003814697,-875.700012207031,2.67310628687397,-0.0572477288485842,0.189834843165023,NLL
121.2,-1.00727272033691,-1.65147268772125,10.2635354995728,-0.647870004177094,-1.39482593536377,0.457319974899292,-912.300048828125,26.1000003814697,-885.300048828125,2.6694745660824,-0.0881216371082855,0.165507332307168,NLL
121.233333333333,-0.14355431497097,-2.42786240577698,9.22755146026611,-0.87652999162674,-0.777444005012512,1.02897000312805,-909.900024414062,21.9000015258789,-882.900024414062,2.6708833676749,-0.0266208494292317,0.243105141785766,NLL
121.266666666667,-0.0035888578277081,-2.47810626029968,9.39503192901611,-1.41769194602966,-0.0609759986400604,0.228659987449646,-897.900024414062,23.1000003814697,-882.900024414062,2.6704592821896,-0.0047747894104891,0.257471208923889,NLL
121.3,0.377428203821182,-2.99310731887817,8.512770652771,-0.503051996231079,0.663114011287689,0.129574000835419,-890.700012207031,27.9000015258789,-890.100036621094,2.66971996765016,0.032494146927334,0.32440259704352,NLL
121.333333333333,-0.113049022853374,-2.25858783721924,8.92010593414307,-0.525918006896973,0.106707997620106,-0.533540010452271,-912.300048828125,33.3000030517578,-885.300048828125,2.67187489225585,-0.0032086867619647,0.264138578055241,NLL
121.366666666667,-0.325987905263901,-2.05103230476379,8.88481616973877,0.777444005012512,0.388722002506256,0.160062000155449,-900.300048828125,24.9000015258789,-880.500061035156,2.67126061375296,-0.0297698025284284,0.233308541147798,NLL
121.4,0.0699827298521996,-2.35309433937073,9.66120529174805,0.701223969459534,0.0228659994900227,-0.137196004390717,-907.500061035156,26.1000003814697,-882.900024414062,2.67165730151626,-0.0003695725498803,0.236811601117293,NLL
121.433333333333,0.638816714286804,-2.64558625221252,9.77545070648193,-0.487807989120483,-2.26373386383057,-0.25152599811554,-907.500061035156,30.3000011444092,-880.500061035156,2.67037038530093,0.0533493906087255,0.259466739366161,NLL
121.466666666667,0.891233026981354,-2.7562427520752,9.99796009063721,-1.2576299905777,-3.00306797027588,-0.297257989645004,-905.100036621094,25.5000019073486,-897.300048828125,2.6687827512029,0.0833438879184213,0.268886306980037,NLL
121.5,1.21901535987854,-2.45717144012451,9.00324821472168,0.365855991840363,-2.0731840133667,0.160062000155449,-914.700012207031,23.7000007629395,-885.300048828125,2.66732805559833,0.123229492838344,0.266538701247526,NLL
121.533333333333,1.58448076248169,-2.80947756767273,8.69161510467529,0.739333987236023,-0.190549999475479,0.426831990480423,-907.500061035156,22.5,-902.100036621094,2.66093962824703,0.162069737872975,0.302361234022688,NLL
121.566666666667,1.28839993476868,-2.48408770561218,8.21489524841309,0.3125019967556,-0.228659987449646,-1.37195992469788,-912.300048828125,29.1000003814697,-890.100036621094,2.66515513025997,0.152102883154599,0.294369710507068,NLL
121.6,1.25968909263611,-2.53014469146729,9.26284217834473,0.92988395690918,1.37195992469788,-3.3460578918457,-907.500061035156,24.3000011444092,-887.700012207031,2.67706207052379,0.133739719036389,0.269528639880489,NLL
121.633333333333,-0.568833947181702,-2.51040601730347,11.6464414596558,3.13264203071594,2.12653803825378,-6.73784780502319,-902.700012207031,29.7000007629395,-906.900024414062,2.69688240139003,-0.0159007391064485,0.21784666228042,NLL
121.666666666667,-0.0628050118684769,-2.91893768310547,10.9735307693481,2.63721203804016,2.40092992782593,-9.12353420257568,-909.900024414062,27.9000015258789,-887.700012207031,2.72036296685448,-0.0076489969071735,0.24880451303145,NLL
121.7,-0.525169551372528,-1.34641981124878,10.3837623596191,3.46038794517517,3.33843588829041,-11.0823879241943,-909.900024414062,33.3000030517578,-890.100036621094,2.74752221216537,-0.0454068738896127,0.143395726424362,NLL
121.733333333333,-0.180041030049324,-1.35778450965881,8.75920581817627,3.56709599494934,4.13874578475952,-9.64182949066162,-902.700012207031,30.3000011444092,-894.900024414062,2.77130093806826,-0.0291253038277831,0.147218739917044,NLL
121.766666666667,-0.510215938091278,-1.20944511890411,8.83457183837891,3.30032587051392,4.67228603363037,-9.32932758331299,-914.700012207031,33.9000015258789,-902.100036621094,2.79383591926897,-0.0561484313709269,0.134345758072951,NLL
121.8,-0.365465342998505,-1.06110560894012,8.19396018981934,2.31708788871765,3.75764584541321,-8.32322406768799,-921.900024414062,31.5000019073486,-890.100036621094,2.81384820116162,-0.0503007621436105,0.127312499882475,NLL
121.833333333333,-1.19688403606415,-0.601133704185486,8.30880355834961,2.59148001670837,3.21648383140564,-6.6540060043335,-895.500061035156,31.5000019073486,-899.700012207031,2.8261979376606,-0.127632331485814,0.0807983009864252,NLL
121.866666666667,-1.62276184558868,-0.868503570556641,8.75262641906738,2.59910202026367,2.79727387428284,-4.42838191986084,-907.500061035156,33.3000030517578,-878.100036621094,2.84101184729293,-0.177322829056856,0.0933155366117101,NLL
121.9,-1.07426476478577,-0.995309889316559,9.42194843292236,1.18903195858002,1.17378795146942,-3.56709599494934,-897.900024414062,41.7000007629395,-880.500061035156,2.85107694063501,-0.127039020915864,0.101959611525238,NLL
121.933333333333,-1.01923561096191,-0.882260859012604,10.1223735809326,0.335367977619171,-0.6250039935112,-2.33995389938354,-897.900024414062,39.3000030517578,-890.100036621094,2.85524436427941,-0.103604177815096,0.0895007185833213,NLL
121.966666666667,-0.781174719333649,-1.04854464530945,10.2180767059326,0.487807989120483,-1.08994603157043,-1.95885396003723,-900.300048828125,30.9000015258789,-885.300048828125,2.86061876125609,-0.0793652214202253,0.0993842349568244,NLL
122.0,-0.343334078788757,-1.68078172206879,9.93993949890137,-0.213415995240211,-0.0685980021953583,-1.27287399768829,-909.900024414062,33.9000015258789,-887.700012207031,2.8668242006279,-0.0428896257782144,0.15419493853751,NLL
122.033333333333,0.0412718653678894,-1.79143822193146,8.92070388793945,-2.00458598136902,0.205793991684914,-1.89025592803955,-897.900024414062,30.3000011444092,-880.500061035156,2.87199244769609,-0.0048557159676075,0.192167230603563,NLL
122.066666666667,0.113647162914276,-1.85005617141724,8.39194583892822,-2.13416004180908,1.02134799957275,-1.42531394958496,-917.100036621094,37.5,-878.100036621094,2.87565133453656,0.0085919677613457,0.214949485330974,NLL
122.1,-1.18671560287476,-2.00258255004883,9.21259784698486,-1.06708002090454,1.73019397258759,-0.274392008781433,-897.900024414062,33.9000015258789,-892.500061035156,2.87711917012872,-0.10361149438458,0.215877629153012,NLL
122.133333333333,-1.56414389610291,-2.24602675437927,9.89388275146484,-0.289635986089706,0.975615978240967,0.0228659994900227,-909.900024414062,33.3000030517578,-890.100036621094,2.87824889295356,-0.144350256386843,0.222187433606709,NLL
122.166666666667,-0.765622973442078,-2.16886639595032,9.29095458984375,0.365855991840363,-0.0076219998300075,0.182927995920181,-900.300048828125,32.7000007629395,-882.900024414062,2.87854353495118,-0.0916097418039683,0.227528088994483,NLL
122.2,-0.846372306346893,-1.99121797084808,9.60557842254639,1.52439999580383,-0.144817993044853,1.31098401546478,-909.900024414062,33.9000015258789,-880.500061035156,2.87367213843777,-0.087195676164794,0.205897119099891,NLL
122.233333333333,-1.1615936756134,-2.03248977661133,11.1493854522705,1.6692179441452,-0.403965979814529,2.19513607025146,-902.700012207031,36.3000030517578,-894.900024414062,2.86676673342071,-0.0991634688721665,0.182854560979192,NLL
122.266666666667,0.34811919927597,-1.49834811687469,10.3353128433228,1.46342396736145,-2.98782396316528,1.94360995292664,-907.500061035156,38.1000022888184,-880.500061035156,2.85988946880503,0.0102341409501602,0.149723287059968,NLL
122.3,0.835007607936859,-0.860129594802856,7.55933094024658,2.37806391716003,-2.71343183517456,2.89635992050171,-914.700012207031,30.9000015258789,-890.100036621094,2.85381891961943,0.0925638638443175,0.117676824604064,NLL
122.333333333333,0.267968058586121,-1.16817319393158,8.53131294250488,2.89635992050171,-0.160062000155449,3.7881338596344,-919.500061035156,32.7000007629395,-885.300048828125,2.84393032842311,0.0430650134962599,0.128682123762278,NLL
122.366666666667,-0.334960073232651,-0.41152235865593,10.2318334579468,1.85976791381836,-1.95123195648193,2.15702605247498,-900.300048828125,32.1000022888184,-890.100036621094,2.83918701268583,-0.0166217041502323,0.0533820488212386,NLL
122.4,0.102282449603081,-0.137572884559631,8.25377464294434,2.24848985671997,-2.0579400062561,2.37806391716003,-919.500061035156,27.3000011444092,-887.700012207031,2.8329377630992,0.010403176552533,0.0195650239426477,NLL
122.433333333333,-0.103478737175465,0.0293090064078569,8.393141746521,1.6768399477005,-0.190549999475479,1.28811800479889,-917.100036621094,32.7000007629395,-892.500061035156,2.8298985442351,-0.0077566945157338,-0.0014902043018667,NLL
122.466666666667,-1.80041038990021,0.584385693073273,10.9131183624268,1.33385002613068,0.388722002506256,0.685979962348938,-921.900024414062,32.7000007629395,-894.900024414062,2.82511226680373,-0.137617547971521,-0.0466638745051542,NLL
122.5,-0.247033044695854,0.496458679437637,10.2126932144165,0.617381989955902,-0.800309956073761,0.586893975734711,-909.900024414062,27.9000015258789,-887.700012207031,2.82365027463839,-0.042025561780354,-0.0492259148587432,NLL
122.533333333333,0.914560616016388,0.0514402948319912,7.58385467529297,-0.442075997591019,-1.16616594791412,-1.75305998325348,-905.100036621094,32.1000022888184,-892.500061035156,2.82723930807229,0.0943391285594117,-0.0134902723420829,ST
122.566666666667,-1.64489316940308,0.163293033838272,11.0076246261597,1.01372599601746,2.16464805603027,-2.64483404159546,-905.100036621094,29.7000007629395,-899.700012207031,2.83326368948073,-0.102049515401974,-0.0158818980448528,ST
122.6,-0.407933503389359,-0.389989227056503,9.7479362487793,-0.0838419944047928,1.05945801734924,-3.07928800582886,-909.900024414062,30.3000011444092,-906.900024414062,2.84438171107008,-0.0540369159649703,0.0304719958724154,ST
122.633333333333,-0.333165645599365,-0.178246602416039,9.25626277923584,-0.891773998737335,-0.769822001457214,-3.61282801628113,-893.100036621094,30.3000011444092,-885.300048828125,2.85269060596199,-0.0379627199099928,0.0227593051086486,ST
122.666666666667,0.175854027271271,-0.744687974452972,8.86148834228516,-0.663114011287689,0.617381989955902,-1.98171997070312,-907.500061035156,32.7000007629395,-878.100036621094,2.85819019602167,0.0080800318561262,0.0732021089658552,ST
122.7,-1.11792922019958,-0.792539417743683,10.5823450088501,-0.0609759986400604,2.13416004180908,-1.76830399036407,-897.900024414062,34.5,-890.100036621094,2.8629366847663,-0.0876029081835044,0.0747294360251309,ST
122.733333333333,0.181237325072289,-0.913364291191101,8.72630786895752,-0.594515979290009,0.541162014007568,-1.97409796714783,-912.300048828125,29.1000003814697,-880.500061035156,2.86888670007455,0.000761359104378,0.0999701919141015,ST
122.766666666667,0.852353751659393,-1.01205790042877,7.41577672958374,-0.891773998737335,0.632625997066498,-2.0731840133667,-905.100036621094,24.3000011444092,-882.900024414062,2.87277984932754,0.0926872554070447,0.130333661962021,ST
122.8,-0.705808699131012,-1.07366669178009,9.54875469207764,-0.815553963184357,1.85976791381836,-1.78354799747467,-905.100036621094,29.7000007629395,-887.700012207031,2.87777730058529,-0.0420126747997394,0.116875839222721,ST
122.833333333333,-0.926523447036743,-1.59165847301483,10.3275365829468,-0.670735955238342,1.34909391403198,-1.44817996025085,-902.700012207031,34.5,-880.500061035156,2.8832223092989,-0.0806695453586118,0.146719434475668,ST
122.866666666667,-0.485093951225281,-1.57730305194855,9.69828987121582,-0.685979962348938,0.198172003030777,-2.5000159740448,-912.300048828125,33.3000030517578,-892.500061035156,2.89009348929843,-0.0546554905350824,0.15985415996208,ST
122.9,-0.113647162914276,-1.56653642654419,8.79449653625488,-0.449698001146317,-0.594515979290009,-2.45428395271301,-895.500061035156,38.7000007629395,-885.300048828125,2.89624435024765,-0.0187821797086584,0.174102605097582,ST
122.933333333333,-0.723154842853546,-1.55876052379608,10.6613006591797,0.0762199983000755,-0.205793991684914,-1.89025592803955,-900.300048828125,38.1000022888184,-878.100036621094,2.89959920761709,-0.0565980980643892,0.151032447315427,ST
122.966666666667,0.0568235814571381,-1.38470101356506,8.67247486114502,0.213415995240211,-1.13567793369293,-2.08842802047729,-905.100036621094,42.9000015258789,-880.500061035156,2.90426769214,-0.0034668490214697,0.156716474908632,ST
123.0,-0.446214646100998,-1.47801125049591,9.35675048828125,-0.480185985565186,0.106707997620106,-1.64635193347931,-919.500061035156,37.5,-892.500061035156,2.9080433531095,-0.0380685252448036,0.15741049428087,ST
123.033333333333,-0.829026162624359,-1.20465993881226,9.96625804901123,0.114329993724823,1.21189796924591,-0.967993974685669,-912.300048828125,32.1000022888184,-887.700012207031,2.90912259715593,-0.0765190498426453,0.126480621888808,ST
123.066666666667,-1.19867849349976,-1.51689052581787,9.1629524230957,1.19665396213531,1.99696397781372,-0.663114011287689,-912.300048828125,38.1000022888184,-882.900024414062,2.91433886440473,-0.120533259818727,0.154921335091958,ST
123.1,-1.275838971138,-1.52466642856598,10.0218858718872,0.914639949798584,1.48628997802734,-0.99848198890686,-897.900024414062,38.1000022888184,-880.500061035156,2.9171914723811,-0.126401926356191,0.150475782775053,ST
123.133333333333,-1.00248765945435,-1.22738933563232,8.16584777832031,0.846041977405548,0.3125019967556,-1.18140995502472,-905.100036621094,42.3000030517578,-887.700012207031,2.91996264068024,-0.122123535905572,0.148481247405139,ST
123.166666666667,-2.13596844673157,-1.42597281932831,9.78262805938721,1.02134799957275,1.22714197635651,-0.0609759986400604,-909.900024414062,35.1000022888184,-873.300048828125,2.92024149812771,-0.199311852998846,0.143975795063503,ST
123.2,-1.68496870994568,-1.59524726867676,11.2905464172363,0.0304879993200302,0.228659987449646,-0.403965979814529,-909.900024414062,34.5,-875.700012207031,2.92077862599287,-0.15634538181032,0.141071435564628,ST
123.233333333333,-0.483897656202316,-1.70829629898071,10.4459686279297,-0.350611984729767,-1.63872992992401,-0.830797970294952,-897.900024414062,35.7000007629395,-873.300048828125,2.92404362166672,-0.0629893890141125,0.158988568817213,ST
123.266666666667,0.0741697251796722,-1.53962004184723,9.19585037231445,0.327746003866196,-2.30184388160706,0.129574000835419,-909.900024414062,39.9000015258789,-870.900024414062,2.92305437194766,-0.0023371473893414,0.164115539996821,ST
123.3,0.30624920129776,-1.37094366550446,8.62462329864502,0.945127964019775,-1.82927989959717,0.800309956073761,-926.700012207031,39.3000030517578,-878.100036621094,2.92047010523451,0.0307858806508914,0.157474585985694,ST
123.333333333333,0.0645994395017624,-1.56175124645233,9.77365589141846,1.48628997802734,-0.37347799539566,2.0731840133667,-909.900024414062,39.9000015258789,-878.100036621094,2.91527565294979,0.0109216751349946,0.156202647697022,ST
123.366666666667,-0.220714762806892,-1.42716908454895,9.29454326629639,1.91312193870544,0.259148001670837,2.0655620098114,-907.500061035156,30.3000011444092,-890.100036621094,2.91065858191193,-0.0173329418985659,0.150451596677645,ST
123.4,-0.888840436935425,-1.30574607849121,9.29633808135986,2.23324584960938,1.15854394435883,2.41617393493652,-914.700012207031,35.1000022888184,-890.100036621094,2.90519973247781,-0.0809430545681395,0.138474998617517,ST
123.433333333333,-1.61139714717865,-1.16458439826965,10.2019262313843,2.11891603469849,1.56251001358032,1.73781597614288,-895.500061035156,38.7000007629395,-882.900024414062,2.89954157046472,-0.143980443760748,0.115155832484074,ST
123.466666666667,-2.22808265686035,-0.650779545307159,9.37708759307861,2.31708788871765,2.26373386383057,1.51677799224854,-919.500061035156,33.9000015258789,-885.300048828125,2.88978993801966,-0.22133679641115,0.0733683472841843,ST
123.5,-2.66293239593506,-0.415709376335144,9.79698371887207,2.71343183517456,2.19513607025146,1.92836594581604,-895.500061035156,35.1000022888184,-878.100036621094,2.87995729822523,-0.260652282469754,0.0434297510759623,ST
123.533333333333,-1.85902833938599,-0.611302137374878,9.14082050323486,2.34757590293884,-0.0228659994900227,1.85976791381836,-893.100036621094,32.1000022888184,-885.300048828125,2.88034726083753,-0.209863279587351,0.0590786488127055,ST
123.566666666667,-1.01684308052063,-0.525767683982849,8.10005187988281,1.64635193347931,-2.19513607025146,1.58537602424622,-881.100036621094,29.7000007629395,-882.900024414062,2.87745118021979,-0.138897520671363,0.0609963357123045,ST
123.6,-0.333165645599365,-0.324791640043259,7.38826179504395,0.914639949798584,-3.93295192718506,1.07470202445984,-897.900024414062,32.1000022888184,-890.100036621094,2.87323145847719,-0.0585642848884532,0.0459303839400832,ST
123.633333333333,-0.91874760389328,0.144152462482452,8.9536018371582,1.52439999580383,-4.35978412628174,1.77592599391937,-919.500061035156,29.1000003814697,-875.700012207031,2.86524147369837,-0.0878417373551507,-0.0066311938573849,ST
123.666666666667,0.595750391483307,-0.312230616807938,8.69879341125488,0.907018005847931,-3.71953582763672,2.20275783538818,-909.900024414062,27.9000015258789,-887.700012207031,2.86052051213705,0.0456338182918705,0.0269550679768626,ST
123.7,1.15800476074219,-0.588572680950165,9.80834865570068,-0.190549999475479,-3.7728898525238,2.01220798492432,-919.500061035156,26.7000007629395,-885.300048828125,2.85352494289771,0.107992404432787,0.0537830000155238,ST
123.733333333333,0.489280939102173,-0.0634031519293785,11.131441116333,-0.442075997591019,-2.78202986717224,1.34147191047668,-914.700012207031,25.5000019073486,-904.500061035156,2.85335731534051,0.0593185850750346,0.0150407658119866,ST
123.766666666667,-0.303856641054153,0.23925718665123,11.1625442504883,0.792688012123108,-1.265251994133,1.11281192302704,-912.300048828125,26.1000003814697,-890.100036621094,2.85152170063424,-0.007979296904757,-0.0151552781027786,ST
123.8,-0.509019672870636,0.171068891882896,10.19056224823,0.914639949798584,0.0381099991500378,-0.198172003030777,-914.700012207031,35.7000007629395,-885.300048828125,2.8519648717924,-0.0415090050649037,-0.0177242374051777,ST
123.833333333333,-0.436644375324249,0.336754500865936,9.55952072143555,0.388722002506256,0.396344006061554,-0.762199997901917,-902.700012207031,35.7000007629395,-897.300048828125,2.85310694147998,-0.0453704778399091,-0.0321833961474063,ST
123.866666666667,-0.583189368247986,0.467149674892426,9.34000205993652,-0.228659987449646,0.350611984729767,-1.18903195858002,-921.900024414062,30.3000011444092,-899.700012207031,2.85505899534814,-0.0594304738533027,-0.0459785020159763,ST
123.9,-0.0538328662514687,0.586778283119202,8.53490161895752,-0.594515979290009,-0.571649968624115,-1.55488801002502,-917.100036621094,34.5,-899.700012207031,2.85800110480723,-0.0163371175803656,-0.0631828288988011,ST
123.933333333333,-0.288304924964905,0.0556272976100445,8.16166114807129,-0.434453994035721,1.16616594791412,-1.49391198158264,-912.300048828125,30.9000015258789,-885.300048828125,2.86268243415797,-0.0336691590614758,-0.0162083077077915,ST
123.966666666667,-0.857737004756927,-0.213537037372589,10.006932258606,-0.769822001457214,1.50915598869324,-1.89025592803955,-907.500061035156,34.5,-906.900024414062,2.86898664079102,-0.0783875224254175,0.0158844471010986,ST
124.0,-0.949851036071777,-0.367857933044434,8.92848014831543,-1.07470202445984,0.853663980960846,-2.20275783538818,-912.300048828125,32.1000022888184,-894.900024414062,2.87584331858951,-0.101453555992244,0.0378558191956979,ST
124.033333333333,-1.18252861499786,-0.638816714286804,9.51047325134277,-1.33385002613068,1.31860601902008,-2.53050398826599,-914.700012207031,30.3000011444092,-887.700012207031,2.88427879837471,-0.120651052071226,0.0634417550023877,ST
124.066666666667,-0.773398876190186,-1.45887064933777,10.7390584945679,-1.86738991737366,0.922261953353882,-2.08842802047729,-897.900024414062,26.1000003814697,-882.900024414062,2.89552108835316,-0.080602986131369,0.126058047027413,ST
124.1,-1.25550210475922,-1.758540391922,11.9000539779663,-1.43293595314026,-0.167683988809586,-2.27135586738586,-919.500061035156,35.7000007629395,-897.300048828125,2.90253258671656,-0.0993715454089473,0.145624950579086,ST
124.133333333333,0.202172324061394,-1.90209460258484,9.35017108917236,-1.32622802257538,-0.106707997620106,-1.84452390670776,-914.700012207031,34.5,-887.700012207031,2.90911679244341,0.0001795190162937,0.19289943695901,ST
124.166666666667,0.457579374313354,-1.77050316333771,8.11680030822754,-0.762199997901917,1.17378795146942,-2.73629784584045,-917.100036621094,35.1000022888184,-892.500061035156,2.91605869643291,0.0449519568608477,0.212079284614306,ST
124.2,0.363670915365219,-1.69154834747314,8.608473777771,-0.442075997591019,1.37195992469788,-3.07928800582886,-905.100036621094,34.5,-882.900024414062,2.92476284742075,0.0410212609393908,0.197682443560169,ST
124.233333333333,-0.367857933044434,-1.04615211486816,8.0833044052124,0.777444005012512,0.754577994346619,-2.16464805603027,-912.300048828125,43.5,-878.100036621094,2.93031928244238,-0.028291500030428,0.141591604659897,ST
124.266666666667,-1.12211620807648,-1.67061328887939,8.59352016448975,1.35671591758728,1.28811800479889,-0.800309956073761,-902.700012207031,36.9000015258789,-890.100036621094,2.93545735417902,-0.109054341639432,0.180000608308498,ST
124.3,-1.19508969783783,-1.68018364906311,10.2832736968994,0.647870004177094,0.175305992364883,-0.807931959629059,-905.100036621094,37.5,-885.300048828125,2.93583075910681,-0.113214062428016,0.164822763294098,ST
124.333333333333,-1.04076874256134,-1.18731379508972,13.1017236709595,0.983237981796265,-2.56099200248718,-1.21951997280121,-912.300048828125,33.3000030517578,-878.100036621094,2.9321100392835,-0.0821498985354672,0.104105529942187,ST
124.366666666667,-0.171068891882896,-1.26148355007172,9.86636829376221,1.41006994247437,-4.92381191253662,-1.72257196903229,-912.300048828125,40.5,-885.300048828125,2.93582130301046,-0.0232112760544814,0.120646249323547,ST
124.4,-0.379222631454468,-1.14843451976776,9.33880615234375,0.937505960464478,-2.76678586006165,-1.85214591026306,-924.300048828125,39.3000030517578,-890.100036621094,2.93945925290333,-0.0328426788165992,0.120771459172767,ST
124.433333333333,0.0556272976100445,-1.05632042884827,9.29334735870361,0.37347799539566,0.297257989645004,-0.594515979290009,-917.100036621094,39.9000015258789,-892.500061035156,2.94079938055499,-0.0021861207847424,0.114202969564085,ST
124.466666666667,0.254808902740479,-1.54739582538605,7.95350694656372,0.205793991684914,0.945127964019775,-0.609759986400604,-929.100036621094,35.1000022888184,-890.100036621094,2.94190481861636,0.0242252978798413,0.177906553654104,ST
124.5,-1.17236018180847,-1.7124832868576,9.22216796875,0.411587983369827,2.5076379776001,-2.17989206314087,-909.900024414062,35.7000007629395,-892.500061035156,2.94863096320179,-0.102342975816252,0.182337795676454,ST
124.533333333333,-1.21123957633972,-1.40922486782074,9.49791240692139,1.02134799957275,2.10367202758789,-2.89635992050171,-931.500061035156,39.9000015258789,-882.900024414062,2.95299051839287,-0.123067624262724,0.153470854196523,ST
124.566666666667,-1.07665729522705,-1.746577501297,10.644552230835,1.43293595314026,0.510673999786377,-2.31708788871765,-924.300048828125,35.7000007629395,-902.100036621094,2.95943165123851,-0.10443558731418,0.159164769483655,ST
124.6,0.0364867225289345,-1.78426051139832,9.91122913360596,1.17378795146942,-1.30336201190948,-3.21648383140564,-917.100036621094,39.9000015258789,-880.500061035156,2.96784841999635,-0.0119050081083836,0.173464284867471,ST
124.633333333333,-0.75246387720108,-0.870298027992249,9.30531024932861,1.98171997070312,-0.518296003341675,-2.27897787094116,-929.100036621094,40.5,-875.700012207031,2.97047668016376,-0.0654400097183298,0.106886270075241,ST
124.666666666667,-0.472532957792282,-0.860129594802856,9.07741737365723,1.88263392448425,0.0838419944047928,-0.487807989120483,-933.900024414062,41.1000022888184,-890.100036621094,2.97112290455887,-0.0545800304724129,0.0943902230374579,ST
124.7,-0.387596637010574,-0.863120317459106,8.26932621002197,1.60061991214752,0.167683988809586,0.442075997591019,-929.100036621094,34.5,-885.300048828125,2.97061688374422,-0.0484894270972178,0.0998035712998262,ST
124.733333333333,-0.512010395526886,-0.929514169692993,8.0946683883667,0.99848198890686,-0.0609759986400604,1.00610399246216,-926.700012207031,40.5,-902.100036621094,2.96880084933609,-0.060432248563279,0.110357906643637,ST
124.766666666667,-0.712388277053833,-0.809287428855896,9.5804557800293,0.937505960464478,0.0152439996600151,0.800309956073761,-933.900024414062,35.7000007629395,-887.700012207031,2.96565353889949,-0.0713667127012253,0.0881524997547433,ST
124.8,-1.09579789638519,-0.724949300289154,10.5990934371948,1.12043392658234,-0.480185985565186,1.80641400814056,-941.100036621094,35.1000022888184,-873.300048828125,2.96017272617111,-0.095980864147133,0.0705191956122426,ST
124.833333333333,-0.857138872146606,-0.312230616807938,10.5805511474609,1.47104597091675,-1.13567793369293,2.75154185295105,-926.700012207031,35.1000022888184,-890.100036621094,2.95089948196605,-0.0824751963067695,0.035367100064813,ST
124.866666666667,-0.226696193218231,-0.135180309414864,9.94053840637207,1.45580196380615,-0.762199997901917,2.40855193138123,-921.900024414062,36.3000030517578,-880.500061035156,2.94437369517325,-0.0338464561843331,0.0157743111438584,ST
124.9,0.053234726190567,-0.0317015759646893,9.57148361206055,0.937505960464478,-0.78506600856781,2.01220798492432,-926.700012207031,36.3000030517578,-885.300048828125,2.93955995916459,-0.0013107350618724,0.0044789939308664,ST
124.933333333333,0.364867210388184,-0.151928320527077,8.91591930389404,-0.0381099991500378,-1.2347639799118,2.0655620098114,-926.700012207031,32.7000007629395,-897.300048828125,2.93400880444452,0.0360252221351171,0.0151865673862126,ST
124.966666666667,0.307445496320724,-0.139367312192917,7.88771152496338,-0.213415995240211,-0.914639949798584,2.19513607025146,-924.300048828125,31.5000019073486,-914.100036621094,2.92884900739487,0.0395857149206421,0.0175826451810186,ST
125.0,0.139367312192917,-0.580796837806702,8.38596439361572,-0.37347799539566,0.144817993044853,2.30946588516235,-924.300048828125,36.9000015258789,-899.700012207031,2.92230879521057,0.0208802701016037,0.0593691003594095,ST
125.033333333333,-0.102282449603081,-0.591563403606415,9.95489311218262,-0.0152439996600151,-0.160062000155449,1.96647596359253,-929.100036621094,30.3000011444092,-887.700012207031,2.9176265443216,-0.0042872344469159,0.0593933073859991,ST
125.066666666667,0.220714762806892,-0.763230443000793,10.572774887085,-0.0076219998300075,-1.75305998325348,2.27135586738586,-936.300048828125,31.5000019073486,-887.700012207031,2.91173600626408,0.0186296230042614,0.0698493311090797,ST
125.1,0.206957474350929,-0.659153580665588,10.844331741333,0.167683988809586,-2.00458598136902,2.05031800270081,-921.900024414062,37.5,-887.700012207031,2.90656143104631,0.0216502559141859,0.0621636236219527,ST
125.133333333333,-0.110656447708607,-0.141759887337685,11.0524854660034,0.754577994346619,-2.37044191360474,2.17989206314087,-933.900024414062,33.3000030517578,-887.700012207031,2.90140973798748,-0.0010708295590778,0.0205760522435738,ST
125.166666666667,0.338548928499222,0.0454588644206524,10.7940883636475,0.6250039935112,-2.24848985671997,2.0731840133667,-933.900024414062,31.5000019073486,-897.300048828125,2.89683757118023,0.0279320477881251,-3.46564131080481e-05,ST
125.2,0.960019469261169,0.366063505411148,8.64196968078613,0.716467976570129,-1.30336201190948,1.87501192092896,-926.700012207031,29.7000007629395,-885.300048828125,2.89426765598293,0.099499916246186,-0.036473936653491,ST
125.233333333333,0.395970642566681,-0.150133892893791,7.75731611251831,0.472563982009888,0.457319974899292,1.74543797969818,-941.100036621094,28.5000019073486,-890.100036621094,2.88663696648571,0.0601785987825042,0.0076534226623429,ST
125.266666666667,-0.15312460064888,-0.334960073232651,8.69101715087891,-0.815553963184357,1.55488801002502,0.0685980021953583,-931.500061035156,32.7000007629395,-902.100036621094,2.88588180976915,-0.0040802292296198,0.0334422420726021,ST
125.3,-1.86800050735474,-0.671714544296265,9.85081672668457,-0.0914639979600906,2.9268479347229,-0.746955990791321,-931.500061035156,34.5,-897.300048828125,2.89009543858477,-0.153963370117739,0.0612241610273481,ST
125.333333333333,-2.60311818122864,-0.821848452091217,11.7756404876709,0.693601965904236,3.42989993095398,-1.76068198680878,-936.300048828125,34.5,-899.700012207031,2.89600406391561,-0.208938767802361,0.0675208539610912,ST
125.366666666667,-1.23097825050354,-0.640611112117767,11.0722246170044,-0.724089980125427,-0.449698001146317,-3.46800994873047,-929.100036621094,32.7000007629395,-897.300048828125,2.9031505633598,-0.126109123792084,0.0612343640736692,ST
125.4,-0.733921408653259,-0.750071287155151,9.40400409698486,-0.586893975734711,-2.38568592071533,-2.78965187072754,-919.500061035156,35.7000007629395,-892.500061035156,2.91125262802547,-0.0820327829879435,0.0777461550474873,ST
125.433333333333,0.171667039394379,-0.930112302303314,7.25846481323242,-0.205793991684914,0.0685980021953583,-1.08994603157043,-936.300048828125,33.3000030517578,-892.500061035156,2.91556789832036,0.0057652248298892,0.119463261729323,ST
125.466666666667,-0.448607236146927,-1.04974091053009,9.82270431518555,0.342989981174469,1.2347639799118,-0.221037998795509,-933.900024414062,40.5,-897.300048828125,2.91626139380189,-0.0373743739929045,0.108466945386328,ST
125.5,0.433055520057678,-0.330773055553436,7.65264129638672,0.724089980125427,-0.190549999475479,-0.160062000155449,-924.300048828125,40.5,-902.100036621094,2.91664335868194,0.0389311547882518,0.054611282782022,ST
125.533333333333,-0.0460570082068443,-0.742893576622009,9.03794002532959,-0.0609759986400604,0.129574000835419,1.65397393703461,-924.300048828125,37.5,-890.100036621094,2.91239707550435,0.0034566149556022,0.0766178835309984,ST
125.566666666667,-1.14484560489655,-0.288304924964905,11.4783639907837,-0.724089980125427,-0.228659987449646,2.69056582450867,-926.700012207031,37.5,-887.700012207031,2.90460614491234,-0.0785159206513282,0.0364034163992727,ST
125.6,-0.213537037372589,-0.95463615655899,10.2988252639771,-1.21189796924591,-1.21189796924591,5.53357172012329,-929.100036621094,36.9000015258789,-892.500061035156,2.89410278888676,-0.0311485078967117,0.082470591716672,ST
125.633333333333,0.986337780952454,-1.09220910072327,8.31717777252197,-1.2500079870224,-1.47104597091675,5.94515991210938,-931.500061035156,32.7000007629395,-894.900024414062,2.87763741902492,0.0932593555282253,0.124726671477579,ST
125.666666666667,-0.126806303858757,-0.479710668325424,8.88122653961182,-0.342989981174469,0.342989981174469,5.0838737487793,-924.300048828125,33.9000015258789,-902.100036621094,2.86854302645726,0.0050656870550341,0.0681480256574673,ST
125.7,-1.12690138816833,-0.759641587734222,11.0273637771606,0.83841997385025,1.74543797969818,4.45886993408203,-919.500061035156,35.7000007629395,-906.900024414062,2.85830183875296,-0.084223282819623,0.0671647319736914,ST
125.733333333333,0.120226740837097,-0.53234726190567,9.27659893035889,-0.0228659994900227,-0.663114011287689,1.89025592803955,-912.300048828125,29.7000007629395,-882.900024414062,2.85350414773225,-0.0059075611445827,0.0592527295341786,ST
125.766666666667,-1.5001425743103,-0.534739792346954,10.0942611694336,0.716467976570129,-0.297257989645004,1.40244793891907,-912.300048828125,34.5,-875.700012207031,2.84964447834199,-0.123213293294908,0.0528051579463744,ST
125.8,-1.02222633361816,-0.801511585712433,9.93754768371582,0.381099998950958,1.12805593013763,1.22714197635651,-902.700012207031,32.1000022888184,-890.100036621094,2.84957628461353,-0.108106717207162,0.0742028021005688,LD
125.833333333333,-1.03658175468445,-0.901999592781067,9.37828350067139,0.297257989645004,0.0152439996600151,-0.0685980021953583,-919.500061035156,32.7000007629395,-897.300048828125,2.85174381315468,-0.109352423029035,0.0918253134327567,LD
125.866666666667,-0.893027484416962,-0.952243626117706,9.05648231506348,-0.152439996600151,-1.07470202445984,-0.701223969459534,-914.700012207031,35.1000022888184,-887.700012207031,2.85422552653082,-0.0983462308508617,0.102609247552556,LD
125.9,-0.949252903461456,-1.04316139221191,9.30531024932861,-0.769822001457214,-3.68904781341553,-0.99848198890686,-912.300048828125,30.3000011444092,-894.900024414062,2.8562847357649,-0.0951841257414371,0.111093040325525,LD
125.933333333333,-0.961813926696777,-1.47023546695709,9.91302299499512,-1.2576299905777,-5.9375376701355,-1.27287399768829,-921.900024414062,33.3000030517578,-887.700012207031,2.8599952880651,-0.0871592374355485,0.141761322529678,LD
125.966666666667,0.133385881781578,-1.04794645309448,9.18986892700195,-2.67532205581665,-9.33694934844971,-3.48325395584106,-948.300048828125,30.3000011444092,-887.700012207031,2.86459041121143,0.0114456695320382,0.122263663531114,LD
126.0,1.41700065135956,-1.23755776882172,7.93675899505615,-0.769822001457214,-8.71194553375244,-0.945127964019775,-955.500061035156,36.9000015258789,-899.700012207031,2.86188381098445,0.1558931163219,0.149647319192637,LD
126.033333333333,2.68865275382996,-2.10546326637268,8.35426330566406,0.815553963184357,-4.1311240196228,1.48628997802734,-960.300048828125,43.5,-894.900024414062,2.83942153490733,0.28000826387912,0.227494850111745,LD
126.066666666667,1.52406823635101,-1.57072341442108,9.29095458984375,0.960371971130371,-3.89484190940857,1.6768399477005,-962.700012207031,34.5,-911.700012207031,2.84468252226875,0.185593252656025,0.176755441987027,LD
126.1,0.322997212409973,-1.25251138210297,10.3688087463379,1.2576299905777,-4.68753004074097,1.53202199935913,-965.100036621094,32.1000022888184,-892.500061035156,2.84513738208553,0.068352525885591,0.13016253224813,LD
126.133333333333,0.852353751659393,-1.1538177728653,10.390341758728,0.693601965904236,-6.03662395477295,1.41006994247437,-981.900024414062,30.3000011444092,-914.100036621094,2.84124916610754,0.0871274863735028,0.113568345379014,LD
126.166666666667,1.24114668369293,-1.13706982135773,12.2409963607788,0.518296003341675,-5.64790201187134,1.89025592803955,-972.300048828125,30.9000015258789,-914.100036621094,2.83710922364312,0.105463401647897,0.0964632237584161,LD
126.2,2.38180541992188,-1.1436493396759,10.9208946228027,1.08232402801514,-5.77747583389282,2.31708788871765,-989.100036621094,35.7000007629395,-911.700012207031,2.82934765487692,0.199464727641327,0.10191669628723,LD
126.233333333333,3.33404898643494,-0.83560574054718,8.32136535644531,1.47866797447205,-3.84910988807678,2.30184388160706,-986.700012207031,33.3000030517578,-906.900024414062,2.82231661220126,0.356149363354371,0.0995315587490566,LD
126.266666666667,3.54997849464417,-0.497654944658279,6.14352655410767,0.99848198890686,0.525918006896973,1.98171997070312,-1001.10003662109,25.5000019073486,-928.500061035156,2.82338843822466,0.487910140922267,0.0848513874908596,LD
126.3,2.63422155380249,-0.712986409664154,8.76638317108154,0.952749967575073,3.46800994873047,2.00458598136902,-984.300048828125,32.1000022888184,-918.900024414062,2.82024561781631,0.325831253869627,0.0816224980735683,LD
126.333333333333,2.09948182106018,-0.698032855987549,8.36502933502197,1.08232402801514,2.79727387428284,1.05183601379395,-984.300048828125,36.3000030517578,-914.100036621094,2.81760681195507,0.256353323953716,0.0817795975250714,LD
126.366666666667,1.34701800346375,-1.13288283348083,11.3264350891113,1.39482593536377,3.71953582763672,1.20427596569061,-981.900024414062,41.7000007629395,-911.700012207031,2.81221442131813,0.135567647883008,0.09499918886379,LD
126.4,2.49844312667847,-1.13228464126587,10.7378625869751,0.655492007732391,1.40244793891907,0.670735955238342,-972.300048828125,32.1000022888184,-906.900024414062,2.80945746704296,0.207874837039996,0.102342364984298,LD
126.433333333333,3.05172538757324,-0.830820560455322,10.6792449951172,0.830797970294952,-0.83841997385025,0.403965979814529,-965.100036621094,30.9000015258789,-911.700012207031,2.81283430722362,0.26626035508211,0.0811136664245976,LD
126.466666666667,2.62345504760742,-0.893027484416962,9.13184833526611,1.2347639799118,-0.6250039935112,0.617381989955902,-972.300048828125,37.5,-916.500061035156,2.80724418314668,0.277130241831886,0.0930509179602192,LD
126.5,0.580198705196381,-0.490477234125137,8.83277702331543,2.13416004180908,2.72867584228516,1.05945801734924,-974.700012207031,29.7000007629395,-918.900024414062,2.81059198788934,0.0995149057852139,0.0592923045636862,LD
126.533333333333,-0.0634031519293785,-0.251220047473907,9.13962459564209,2.33995389938354,3.21648383140564,1.01372599601746,-965.100036621094,33.9000015258789,-916.500061035156,2.80974093107057,0.0074314626772907,0.0298597003711997,LD
126.566666666667,-0.0921140164136887,-0.457579374313354,7.6209397315979,1.87501192092896,3.04879999160767,1.08994603157043,-960.300048828125,30.3000011444092,-921.300048828125,2.80757979022097,-0.0124466038192639,0.051282389906157,LD
126.6,-1.81536388397217,0.312828779220581,9.6103630065918,1.75305998325348,4.12350177764893,0.403965979814529,-957.900024414062,32.1000022888184,-914.100036621094,2.80128304072553,-0.157145663143301,-0.0177819412736842,LD
126.633333333333,-0.808091163635254,0.0131591456010938,12.0627489089966,0.579271972179413,2.42379593849182,1.63872992992401,-953.100036621094,23.7000007629395,-911.700012207031,2.79904677512059,-0.0874439367711114,-0.0053197984553175,LD
126.666666666667,0.86790543794632,0.199181616306305,10.2922458648682,0.449698001146317,-1.33385002613068,1.08994603157043,-955.500061035156,32.1000022888184,-906.900024414062,2.79637374169486,0.0512714437835655,-0.0171435612587151,LD
126.7,1.58926582336426,-0.0029907147400081,9.87115383148193,0.381099998950958,-0.716467976570129,1.04421401023865,-945.900024414062,30.9000015258789,-909.300048828125,2.79262761056442,0.138773379094825,-0.0036339124916697,LD
126.733333333333,1.20286548137665,-0.52337509393692,8.632399559021,0.37347799539566,1.48628997802734,0.350611984729767,-950.700012207031,23.7000007629395,-921.300048828125,2.78445593563418,0.136174241962317,0.0492953278908844,LD
126.766666666667,0.696238398551941,-0.457579374313354,9.13962459564209,-0.266770005226135,1.73781597614288,-0.320124000310898,-950.700012207031,29.1000003814697,-906.900024414062,2.78541248160612,0.0842292217556528,0.0502218838891679,LD
126.8,0.448009073734283,-0.266173630952835,8.34289836883545,-0.579271972179413,0.960371971130371,-0.701223969459534,-941.100036621094,30.9000015258789,-914.100036621094,2.78820445081718,0.0584952160223045,0.0363193037848801,LD
126.833333333333,0.32838049530983,-0.700425446033478,9.08040809631348,-1.2576299905777,0.541162014007568,-0.190549999475479,-948.300048828125,23.7000007629395,-904.500061035156,2.78717325642853,0.0388085242121658,0.0724159591302012,LD
126.866666666667,0.684275567531586,-1.16637873649597,10.0954570770264,-1.28811800479889,-0.274392008781433,0.167683988809586,-950.700012207031,27.3000011444092,-911.700012207031,2.78507859436,0.0618657263864521,0.108235923634231,LD
126.9,0.760239720344543,-1.05452609062195,9.09057712554932,-0.609759986400604,-0.0762199983000755,0.167683988809586,-941.100036621094,32.1000022888184,-909.300048828125,2.78430723825837,0.0787257773768415,0.114891826252756,LD
126.933333333333,1.34462535381317,-0.96958976984024,9.79518890380859,-0.564027965068817,0.304879993200302,-0.419209986925125,-948.300048828125,32.1000022888184,-906.900024414062,2.7868777384233,0.125817848690742,0.102162247580124,LD
126.966666666667,1.31531643867493,-0.566441416740417,9.75511360168457,-0.335367977619171,-0.952749967575073,-0.327746003866196,-938.700012207031,35.1000022888184,-909.300048828125,2.79230343823593,0.133902288467351,0.0658576021027003,LD
127.0,1.40503787994385,-0.504832684993744,9.49791240692139,0.0457319989800453,-0.160062000155449,0.289635986089706,-950.700012207031,34.5,-909.300048828125,2.79301946099228,0.144591093748848,0.0553782165405982,LD
127.033333333333,1.25550210475922,-0.427672237157822,9.38785362243652,-0.0685980021953583,0.3125019967556,0.419209986925125,-953.100036621094,21.9000015258789,-911.700012207031,2.79319462389218,0.134722247569143,0.0476813133300933,ST
127.066666666667,0.934299349784851,-0.137572884559631,9.16953182220459,0.175305992364883,0.503051996231079,0.609759986400604,-945.900024414062,38.7000007629395,-921.300048828125,2.79494770962703,0.106003863581745,0.0199786580719708,ST
127.1,0.308641761541367,-0.128600731492043,9.50927734375,0.0838419944047928,0.868907988071442,0.525918006896973,-931.500061035156,32.1000022888184,-923.700012207031,2.79415705747885,0.0460536565231735,0.0147547643013593,ST
127.133333333333,0.147143170237541,-0.663938701152802,9.4853515625,-0.457319974899292,1.31098401546478,0.0609759986400604,-938.700012207031,35.1000022888184,-899.700012207031,2.79269165536377,0.0198198219820018,0.0594135802849173,ST
127.166666666667,-0.459971934556961,-1.02880585193634,10.7587976455688,-1.27287399768829,1.43293595314026,-0.609759986400604,-941.100036621094,29.7000007629395,-894.900024414062,2.7945051296528,-0.0318814323536148,0.0898776140094135,ST
127.2,-0.37025049328804,-1.17834162712097,10.5207366943359,-2.00458598136902,0.167683988809586,-1.28049600124359,-926.700012207031,30.3000011444092,-902.100036621094,2.79837163544271,-0.0345250313193118,0.111135175770415,ST
127.233333333333,-0.129797026515007,-1.64429497718811,10.5338954925537,-1.6692179441452,-0.350611984729767,-0.701223969459534,-943.500061035156,33.3000030517578,-890.100036621094,2.80081703464791,-0.0155381924023766,0.14945784573438,ST
127.266666666667,0.468944102525711,-1.84168219566345,9.03913688659668,-1.90549993515015,0.0381099991500378,-0.762199997901917,-926.700012207031,31.5000019073486,-897.300048828125,2.80216361009197,0.0383169846835369,0.193880459718044,ST
127.3,-0.0478514358401299,-1.87218749523163,8.70716762542725,-1.85214591026306,1.71494996547699,-0.335367977619171,-941.100036621094,40.5,-897.300048828125,2.80351299174778,0.0006450604281433,0.211007831179773,ST
127.333333333333,-0.55866551399231,-1.28720366954803,9.42374229431152,-0.510673999786377,1.56251001358032,0.442075997591019,-941.100036621094,32.7000007629395,-894.900024414062,2.80170161194606,-0.0489937384166269,0.151679560529442,ST
127.366666666667,-0.406737208366394,-1.57132160663605,8.35725402832031,1.12043392658234,1.2423859834671,1.57013201713562,-945.900024414062,35.1000022888184,-899.700012207031,2.80000198078382,-0.0501155253173029,0.177309806505759,ST
127.4,-0.219518467783928,-1.35539197921753,9.22157001495361,1.02897000312805,1.53202199935913,1.19665396213531,-926.700012207031,35.7000007629395,-885.300048828125,2.79665204267039,-0.0304792611420098,0.149651513287551,ST
127.433333333333,-0.20755560696125,-1.30694234371185,10.0822982788086,0.937505960464478,0.457319974899292,2.22562384605408,-929.100036621094,32.7000007629395,-911.700012207031,2.79129914560876,-0.0235002334299238,0.131702597642115,ST
127.466666666667,0.321800917387009,-1.44511342048645,10.0846900939941,0.693601965904236,-0.0228659994900227,1.41769194602966,-938.700012207031,33.9000015258789,-899.700012207031,2.78807090540886,0.0202344069780666,0.139234971126181,ST
127.5,0.517991840839386,-0.860129594802856,8.60428619384766,0.594515979290009,-0.144817993044853,1.16616594791412,-933.900024414062,32.1000022888184,-890.100036621094,2.78642370607791,0.0523329187085131,0.106393465211732,ST
127.533333333333,-0.265575468540192,-1.09938681125641,9.15398025512695,0.6250039935112,1.05183601379395,1.52439999580383,-924.300048828125,38.7000007629395,-890.100036621094,2.78270365025066,-0.0169417282779318,0.116443037481885,ST
127.566666666667,0.345726639032364,-1.20824885368347,8.58574390411377,0.0914639979600906,0.914639949798584,0.762199997901917,-912.300048828125,38.7000007629395,-887.700012207031,2.78113143894892,0.0269987856842656,0.134983679542572,ST
127.6,-0.471934795379639,-0.835007607936859,9.13543796539307,0.983237981796265,0.327746003866196,1.02897000312805,-926.700012207031,34.5,-892.500061035156,2.77870729702983,-0.0362133922238614,0.0986287235940571,ST
127.633333333333,-0.405540943145752,-1.23456704616547,10.5051851272583,0.411587983369827,-0.541162014007568,0.556405961513519,-931.500061035156,38.7000007629395,-880.500061035156,2.77785266435164,-0.037231313853196,0.11267910682054,ST
127.666666666667,0.115441590547562,-0.52337509393692,10.6331872940063,0.762199997901917,-1.96647596359253,1.09756803512573,-936.300048828125,28.5000019073486,-887.700012207031,2.77410314809362,0.0037571818883102,0.0609035112506382,ST
127.7,1.20884692668915,-0.479710668325424,9.72879505157471,1.09756803512573,-2.67532205581665,1.87501192092896,-914.700012207031,37.5,-885.300048828125,2.76962153904219,0.105744794949075,0.0500098593335739,ST
127.733333333333,2.10665965080261,-0.830222427845001,8.43800258636475,0.541162014007568,-1.64635193347931,0.762199997901917,-933.900024414062,30.3000011444092,-894.900024414062,2.76079864073058,0.222661890094386,0.0892757568295307,ST
127.766666666667,1.11613476276398,-0.581993103027344,8.21190452575684,0.129574000835419,-0.807931959629059,-0.0685980021953583,-921.900024414062,32.7000007629395,-894.900024414062,2.76355792680229,0.153620708736844,0.0742752943344381,ST
127.8,-1.06170380115509,-0.732725143432617,9.78023529052734,0.472563982009888,0.228659987449646,-0.243903994560242,-933.900024414062,39.3000030517578,-882.900024414062,2.76418117697996,-0.0664974489599419,0.0741149963222495,ST
127.833333333333,-1.93020737171173,-0.736912131309509,11.5339908599854,0.0152439996600151,0.472563982009888,0.0,-931.500061035156,32.1000022888184,-892.500061035156,2.76338632477645,-0.146167332720783,0.0659013707282637,ST
127.866666666667,-1.14843451976776,-0.713584542274475,11.3192577362061,0.350611984729767,-0.0990860015153885,0.632625997066498,-924.300048828125,40.5,-897.300048828125,2.7614728769863,-0.107958245265174,0.0627928089279703,ST
127.9,-0.713584542274475,-0.388194799423218,10.84792137146,0.495429992675781,-1.28049600124359,0.167683988809586,-926.700012207031,33.3000030517578,-902.100036621094,2.75903046582984,-0.0724077078969538,0.0404846190749777,ST
127.933333333333,0.0221312902867794,-0.452794224023819,9.70486927032471,0.342989981174469,-2.12653803825378,-0.495429992675781,-945.900024414062,33.9000015258789,-887.700012207031,2.76023401556859,-0.0079903171772255,0.0450579159982012,ST
127.966666666667,0.536534249782562,-0.533543527126312,8.42723655700684,0.259148001670837,-1.58537602424622,-1.05945801734924,-929.100036621094,34.5,-916.500061035156,2.76216316908385,0.051328917443823,0.0591596546392928,ST
128.0,0.768015563488007,-0.803305983543396,7.86498212814331,-0.0914639979600906,-0.221037998795509,-1.15854394435883,-921.900024414062,39.3000030517578,-906.900024414062,2.76242512144338,0.0881101418171755,0.093174818284693,ST
128.033333333333,-0.116039738059044,-0.712986409664154,8.11201477050781,-0.0152439996600151,0.571649968624115,-1.07470202445984,-933.900024414062,32.1000022888184,-885.300048828125,2.76529576445968,0.0045344629697489,0.0886990531333155,ST
128.066666666667,-0.452794224023819,-1.15800476074219,9.24968338012695,-0.78506600856781,1.27287399768829,-0.579271972179413,-926.700012207031,34.5,-904.500061035156,2.76761079075493,-0.0413710419027997,0.119693201760033,ST
128.1,-0.82065212726593,-1.19150078296661,9.79279708862305,-0.510673999786377,1.08994603157043,-0.160062000155449,-926.700012207031,43.5,-882.900024414062,2.76837602422438,-0.0775552345915593,0.121617220179081,ST
128.133333333333,-0.259594053030014,-1.42716908454895,10.3341159820557,-0.746955990791321,-0.106707997620106,-0.868907988071442,-926.700012207031,33.9000015258789,-894.900024414062,2.77112175908216,-0.0339776008843544,0.135587798185774,ST
128.166666666667,0.197387173771858,-1.62694883346558,11.3736886978149,-0.861285984516144,-0.937505960464478,-0.586893975734711,-929.100036621094,37.5,-885.300048828125,2.77224892845221,0.0088930543460292,0.142078010684771,ST
128.2,1.0916109085083,-1.39486944675446,9.02059459686279,0.106707997620106,-2.16464805603027,-0.327746003866196,-929.100036621094,35.1000022888184,-897.300048828125,2.77174511992428,0.102458911471964,0.151258757659624,ST
128.233333333333,0.751865744590759,-1.06648886203766,9.62711143493652,0.556405961513519,-0.670735955238342,0.731711983680725,-943.500061035156,43.5,-897.300048828125,2.77281284692301,0.0827587554904236,0.11693143595937,ST
128.266666666667,2.11443543434143,-0.546104550361633,7.39005661010742,0.685979962348938,-2.9268479347229,1.62348592281342,-943.500061035156,36.3000030517578,-899.700012207031,2.77139070888945,0.280418405505404,0.0740128009558512,ST
128.3,1.29019439220428,-0.777585864067078,8.26334476470947,0.716467976570129,-1.80641400814056,1.48628997802734,-950.700012207031,35.7000007629395,-918.900024414062,2.76382479854808,0.182044699312148,0.0894663794937271,ST
128.333333333333,-0.208153754472733,-1.23456704616547,10.4692964553833,0.25152599811554,-0.0685980021953583,0.472563982009888,-945.900024414062,34.5,-911.700012207031,2.7604231631987,0.0211975441398721,0.111588305147383,ST
128.366666666667,0.380418926477432,-1.48877787590027,10.8897905349731,-0.0762199983000755,-0.0914639979600906,-0.533540010452271,-943.500061035156,31.5000019073486,-894.900024414062,2.76113035879684,0.0322770089751994,0.131348390421594,ST
128.4,0.144152462482452,-1.36615860462189,12.1931447982788,0.190549999475479,-1.99696397781372,-0.472563982009888,-950.700012207031,30.9000015258789,-909.300048828125,2.76208373386291,0.0183369455565265,0.114825828687388,ST
128.433333333333,0.247631192207336,-1.1035737991333,11.2199659347534,0.945127964019775,-1.37195992469788,-0.46494197845459,-941.100036621094,38.7000007629395,-894.900024414062,2.76306987094486,0.0232008377525506,0.100098370406706,ST
128.466666666667,0.950449168682098,-0.994711756706238,8.56779956817627,1.01372599601746,-0.0152439996600151,-0.182927995920181,-943.500061035156,32.7000007629395,-892.500061035156,2.76270463812997,0.0943272311368023,0.11133993509242,ST
128.5,0.264977335929871,-1.38948607444763,8.77595329284668,0.190549999475479,1.73019397258759,-0.518296003341675,-965.100036621094,30.9000015258789,-894.900024414062,2.76202591217097,0.038276605649936,0.149051334104885,ST
128.533333333333,0.488682806491852,-1.40264523029327,9.39443397521973,-0.228659987449646,-0.0076219998300075,-0.6250039935112,-948.300048828125,35.1000022888184,-906.900024414062,2.76357395706231,0.0492029646118618,0.148649427568439,ST
128.566666666667,1.69274461269379,-1.55098474025726,8.24061584472656,-0.46494197845459,-1.47104597091675,-0.701223969459534,-936.300048828125,37.5,-899.700012207031,2.76135813359318,0.172827702121574,0.179446235883005,ST
128.6,1.22080981731415,-1.62814521789551,9.06545448303223,0.114329993724823,0.0914639979600906,-0.327746003866196,-945.900024414062,39.3000030517578,-899.700012207031,2.76241709528361,0.138618822649483,0.177761532417645,ST
128.633333333333,0.567039549350739,-1.58747148513794,10.4657077789307,0.533540010452271,0.754577994346619,-0.213415995240211,-962.700012207031,41.1000022888184,-894.900024414062,2.76544755667031,0.0686734432546326,0.154902447467798,ST
128.666666666667,0.977365612983704,-1.21482837200165,9.56669902801514,1.07470202445984,0.358233988285065,-0.388722002506256,-955.500061035156,30.3000011444092,-897.300048828125,2.76822720133401,0.0940761225743748,0.13054042364467,ST
128.7,0.65436840057373,-1.15860295295715,9.32624530792236,1.88263392448425,0.708845973014832,1.2500079870224,-945.900024414062,38.1000022888184,-894.900024414062,2.7658949404846,0.0732664750265749,0.122503272073677,ST
128.733333333333,-0.672312676906586,-0.728538155555725,10.7887048721313,2.40092992782593,1.50153398513794,1.2347639799118,-948.300048828125,26.7000007629395,-892.500061035156,2.76416078753154,-0.0370036162430673,0.0752594996606512,ST
128.766666666667,-1.05990934371948,-0.316417634487152,9.78023529052734,3.01831197738647,2.03507399559021,1.18140995502472,-943.500061035156,33.3000030517578,-902.100036621094,2.75937577283439,-0.0982419868122955,0.0355969221546525,ST
128.8,-0.396568775177002,-0.382811486721039,10.4675016403198,1.60824191570282,0.297257989645004,1.17378795146942,-933.900024414062,27.9000015258789,-882.900024414062,2.75686321691145,-0.0504897967560823,0.0340144591433616,ST
128.833333333333,1.24712812900543,-0.769810020923615,10.0093240737915,-0.335367977619171,-2.5152599811554,0.762199997901917,-943.500061035156,35.7000007629395,-892.500061035156,2.75389367880362,0.0959004295479984,0.0696018078895917,ST
128.866666666667,1.69334280490875,-0.87687760591507,8.09048175811768,-0.533540010452271,-2.10367202758789,-0.655492007732391,-938.700012207031,34.5,-911.700012207031,2.75067342037354,0.188706242616055,0.101684215306255,ST
128.9,1.26686680316925,-0.928916037082672,8.95420074462891,0.25152599811554,1.03659200668335,0.0533539988100529,-938.700012207031,34.5,-904.500061035156,2.75053017171393,0.148220513096416,0.10267811601148,ST
128.933333333333,1.34821426868439,-0.792539417743683,8.82260894775391,1.07470202445984,0.335367977619171,0.525918006896973,-950.700012207031,26.7000007629395,-906.900024414062,2.75074209463122,0.150012807741619,0.0903333123958567,ST
128.966666666667,1.14305126667023,-1.03000223636627,7.68195009231567,1.07470202445984,0.304879993200302,1.37958192825317,-941.100036621094,30.3000011444092,-911.700012207031,2.74243506170954,0.146537898420098,0.123413150607584,ST
129.0,0.567039549350739,-1.31232571601868,11.4933176040649,0.0990860015153885,0.670735955238342,1.63110792636871,-950.700012207031,36.3000030517578,-902.100036621094,2.73970778069889,0.067458774914697,0.115731956994724,ST
129.033333333333,0.738108456134796,-1.05392789840698,10.151083946228,0.670735955238342,-0.868907988071442,2.44666194915771,-938.700012207031,37.5,-904.500061035156,2.73401627754708,0.0722736911438988,0.104798496380053,ST
129.066666666667,0.226696193218231,-1.13647162914276,10.8216028213501,0.853663980960846,0.846041977405548,2.27135586738586,-929.100036621094,35.1000022888184,-902.100036621094,2.72897978248602,0.0296954880714758,0.103622039056401,ST
129.1,0.788352429866791,-0.679490387439728,9.54695987701416,0.411587983369827,-1.52439999580383,1.02897000312805,-931.500061035156,32.1000022888184,-921.300048828125,2.7275151627422,0.0748673667722724,0.0763991938735694,ST
129.133333333333,-0.0023925718851387,-0.226696193218231,8.51456546783447,0.990859985351562,-0.518296003341675,1.41769194602966,-945.900024414062,33.3000030517578,-914.100036621094,2.72594264308095,0.015501342281155,0.0353406835967379,ST
129.166666666667,0.427672237157822,-0.0293090064078569,7.97085332870483,0.846041977405548,-0.160062000155449,1.82165801525116,-929.100036621094,33.3000030517578,-909.300048828125,2.72249236532404,0.0461030925049168,0.0089766978112456,ST
129.2,-1.32129776477814,-0.257201462984085,11.4945135116577,1.62348592281342,-0.853663980960846,2.83538389205933,-929.100036621094,33.9000015258789,-914.100036621094,2.71613450970086,-0.0808240694816844,0.0172461967860046,ST
129.233333333333,0.223107323050499,-0.322997212409973,10.0577735900879,0.586893975734711,-3.13264203071594,2.29422187805176,-931.500061035156,33.3000030517578,-909.300048828125,2.71115334408286,0.0056727163364152,0.0282102752072651,ST
129.266666666667,0.562254369258881,-0.512608528137207,9.38426494598389,-0.121951997280121,-4.39789390563965,1.48628997802734,-945.900024414062,31.5000019073486,-909.300048828125,2.70670355511611,0.0548909295770976,0.0495082366223127,ST
129.3,-0.430064797401428,-0.625657558441162,11.4041938781738,0.297257989645004,-4.16923379898071,0.823175966739655,-950.700012207031,31.5000019073486,-909.300048828125,2.70422100170709,-0.0132257286375526,0.0533486849041601,ST
129.333333333333,1.44630968570709,-0.343334078788757,7.96606826782227,-0.945127964019775,-5.7850980758667,0.685979962348938,-955.500061035156,29.1000003814697,-911.700012207031,2.70257867282781,0.148409432468915,0.0466803398609725,ST
129.366666666667,1.8446729183197,-0.82065212726593,7.26384830474854,-0.487807989120483,-5.32777786254883,1.99696397781372,-969.900024414062,39.3000030517578,-911.700012207031,2.68716424306822,0.234489408902415,0.100407380104681,ST
129.4,0.75545459985733,-1.48997414112091,8.3458890914917,-0.640248000621796,-1.77592599391937,1.95123195648193,-965.100036621094,33.3000030517578,-921.300048828125,2.67143568707696,0.120492388494797,0.163004121418763,ST
129.433333333333,1.75973665714264,-1.53244233131409,8.73886871337891,-0.6250039935112,0.701223969459534,0.99848198890686,-969.900024414062,36.9000015258789,-911.700012207031,2.66825421183894,0.179409848650029,0.172522065774021,ST
129.466666666667,2.93987274169922,-1.7525589466095,8.66290473937988,-0.907018005847931,-0.777444005012512,0.472563982009888,-967.500061035156,39.3000030517578,-909.300048828125,2.66188003270314,0.295075526731811,0.195893997986174,ST
129.5,1.74538123607635,-1.53902184963226,10.9645586013794,-0.457319974899292,-1.2423859834671,-0.282013982534409,-977.100036621094,29.1000003814697,-914.100036621094,2.67332304147535,0.18157428161012,0.149402098222146,ST
129.533333333333,2.50263023376465,-1.59883618354797,9.46262168884277,-0.221037998795509,-0.754577994346619,-0.396344006061554,-974.700012207031,27.9000015258789,-921.300048828125,2.67099695994807,0.241391902714365,0.163949328921434,ST
129.566666666667,2.34172964096069,-1.53722739219666,9.90584564208984,-0.129574000835419,-0.0914639979600906,-0.365855991840363,-969.900024414062,32.7000007629395,-902.100036621094,2.67370057487422,0.232094700001268,0.156029775279684,ST
129.6,2.36206650733948,-1.11972367763519,8.1126127243042,0.525918006896973,0.0076219998300075,0.0381099991500378,-972.300048828125,30.3000011444092,-906.900024414062,2.67723742849666,0.270975197098076,0.140292590145022,ST
129.633333333333,1.47741317749023,-0.800913453102112,8.73827075958252,1.32622802257538,1.62348592281342,0.914639949798584,-967.500061035156,36.9000015258789,-906.900024414062,2.68429403800475,0.181839740535179,0.0978031902965433,ST
129.666666666667,0.82663357257843,-1.04316139221191,9.57327842712402,1.2423859834671,1.72257196903229,1.42531394958496,-960.300048828125,35.1000022888184,-911.700012207031,2.67983417077605,0.10015685589781,0.105118264211085,ST
129.7,0.768613696098328,-1.48040390014648,10.56081199646,0.0533539988100529,1.01372599601746,0.442075997591019,-965.100036621094,33.9000015258789,-909.300048828125,2.67669105179919,0.0761694708098005,0.132366788849433,ST
129.733333333333,1.34462535381317,-1.30514800548553,8.72032642364502,-0.495429992675781,0.556405961513519,-0.800309956073761,-965.100036621094,36.9000015258789,-916.500061035156,2.67738241067861,0.135553251713558,0.145840423403903,ST
129.766666666667,0.790146887302399,-1.29378318786621,10.0081281661987,-0.160062000155449,1.47104597091675,-0.137196004390717,-965.100036621094,27.3000011444092,-916.500061035156,2.67980365937955,0.0863291016165724,0.131821244521029,ST
129.8,1.4600670337677,-1.17594909667969,10.6301965713501,0.236281991004944,-0.571649968624115,-0.533540010452271,-962.700012207031,36.9000015258789,-914.100036621094,2.68280026792193,0.127776206049754,0.113653707214215,ST
129.833333333333,1.84766364097595,-1.32309222221375,9.03554725646973,0.182927995920181,-1.79117000102997,-0.586893975734711,-962.700012207031,28.5000019073486,-902.100036621094,2.67957977794791,0.188612677913495,0.138979895664291,ST
129.866666666667,1.2578946352005,-0.808091163635254,7.98461055755615,0.205793991684914,0.320124000310898,-0.594515979290009,-962.700012207031,30.9000015258789,-914.100036621094,2.68653654424056,0.161054000395942,0.107189660734591,ST
129.9,0.953439891338348,-0.73751026391983,8.74724292755127,0.297257989645004,1.70732796192169,-0.152439996600151,-967.500061035156,30.3000011444092,-911.700012207031,2.68978602256468,0.116501243427643,0.0882758118979604,ST
129.933333333333,1.57311606407166,-0.817661464214325,8.99367809295654,0.0685980021953583,-0.0609759986400604,0.0076219998300075,-957.900024414062,32.1000022888184,-906.900024414062,2.68948369741107,0.161264019299696,0.0900943844845539,ST
129.966666666667,1.06230187416077,-0.981552600860596,8.69939136505127,0.266770005226135,-0.617381989955902,-0.0228659994900227,-957.900024414062,27.9000015258789,-899.700012207031,2.68677888796967,0.129784955832917,0.107531735347805,ST
130.0,0.0933103039860725,-1.05632042884827,12.0202808380127,0.289635986089706,0.861285984516144,-0.205793991684914,-969.900024414062,30.3000011444092,-914.100036621094,2.68878172418675,0.0270339446544888,0.0905626933583031,ST
130.033333333333,1.25370764732361,-0.890634894371033,10.2402076721191,0.472563982009888,-1.50915598869324,-0.403965979814529,-972.300048828125,30.9000015258789,-906.900024414062,2.68957314600607,0.104476119511554,0.0868584417449862,ST
130.066666666667,1.94396460056305,-0.896616339683533,7.87694501876831,0.495429992675781,-1.28049600124359,-0.381099998950958,-955.500061035156,33.3000030517578,-911.700012207031,2.68675009503139,0.2148065877385,0.107160002109337,ST
130.1,1.71906292438507,-1.3099330663681,8.61684799194336,-0.25152599811554,-0.0152439996600151,0.3125019967556,-967.500061035156,35.1000022888184,-909.300048828125,2.6789010068732,0.198782631265466,0.142530783254684,ST
130.133333333333,2.05163049697876,-1.02641332149506,9.32624530792236,-0.548784017562866,-1.04421401023865,-0.609759986400604,-965.100036621094,32.7000007629395,-911.700012207031,2.68570447353888,0.213947378878059,0.116153764274499,ST
130.166666666667,1.94755351543427,-0.871494293212891,7.9816198348999,0.457319974899292,-0.754577994346619,0.243903994560242,-965.100036621094,36.3000030517578,-906.900024414062,2.68614833106687,0.234716302153956,0.109537643912726,ST
130.2,0.91276615858078,-1.21602463722229,11.1499834060669,0.777444005012512,1.03659200668335,0.945127964019775,-962.700012207031,33.3000030517578,-911.700012207031,2.68405805593292,0.105389667013283,0.107905400776073,ST
130.233333333333,2.24483060836792,-1.16637873649597,9.1091194152832,0.282013982534409,-0.0762199983000755,0.442075997591019,-955.500061035156,26.7000007629395,-909.300048828125,2.68053474185802,0.212616862898229,0.123100829694414,ST
130.266666666667,2.15092206001282,-0.91874760389328,9.62352180480957,0.297257989645004,0.182927995920181,0.708845973014832,-957.900024414062,35.1000022888184,-916.500061035156,2.68366709552929,0.217380837410532,0.10027819539125,ST
130.3,1.64070618152618,-0.782370984554291,9.4375,0.685979962348938,0.167683988809586,1.18903195858002,-960.300048828125,33.9000015258789,-918.900024414062,2.68346328449086,0.178846102604678,0.0849753843765401,ST
130.333333333333,0.988132178783417,-0.657957255840302,11.0082235336304,1.12805593013763,1.2347639799118,1.79117000102997,-960.300048828125,39.9000015258789,-916.500061035156,2.68198976389394,0.102420235531651,0.062600650964613,ST
130.366666666667,0.971982300281525,-0.435448080301285,9.6103630065918,1.36433792114258,0.685979962348938,2.09605002403259,-948.300048828125,29.7000007629395,-904.500061035156,2.67826028132373,0.0998644859466295,0.0467124489981016,ST
130.4,0.373839348554611,-0.0418700091540813,8.49781703948975,1.35671591758728,2.08842802047729,1.79879200458527,-955.500061035156,37.5,-911.700012207031,2.67670122218188,0.0522704803478238,0.0116089774590525,ST
130.433333333333,0.431261092424393,-0.0789548754692078,9.21140193939209,0.937505960464478,2.05031800270081,1.37195992469788,-967.500061035156,27.3000011444092,-916.500061035156,2.67337686593138,0.0447065902217253,0.0078119614704433,ST
130.466666666667,0.132787734270096,-0.370848655700684,9.18269062042236,0.701223969459534,1.18140995502472,0.472563982009888,-953.100036621094,33.3000030517578,-909.300048828125,2.67149611602296,0.0188884332977387,0.0328482812767562,ST
130.5,0.119628593325615,-0.258995920419693,9.98360443115234,-0.228659987449646,0.274392008781433,-0.457319974899292,-950.700012207031,28.5000019073486,-923.700012207031,2.67265968438782,0.0130071854097947,0.0276379974536085,ST
130.533333333333,0.477318078279495,-0.0334960073232651,9.53499698638916,-0.556405961513519,-0.777444005012512,-0.518296003341675,-945.900024414062,30.9000015258789,-899.700012207031,2.67438033055252,0.0436538936172648,0.0091349098221371,ST
130.566666666667,1.16338813304901,-0.666929423809052,10.5955047607422,-1.63872992992401,-1.32622802257538,-0.457319974899292,-945.900024414062,38.7000007629395,-909.300048828125,2.67241300068751,0.0978232974802905,0.0542210384440913,ST
130.6,2.19339036941528,-0.706406831741333,9.20362567901611,-1.83690190315247,-2.00458598136902,-0.731711983680725,-950.700012207031,32.1000022888184,-899.700012207031,2.67133994254622,0.208764596750963,0.0744560885681429,ST
130.633333333333,1.67300593852997,-0.720762252807617,8.64914703369141,-0.533540010452271,0.434453994035721,-0.693601965904236,-974.700012207031,35.1000022888184,-897.300048828125,2.67187721365409,0.192761306411322,0.0823481050480247,ST
130.666666666667,0.964206457138062,-0.587974548339844,8.53908920288086,-0.0,1.83690190315247,-0.586893975734711,-948.300048828125,25.5000019073486,-911.700012207031,2.67548632884823,0.12311269248612,0.0708691546203757,ST
130.7,-0.0358885787427425,-1.03717994689941,9.14381122589111,-0.0914639979600906,2.18751406669617,-0.350611984729767,-948.300048828125,39.3000030517578,-894.900024414062,2.67441150906263,0.0157714254478068,0.105580928233726,ST
130.733333333333,0.73451954126358,-1.52406823635101,10.6188325881958,-1.81403601169586,0.952749967575073,-1.18140995502472,-950.700012207031,32.7000007629395,-914.100036621094,2.67637177309752,0.0566442976246001,0.137539744834505,ST
130.766666666667,1.05990934371948,-1.64788389205933,10.3843603134155,-1.75305998325348,-0.419209986925125,-1.59299790859222,-943.500061035156,35.7000007629395,-899.700012207031,2.67880370977427,0.0925364961413442,0.155648197252372,ST
130.8,0.517991840839386,-2.27294325828552,11.2103958129883,-1.05945801734924,1.21189796924591,-1.64635193347931,-953.100036621094,35.1000022888184,-892.500061035156,2.68050515702977,0.0535529691500679,0.192422703717493,ST
130.833333333333,0.930710434913635,-1.75554966926575,10.2402076721191,-0.807931959629059,0.388722002506256,-2.02745199203491,-960.300048828125,34.5,-887.700012207031,2.68687272778497,0.0829300514275726,0.174787336578482,ST
130.866666666667,1.16936945915222,-1.37632691860199,7.26564264297485,0.480185985565186,0.365855991840363,-1.2576299905777,-948.300048828125,35.1000022888184,-911.700012207031,2.68878977023168,0.142601799016224,0.183945715089053,ST
130.9,1.19090270996094,-1.2818204164505,7.90565586090088,0.426831990480423,0.67835795879364,-0.548784017562866,-943.500061035156,36.3000030517578,-899.700012207031,2.69307746004662,0.145902486395501,0.164138261642448,ST
130.933333333333,0.544310092926025,-1.30454981327057,8.47149848937988,0.914639949798584,0.144817993044853,0.449698001146317,-960.300048828125,35.7000007629395,-882.900024414062,2.69296363709084,0.0769534948737276,0.153442895498729,ST
130.966666666667,0.337950766086578,-1.23038005828857,10.4190521240234,0.541162014007568,0.358233988285065,0.556405961513519,-945.900024414062,44.7000007629395,-911.700012207031,2.69346484478493,0.0406234487685946,0.124057513660727,ST
131.0,1.09998488426208,-1.33744764328003,10.4692964553833,0.548784017562866,-0.579271972179413,0.480185985565186,-945.900024414062,35.7000007629395,-906.900024414062,2.69183363178987,0.094634987172993,0.125850398038869,ST
131.033333333333,0.74648243188858,-1.36556041240692,10.3717994689941,1.18903195858002,0.205793991684914,0.434453994035721,-950.700012207031,36.3000030517578,-904.500061035156,2.690427081798,0.0753092524565596,0.128317888001155,ST
131.066666666667,1.37572884559631,-1.09220910072327,10.2629375457764,0.594515979290009,-0.548784017562866,-0.0457319989800453,-933.900024414062,33.3000030517578,-906.900024414062,2.69215614462736,0.123715773122591,0.108934659655049,ST
131.1,0.516197383403778,-0.986935913562775,9.77664661407471,1.69970595836639,-0.0762199983000755,1.56251001358032,-941.100036621094,39.9000015258789,-892.500061035156,2.68871335467785,0.0643142393455706,0.0997358340583411,ST
131.133333333333,0.227892473340034,-0.890036761760712,8.59232425689697,1.46342396736145,1.6844619512558,1.97409796714783,-943.500061035156,34.5,-894.900024414062,2.67962987379311,0.0234372696143429,0.100737402539179,ST
131.166666666667,-0.186620607972145,-1.04974091053009,9.07382869720459,1.31860601902008,1.73781597614288,1.90549993515015,-953.100036621094,33.3000030517578,-897.300048828125,2.67562565527916,-0.0142792701422598,0.110432038866417,ST
131.2,0.0771604403853416,-0.788352429866791,10.2689189910889,0.724089980125427,0.685979962348938,1.69970595836639,-941.100036621094,33.3000030517578,-909.300048828125,2.67149156887906,0.002403489822319,0.0816102551261384,ST
131.233333333333,0.266771763563156,-1.09340536594391,10.2114963531494,1.14329993724823,-0.0076219998300075,2.9420919418335,-938.700012207031,37.5,-906.900024414062,2.66428142883437,0.0211208122947213,0.100357517744524,ST
131.266666666667,0.614890992641449,-0.797922730445862,10.4459686279297,0.594515979290009,-0.472563982009888,2.69056582450867,-941.100036621094,33.3000030517578,-902.100036621094,2.65868615657476,0.0513992650662419,0.080431479452088,ST
131.3,1.56474196910858,-0.888242304325104,9.92857551574707,0.3125019967556,-1.78354799747467,2.75916385650635,-926.700012207031,26.7000007629395,-890.100036621094,2.65130684507751,0.136803090242284,0.087448918099439,ST
131.333333333333,1.85843026638031,-0.476719945669174,7.08141469955444,0.282013982534409,-1.70732796192169,2.43903994560242,-938.700012207031,32.1000022888184,-899.700012207031,2.64827208114223,0.234125681907076,0.0717551524981606,ST
131.366666666667,1.00428199768066,-0.811081886291504,8.97633171081543,0.594515979290009,1.21951997280121,3.55947399139404,-924.300048828125,32.1000022888184,-887.700012207031,2.63750808290608,0.133733629979608,0.0865082779750355,ST
131.4,0.160302311182022,-0.694444000720978,11.7068538665771,0.716467976570129,0.731711983680725,2.85824990272522,-933.900024414062,30.9000015258789,-899.700012207031,2.63286619765558,0.0365947836133622,0.0640269020621069,ST
131.433333333333,-0.0305052921175957,-0.560459971427917,9.69171047210693,2.11891603469849,0.541162014007568,2.75154185295105,-926.700012207031,33.9000015258789,-894.900024414062,2.62667348677914,0.0038837622838738,0.0561343225564335,ST
131.466666666667,-0.394774347543716,-0.748875021934509,11.7624816894531,1.38720393180847,1.70732796192169,1.60824191570282,-917.100036621094,33.3000030517578,-899.700012207031,2.62329002847454,-0.0284595187218044,0.0601122139435134,ST
131.5,0.632835268974304,0.0023925718851387,8.78672027587891,-0.213415995240211,-0.823175966739655,0.487807989120483,-914.700012207031,33.9000015258789,-904.500061035156,2.62228160302479,0.0719629162900399,0.0009651360193249,ST
131.533333333333,0.66633129119873,-0.263182908296585,8.72511196136475,0.0762199983000755,1.17378795146942,0.0533539988100529,-919.500061035156,29.1000003814697,-906.900024414062,2.61995603942667,0.0741359634241799,0.0300179646069323,ST
131.566666666667,0.989328503608704,0.349913626909256,8.1012487411499,0.121951997280121,0.365855991840363,-0.746955990791321,-921.900024414062,27.3000011444092,-885.300048828125,2.62736897058561,0.112471177978724,-0.0303030348971881,ST
131.6,-0.0370848625898361,0.0185424312949181,10.0679426193237,0.670735955238342,0.815553963184357,-0.442075997591019,-909.900024414062,32.7000007629395,-894.900024414062,2.62681865903395,0.0186307269885674,-0.0085272133650444,ST
131.633333333333,-0.346324771642685,0.0257201474159956,11.4131660461426,0.503051996231079,1.11281192302704,-1.32622802257538,-926.700012207031,25.5000019073486,-890.100036621094,2.62986655165624,-0.0220239511358356,-0.0042070369981543,ST
131.666666666667,0.0113647161051631,-0.0741697251796722,10.4986057281494,0.190549999475479,0.335367977619171,-1.6920839548111,-909.900024414062,36.3000030517578,-897.300048828125,2.63388405472716,-0.0040395100131532,0.0045522944854042,ST
131.7,0.496458679437637,0.126208171248436,8.43321800231934,-0.861285984516144,-0.243903994560242,-2.4923939704895,-912.300048828125,27.3000011444092,-890.100036621094,2.63997470547048,0.0464456174307578,-0.0099172141559749,ST
131.733333333333,0.588572680950165,-0.217724040150642,8.49363040924072,-1.55488801002502,0.0990860015153885,-2.05031800270081,-926.700012207031,31.5000019073486,-894.900024414062,2.64320653608012,0.0644773013839547,0.02045506383858,ST
131.766666666667,0.186620607972145,-0.494664251804352,10.1367292404175,-1.15092194080353,0.198172003030777,-1.71494996547699,-921.900024414062,39.3000030517578,-892.500061035156,2.64629251277793,0.0269488749481485,0.0449251489305378,ST
131.8,0.948056638240814,-0.60950767993927,7.88890743255615,-1.19665396213531,-0.221037998795509,-2.32470989227295,-938.700012207031,32.1000022888184,-890.100036621094,2.6500421847787,0.101127179818034,0.0720125783511262,ST
131.833333333333,0.0651975870132446,-0.827231705188751,8.91292858123779,-0.708845973014832,1.31098401546478,-1.92836594581604,-914.700012207031,32.1000022888184,-885.300048828125,2.65386001695064,0.0235006019715686,0.0895314469601414,ST
131.866666666667,-0.0628050118684769,-1.20705246925354,10.8556966781616,-1.02897000312805,0.815553963184357,-2.30184388160706,-929.100036621094,33.9000015258789,-887.700012207031,2.65963850707424,-0.0016759391604368,0.108649389975446,ST
131.9,0.608909547328949,-0.91276615858078,10.2629375457764,-1.19665396213531,-1.36433792114258,-2.27135586738586,-919.500061035156,39.3000030517578,-890.100036621094,2.66541401370362,0.0511331875771283,0.0937040999141708,ST
131.933333333333,0.546104550361633,-0.95762687921524,9.93096733093262,-0.884151995182037,-0.67835795879364,-1.2347639799118,-919.500061035156,39.3000030517578,-885.300048828125,2.66836630702998,0.0552890994989722,0.0969563516893961,ST
131.966666666667,-0.314025074243546,-0.980356335639954,10.0643539428711,-0.0457319989800453,0.708845973014832,-0.0609759986400604,-936.300048828125,38.1000022888184,-899.700012207031,2.66868033815774,-0.016621826297217,0.0971552583355249,ST
132.0,-0.0299071483314037,-0.939084470272064,10.2138891220093,-0.3125019967556,0.754577994346619,-0.426831990480423,-929.100036621094,38.1000022888184,-885.300048828125,2.66990647197288,-0.006120569541186,0.0930127212573074,ST
132.033333333333,0.934299349784851,-0.679490387439728,8.0886869430542,-0.0381099991500378,-0.594515979290009,0.37347799539566,-921.900024414062,42.9000015258789,-885.300048828125,2.6691999454289,0.0937975290126145,0.0855843553173338,ST
132.066666666667,0.277538329362869,-0.792539417743683,8.55822944641113,0.617381989955902,0.304879993200302,0.792688012123108,-926.700012207031,41.1000022888184,-892.500061035156,2.66703014601889,0.0441604973118139,0.0901982620939609,ST
132.1,-0.446812808513641,-0.757847130298615,10.5721769332886,0.716467976570129,1.15854394435883,0.510673999786377,-921.900024414062,36.9000015258789,-892.500061035156,2.66620251599846,-0.0263951253152054,0.0743355426538452,ST
132.133333333333,-0.651975810527802,-0.419896364212036,10.02308177948,1.265251994133,0.617381989955902,0.381099998950958,-924.300048828125,37.5,-894.900024414062,2.66428036323945,-0.0589441609212122,0.0458382616515098,ST
132.166666666667,-0.384605944156647,-0.461168229579926,9.88251781463623,0.945127964019775,0.701223969459534,0.472563982009888,-926.700012207031,39.9000015258789,-892.500061035156,2.66334300468178,-0.0439101910447215,0.0451246412235055,ST
132.2,-0.782370984554291,-0.494664251804352,10.1935529708862,0.541162014007568,0.274392008781433,0.78506600856781,-921.900024414062,38.7000007629395,-887.700012207031,2.6617454563086,-0.070374569768832,0.0469905214243172,ST
132.233333333333,-0.427074074745178,-0.39238178730011,10.7767419815063,-0.3125019967556,-0.419209986925125,0.434453994035721,-912.300048828125,30.9000015258789,-887.700012207031,2.66019826305958,-0.0452300305069196,0.0389280514350317,ST
132.266666666667,0.439635097980499,0.0047851437702775,8.10364055633545,-0.327746003866196,-1.18140995502472,0.3125019967556,-926.700012207031,42.9000015258789,-882.900024414062,2.65924012408686,0.0402377619846531,0.0061452977461903,ST
132.3,-0.117236025631428,-0.305052906274796,8.77296257019043,0.236281991004944,0.365855991840363,0.457319974899292,-917.100036621094,30.9000015258789,-882.900024414062,2.65777233342576,-0.0030715000416969,0.0286719658055927,ST
132.333333333333,-0.289501190185547,-0.354698777198792,9.401611328125,0.3125019967556,0.46494197845459,0.221037998795509,-933.900024414062,32.7000007629395,-885.300048828125,2.65740591083524,-0.0258387036308663,0.0354472068673825,ST
132.366666666667,0.212938904762268,0.0705808699131012,10.6343841552734,-0.266770005226135,-1.69970595836639,-0.769822001457214,-929.100036621094,43.5,-882.900024414062,2.65888988399068,0.0131574371660377,0.0022226229943041,ST
132.4,0.587376415729523,0.874485015869141,8.52234077453613,0.525918006896973,-2.32470989227295,-0.0609759986400604,-929.100036621094,42.3000030517578,-882.900024414062,2.66229796953972,0.0605637565259766,-0.0818583606446092,TR
132.433333333333,0.690257012844086,0.0951047316193581,9.30351543426514,0.701223969459534,0.0762199983000755,1.03659200668335,-924.300048828125,32.7000007629395,-890.100036621094,2.65609088147167,0.0713319666998599,-0.0255571607400275,TR
132.466666666667,-0.23925718665123,0.407335370779037,10.6541223526001,0.663114011287689,0.609759986400604,0.114329993724823,-921.900024414062,38.7000007629395,-892.500061035156,2.65609137459091,-0.0054749108415274,-0.0367494077412443,TR
132.5,0.436046212911606,0.711790144443512,8.46790981292725,-0.426831990480423,-0.198172003030777,-0.983237981796265,-912.300048828125,38.1000022888184,-882.900024414062,2.65903507241234,0.0400202693231491,-0.0737850226706085,TR
132.533333333333,0.239855334162712,0.494664251804352,8.73468208312988,-0.83841997385025,0.579271972179413,-1.04421401023865,-931.500061035156,38.7000007629395,-887.700012207031,2.66103029912943,0.0287372554609695,-0.0584892897435983,TR
132.566666666667,-0.795530140399933,0.216527760028839,10.5201387405396,-0.655492007732391,1.31860601902008,-1.30336201190948,-929.100036621094,38.1000022888184,-909.300048828125,2.66464492429651,-0.0599288328867989,-0.0259740554196711,TR
132.6,-0.904990315437317,0.22968690097332,11.0309524536133,-0.6250039935112,0.777444005012512,-2.00458598136902,-917.100036621094,39.3000030517578,-892.500061035156,2.66946800969492,-0.0785697588148832,-0.0207894694228712,TR
132.633333333333,0.253014475107193,0.599339246749878,9.57088565826416,-1.50915598869324,-1.38720393180847,-2.58385801315308,-924.300048828125,36.9000015258789,-890.100036621094,2.67485273004748,0.0105777864038856,-0.053273312213032,TR
132.666666666667,0.839194595813751,0.323595345020294,9.73896408081055,-1.76830399036407,-1.92074394226074,-2.22562384605408,-933.900024414062,38.7000007629395,-882.900024414062,2.67956900460101,0.073260595405242,-0.0349744587163422,TR
132.7,1.26567053794861,0.382811486721039,9.11211013793945,-1.85976791381836,-1.30336201190948,-2.56861400604248,-936.300048828125,40.5,-875.700012207031,2.68632844285843,0.126542396518697,-0.0383606186403805,TR
132.733333333333,1.74418485164642,0.177648469805717,7.55095672607422,-1.41006994247437,0.823175966739655,-3.61282801628113,-931.500061035156,43.5,-890.100036621094,2.69357461057599,0.208716438321407,-0.0249615771587763,TR
132.766666666667,0.74349170923233,0.141759887337685,8.64675521850586,-1.15854394435883,1.50153398513794,-3.74240183830261,-950.700012207031,42.3000030517578,-885.300048828125,2.70121010325258,0.108408282346263,-0.0172378756084879,TR
132.8,0.0394774377346039,-0.218322187662125,10.9220905303955,-1.18140995502472,0.647870004177094,-3.82624387741089,-936.300048828125,48.3000030517578,-875.700012207031,2.70890533659096,0.0203277000922264,0.0151929527447888,TR
132.833333333333,0.0370848625898361,-0.0933103039860725,10.6989831924438,-1.30336201190948,0.3125019967556,-4.30642986297607,-936.300048828125,47.1000022888184,-882.900024414062,2.71891837678157,0.0065084035433763,0.0117725181596016,TR
132.866666666667,-0.343334078788757,-0.0921140164136887,10.5356903076172,-0.87652999162674,1.21951997280121,-4.08539199829102,-936.300048828125,50.1000022888184,-870.900024414062,2.72832856439074,-0.0263302812540533,0.0106577771050382,TR
132.9,-0.0137572884559631,-0.327184200286865,11.9825983047485,-1.64635193347931,0.388722002506256,-4.58844375610352,-943.500061035156,47.1000022888184,-868.500061035156,2.73910548678064,-0.0066357004717389,0.0263264896332913,TR
132.933333333333,0.983945190906525,-0.250621914863586,8.74903678894043,-1.15092194080353,-0.701223969459534,-4.57319974899292,-950.700012207031,45.9000015258789,-873.300048828125,2.74956644299022,0.0891447448473402,0.0294406619722988,TR
132.966666666667,1.15022897720337,-0.0203368607908487,8.67127895355225,-1.31860601902008,0.739333987236023,-5.00765371322632,-938.700012207031,49.5000038146973,-882.900024414062,2.76355732637119,0.12235213059266,0.008901378058284,TR
133.0,0.492271661758423,0.0197387188673019,8.75681304931641,-0.320124000310898,1.77592599391937,-4.12350177764893,-955.500061035156,50.7000007629395,-885.300048828125,2.77394703133993,0.0670537784740314,-6.99507359709178e-05,TR
133.033333333333,-0.466551512479782,-0.137572884559631,9.45843505859375,0.564027965068817,2.47714996337891,-4.12350177764893,-945.900024414062,51.9000015258789,-875.700012207031,2.7838349626138,-0.0319702662609104,0.0111070134639722,TR
133.066666666667,-0.19798532128334,0.0645994395017624,9.77664661407471,-0.137196004390717,1.49391198158264,-4.71039581298828,-953.100036621094,56.7000007629395,-873.300048828125,2.79526599660801,-0.0243746616995145,-0.0032509154324247,TR
133.1,-0.0442625805735588,0.310436189174652,9.95250129699707,-0.297257989645004,0.167683988809586,-4.51222372055054,-960.300048828125,56.7000007629395,-885.300048828125,2.80590193551139,-0.0083618170882151,-0.0256775274731487,TR
133.133333333333,-0.984543323516846,-0.540123105049133,12.6405553817749,0.525918006896973,1.57013201713562,-3.84148788452148,-960.300048828125,57.9000015258789,-882.900024414062,2.81745115478156,-0.0674807050978221,0.0299416518004965,TR
133.166666666667,-0.275145769119263,-0.212340757250786,13.23570728302,-0.518296003341675,0.87652999162674,-5.0686297416687,-967.500061035156,52.5000038146973,-870.900024414062,2.828601597213,-0.0312551657292805,0.0198784877481781,TR
133.2,1.82912123203278,0.602928102016449,8.43919944763184,-0.403965979814529,-1.63872992992401,-5.32015609741211,-965.100036621094,50.1000022888184,-863.700012207031,2.84697363064997,0.1710454383158,-0.0546494599751246,TR
133.233333333333,1.81117689609528,0.228490620851517,8.57677173614502,0.365855991840363,0.846041977405548,-5.32015609741211,-977.100036621094,49.5000038146973,-870.900024414062,2.85622085382335,0.200666884246429,-0.0331267933341104,TR
133.266666666667,1.60541570186615,0.145946890115738,8.45235824584961,0.449698001146317,1.95123195648193,-5.56405973434448,-986.700012207031,53.7000007629395,-858.900024414062,2.86746589512279,0.186817514228637,-0.0221281846365723,TR
133.3,0.34811919927597,0.218322187662125,9.28377723693848,0.564027965068817,2.5000159740448,-5.56405973434448,-974.700012207031,56.1000022888184,-873.300048828125,2.88021586440987,0.0640063435459659,-0.024859864834652,TR
133.333333333333,0.0604124404489994,0.163293033838272,10.5685882568359,0.342989981174469,2.36281991004944,-5.91467189788818,-969.900024414062,59.1000022888184,-870.900024414062,2.89341278213964,0.0140103593018588,-0.0180887050506504,TR
133.366666666667,-0.903794050216675,-0.0388792939484119,12.1805830001831,1.22714197635651,2.70580983161926,-5.434485912323,-972.300048828125,49.5000038146973,-863.700012207031,2.90628707603835,-0.0601240673786977,-0.0025806966191526,TR
133.4,-0.936691880226135,-0.409727931022644,13.0867700576782,0.205793991684914,2.27897787094116,-6.85979986190796,-977.100036621094,53.1000022888184,-878.100036621094,2.92395409088022,-0.0721829292382342,0.0248295690346577,TR
133.433333333333,0.0604124404489994,0.202172324061394,9.497314453125,-0.457319974899292,0.891773998737335,-7.03510570526123,-984.300048828125,56.7000007629395,-851.700012207031,2.93862875725173,-0.0107200201196045,-0.0110296825757217,TR
133.466666666667,0.0771604403853416,-0.410326063632965,8.27770042419434,-0.335367977619171,1.51677799224854,-6.48632192611694,-993.900024414062,60.3000030517578,-880.500061035156,2.95379348178253,0.0033350001313204,0.0377989353562881,TR
133.5,-0.373839348554611,-0.639414846897125,10.6343841552734,-1.13567793369293,2.11891603469849,-6.44821166992188,-998.700012207031,59.1000022888184,-858.900024414062,2.97047805067006,-0.0312217820536391,0.0581516603285338,TR
133.533333333333,0.0490477234125137,0.254210770130157,8.61804389953613,0.236281991004944,0.815553963184357,-4.81710386276245,-991.500061035156,56.1000022888184,-866.100036621094,2.98076283584144,-0.0024001390981276,-0.0130846938562556,TR
133.566666666667,0.560459971427917,-0.758445262908936,8.80047798156738,0.868907988071442,1.47866797447205,-4.20734405517578,-1003.50006103516,58.5000038146973,-868.500061035156,2.98919751949258,0.0497401862721544,0.0667663907557383,TR
133.6,0.344530344009399,-0.267369896173477,9.28018856048584,0.990859985351562,1.49391198158264,-3.62045001983643,-1015.50006103516,60.9000015258789,-856.500061035156,2.9998008025167,0.0372881280879302,0.0335108313837147,TR
133.633333333333,-1.01744115352631,-0.55866551399231,11.0136060714722,2.09605002403259,2.56861400604248,-3.06404399871826,-1010.70001220703,59.7000007629395,-863.700012207031,3.00805986469387,-0.073794514415038,0.0449080524462875,TR
133.666666666667,-0.23925718665123,-0.341539651155472,9.55473613739014,0.830797970294952,1.95885396003723,-3.87959790229797,-1008.30004882812,57.9000015258789,-866.100036621094,3.01708292998904,-0.03683001912281,0.0365767819489231,TR
133.7,-1.79741966724396,-0.575413525104523,10.947811126709,1.53964400291443,2.88873791694641,-3.01068997383118,-1003.50006103516,55.5000038146973,-866.100036621094,3.02607056758714,-0.143966764769251,0.047902131222861,TR
133.733333333333,-1.73999786376953,-0.380418926477432,10.5877285003662,0.685979962348938,3.01068997383118,-3.25459384918213,-1010.70001220703,63.3000030517578,-873.300048828125,3.03251537572943,-0.162994563589122,0.0381192654783736,TR
133.766666666667,-1.13706982135773,0.0448607243597507,9.52602481842041,0.556405961513519,0.663114011287689,-2.22562384605408,-1022.70001220703,59.7000007629395,-866.100036621094,3.03317583167319,-0.12671792396591,0.0016431128661515,TR
133.8,-0.584385693073273,0.101086162030697,8.52054691314697,0.945127964019775,-0.365855991840363,-1.84452390670776,-1003.50006103516,56.7000007629395,-866.100036621094,3.03652778061883,-0.0790316217251036,-0.0103951143853104,TR
133.833333333333,-0.25839775800705,0.293688207864761,8.78313159942627,1.94360995292664,-0.0533539988100529,-1.18140995502472,-1015.50006103516,66.3000030517578,-870.900024414062,3.03842201324531,-0.0382270809736992,-0.0320187232869143,TR
133.866666666667,-0.362474650144577,0.66334056854248,8.95719146728516,2.88873791694641,0.175305992364883,-0.853663980960846,-1008.30004882812,59.7000007629395,-863.700012207031,3.03924720645791,-0.0402839544518646,-0.0705334031168526,TR
133.9,-0.263781040906906,0.391783654689789,9.96266937255859,2.16464805603027,0.0914639979600906,-1.32622802257538,-1025.10009765625,56.1000022888184,-875.700012207031,3.04322326354539,-0.0294739802101702,-0.0485516879922995,TR
133.933333333333,-0.51440292596817,0.37025049328804,10.9633626937866,1.15854394435883,-0.46494197845459,-2.11129403114319,-1015.50006103516,57.3000030517578,-868.500061035156,3.0487531733079,-0.0430291221021383,-0.0380919419470809,TR
133.966666666667,-0.0903195887804031,0.0005981429712846,10.2994241714478,-0.205793991684914,-0.609759986400604,-3.00306797027588,-1022.70001220703,54.9000015258789,-858.900024414062,3.05679243704812,-0.0144903724012688,-0.0068770894548685,TR
134.0,-0.0484495796263218,-0.52935653924942,10.2515726089478,-0.388722002506256,0.121951997280121,-3.46038794517517,-1029.90002441406,57.9000015258789,-873.300048828125,3.06526105551079,-0.0067525402128274,0.040390974227622,TR
134.033333333333,0.247033044695854,-0.308641761541367,9.11629676818848,-0.510673999786377,0.388722002506256,-3.68142580986023,-1013.10003662109,50.1000022888184,-873.300048828125,3.07380779152355,0.019908658684751,0.0358242531066737,TR
134.066666666667,-0.684873700141907,-0.405540943145752,9.34538555145264,0.815553963184357,1.59299790859222,-2.18751406669617,-1032.30004882812,56.1000022888184,-873.300048828125,3.07927312343363,-0.0575463532872937,0.0408767377121789,TR
134.1,-0.963010191917419,-0.762034118175507,9.78801155090332,0.960371971130371,2.05031800270081,-2.47714996337891,-1020.30004882812,46.5,-870.900024414062,3.08795331388406,-0.0933236500342109,0.0700284920391198,TR
134.133333333333,-1.38111209869385,-0.395970642566681,9.82449817657471,1.21189796924591,1.50915598869324,-2.62196803092957,-1027.5,57.3000030517578,-875.700012207031,3.09194984735508,-0.133265576807975,0.0443472476830619,TR
134.166666666667,-1.34821426868439,-0.142956167459488,9.85739612579346,1.28811800479889,0.3125019967556,-1.85976791381836,-1032.30004882812,50.7000007629395,-861.300048828125,3.09350417186074,-0.135859770926707,0.0180080370618215,TR
134.2,-0.978561878204346,0.152526453137398,9.52781963348389,1.81403601169586,0.0228659994900227,-1.21189796924591,-1027.5,55.5000038146973,-873.300048828125,3.09318056152432,-0.109136179406082,-0.0114982253029231,TR
134.233333333333,-1.13467717170715,0.300267785787582,10.1062240600586,1.93598794937134,0.282013982534409,-0.670735955238342,-1046.70007324219,52.5000038146973,-880.500061035156,3.09330735228204,-0.11164579718702,-0.0286284633274274,TR
134.266666666667,-0.719565987586975,0.628050148487091,9.86577033996582,1.29574000835419,-0.137196004390717,-1.08994603157043,-1027.5,52.5000038146973,-873.300048828125,3.0934192681238,-0.0790918784371975,-0.0594654143392796,TR
134.3,-0.465953379869461,0.729734420776367,9.27839374542236,0.762199997901917,-0.304879993200302,-1.2423859834671,-1034.70007324219,53.1000022888184,-882.900024414062,3.09550407316662,-0.05490442533812,-0.0760754033632604,TR
134.333333333333,-0.211144462227821,0.470738530158997,9.1988410949707,0.472563982009888,0.365855991840363,-1.95885396003723,-1037.10009765625,54.3000030517578,-863.700012207031,3.10110397511267,-0.02933253506758,-0.0561508452055357,TR
134.366666666667,-0.33137121796608,0.439635097980499,9.11928749084473,0.403965979814529,0.609759986400604,-2.08842802047729,-1029.90002441406,51.3000030517578,-875.700012207031,3.10634882676558,-0.0360688450919708,-0.050076595747664,TR
134.4,-0.997702479362488,0.272753208875656,8.91233062744141,0.846041977405548,1.09756803512573,-2.11891603469849,-1025.10009765625,59.1000022888184,-875.700012207031,3.11272621913077,-0.100494838608984,-0.034883472845453,TR
134.433333333333,-1.11613476276398,0.416905641555786,10.0757179260254,0.495429992675781,0.564027965068817,-2.37806391716003,-1044.30004882812,54.9000015258789,-880.500061035156,3.11798286855969,-0.10943294629688,-0.0405480241866765,TR
134.466666666667,-0.190209463238716,0.327782362699509,10.2569561004639,0.571649968624115,-1.41006994247437,-2.13416004180908,-1049.10009765625,53.1000022888184,-880.500061035156,3.12386544932286,-0.0328710095472855,-0.0341142702813873,TR
134.5,0.488084673881531,0.214135184884071,10.7779378890991,0.434453994035721,-2.02745199203491,-2.46952795982361,-1039.5,53.1000022888184,-868.500061035156,3.13020191248961,0.0349754690230345,-0.0229380569937251,TR
134.533333333333,1.01325416564941,0.422887086868286,9.87713527679443,0.0076219998300075,-2.19513607025146,-3.07928800582886,-1049.10009765625,54.9000015258789,-892.500061035156,3.13918167603246,0.0938952467091193,-0.0397936340216051,TR
134.566666666667,0.496458679437637,-0.282323479652405,9.25267314910889,-0.342989981174469,0.282013982534409,-3.01068997383118,-1053.90002441406,53.1000022888184,-878.100036621094,-3.14140389178992,0.061334562453678,0.0165285843877269,TR
134.6,-0.211742609739304,-0.139965459704399,9.40938663482666,-0.640248000621796,0.724089980125427,-2.99544596672058,-1056.30004882812,51.9000015258789,-885.300048828125,-3.13442401592635,-0.0065279964068035,0.0160238528400278,TR
134.633333333333,-0.647788822650909,-0.434849947690964,9.32504844665527,-0.693601965904236,0.236281991004944,-2.14178204536438,-1056.30004882812,57.9000015258789,-875.700012207031,-3.12838235411462,-0.0583102179903039,0.0422441708943255,TR
134.666666666667,-1.27045571804047,-0.160302311182022,9.15936374664307,-0.0533539988100529,0.907018005847931,-1.79879200458527,-1058.70007324219,57.9000015258789,-880.500061035156,-3.12595471674733,-0.122965764692047,0.0228596028165541,TR
134.7,-1.50133883953094,-0.60352623462677,10.5171480178833,0.609759986400604,1.2500079870224,-1.6768399477005,-1063.5,54.9000015258789,-882.900024414062,-3.11830886173933,-0.139478523179904,0.0498354288145757,TR
134.733333333333,-1.57610678672791,-0.28710862994194,10.330527305603,0.37347799539566,-0.716467976570129,-2.42379593849182,-1049.10009765625,57.9000015258789,-858.900024414062,-3.1147205553832,-0.148293518450372,0.0312322690893653,TR
134.766666666667,-0.818259596824646,0.091515876352787,10.1821880340576,0.434453994035721,-1.38720393180847,-2.25611186027527,-1075.5,50.7000007629395,-870.900024414062,-3.11314194724193,-0.0903505960736634,-0.0021119255339397,TR
134.8,-0.0406737215816975,0.294884473085403,9.36153602600098,0.556405961513519,-0.6250039935112,-1.71494996547699,-1080.30004882812,55.5000038146973,-885.300048828125,-3.11044765683255,-0.0208698836347098,-0.0262452216035138,TR
134.833333333333,-0.142956167459488,0.134582161903381,9.5272216796875,0.830797970294952,1.08232402801514,-1.50153398513794,-1068.30004882812,52.5000038146973,-890.100036621094,-3.10641646411819,-0.0175627632186004,-0.0172150846340974,TR
134.866666666667,-0.844577848911285,0.337352633476257,9.87713527679443,1.37958192825317,1.82165801525116,-1.81403601169586,-1075.5,59.1000022888184,-880.500061035156,-3.10290247907834,-0.0742083210878447,-0.0325134378948555,TR
134.9,-0.899607002735138,0.424083352088928,9.5272216796875,1.15854394435883,1.27287399768829,-2.35519790649414,-1065.90002441406,63.3000030517578,-885.300048828125,-3.09829198154603,-0.0919564126398419,-0.04340883316892,TR
134.933333333333,-0.904392182826996,0.277538329362869,9.61455059051514,0.663114011287689,1.22714197635651,-2.38568592071533,-1061.10009765625,56.1000022888184,-887.700012207031,-3.09121353623777,-0.0953567026544565,-0.0319412959597759,TR
134.966666666667,-0.803305983543396,0.0843381583690643,9.91421985626221,-0.236281991004944,0.594515979290009,-2.67532205581665,-1075.5,53.1000022888184,-890.100036621094,-3.08341436912061,-0.084676460056323,-0.0125645236047767,TR
135.0,-0.916355013847351,0.226098045706749,9.50568771362305,0.0762199983000755,0.533540010452271,-2.71343183517456,-1063.5,50.7000007629395,-887.700012207031,-3.07797374333073,-0.0945922457932087,-0.0212816416288575,TR
135.033333333333,-0.689060688018799,-0.152526453137398,9.60318565368652,0.0076219998300075,0.891773998737335,-2.61434602737427,-1061.10009765625,54.9000015258789,-875.700012207031,-3.06940795966545,-0.0775138156007705,0.0086998686077611,TR
135.066666666667,-0.324791640043259,-0.113049022853374,9.90106105804443,-0.533540010452271,-0.655492007732391,-3.23934984207153,-1082.70007324219,58.5000038146973,-882.900024414062,-3.0616350192445,-0.0403016255207937,0.0119030401295189,TR
135.1,0.271556913852692,0.0041870009154081,9.46561241149902,-0.83841997385025,-1.61586391925812,-2.98782396316528,-1077.90002441406,50.1000022888184,-878.100036621094,-3.05469268788805,0.0178950000627839,0.0031014429854282,TR
135.133333333333,0.581993103027344,-0.0412718653678894,9.17371845245361,-1.07470202445984,-1.35671591758728,-2.78202986717224,-1087.5,57.9000015258789,-875.700012207031,-3.04829970230009,0.0561016962486215,0.0055529981874894,TR
135.166666666667,0.331969350576401,-0.406737208366394,9.58464336395264,-0.769822001457214,0.0076219998300075,-2.21037983894348,-1094.70007324219,53.7000007629395,-880.500061035156,-3.04457271975801,0.0389975883151677,0.0359214162630804,TR
135.2,0.0125610027462244,-0.702219843864441,9.71324348449707,-0.510673999786377,0.472563982009888,-2.01982998847961,-1085.10009765625,56.1000022888184,-875.700012207031,-3.04054447330658,0.0083907001529015,0.0655236437130258,TR
135.233333333333,-0.855942606925964,-0.541917502880096,9.6761589050293,0.411587983369827,0.800309956073761,-2.53050398826599,-1097.10009765625,53.1000022888184,-866.100036621094,-3.03431114102619,-0.072822534921625,0.0571441822989519,TR
135.266666666667,-0.765622973442078,-0.86790543794632,9.73118782043457,0.282013982534409,0.67835795879364,-2.31708788871765,-1089.90002441406,48.9000015258789,-875.700012207031,-3.02655284675928,-0.0779763917605712,0.0831265612684623,TR
135.3,-0.897812604904175,-1.0634982585907,11.0764112472534,-0.297257989645004,-0.442075997591019,-2.22562384605408,-1089.90002441406,54.9000015258789,-878.100036621094,-3.02076367283305,-0.0791090811533393,0.0938362177211351,TR
135.333333333333,-0.77579140663147,-0.648985147476196,9.80057239532471,-0.480185985565186,-0.990859985351562,-2.58385801315308,-1092.30004882812,50.1000022888184,-882.900024414062,-3.01678028068449,-0.0772195077418693,0.0726490146288585,TR
135.366666666667,-0.339147061109543,-0.966000914573669,9.37648963928223,-0.342989981174469,0.304879993200302,-1.57013201713562,-1101.90002441406,51.9000015258789,-870.900024414062,-3.01154951061122,-0.0440340049552192,0.0975901809152393,TR
135.4,-0.631040811538696,-1.22021162509918,9.43690204620361,-0.0838419944047928,1.28811800479889,-2.17989206314087,-1092.30004882812,59.1000022888184,-880.500061035156,-3.00453785457983,-0.0637409823766022,0.123358939763465,TR
135.433333333333,-0.797922730445862,-1.10417187213898,9.54995059967041,0.0609759986400604,1.04421401023865,-2.37806391716003,-1089.90002441406,54.9000015258789,-887.700012207031,-2.99910939327262,-0.0802587903417879,0.116853032935259,TR
135.466666666667,-0.826035439968109,-1.13108837604523,9.54038047790527,0.586893975734711,0.541162014007568,-2.0655620098114,-1099.5,51.9000015258789,-868.500061035156,-2.99396245040467,-0.0851431251205,0.117207962256762,TR
135.5,-0.785361707210541,-1.03060030937195,9.99317455291748,0.952749967575073,0.228659987449646,-1.91312193870544,-1101.90002441406,54.9000015258789,-880.500061035156,-2.99039782631132,-0.0794796732823856,0.104567374375032,TR
135.533333333333,-0.512608528137207,-0.846372306346893,9.29334735870361,1.06708002090454,-0.0762199983000755,-1.95885396003723,-1097.10009765625,54.3000030517578,-894.900024414062,-2.98661722708433,-0.0594645863535179,0.0922841718955445,TR
135.566666666667,-0.605918824672699,-0.830222427845001,8.69699859619141,1.01372599601746,0.983237981796265,-1.87501192092896,-1099.5,48.3000030517578,-885.300048828125,-2.98147066496707,-0.0687722914068885,0.0934019554417781,TR
135.6,-1.01145970821381,-1.07546103000641,10.1809911727905,0.640248000621796,1.29574000835419,-1.50153398513794,-1097.10009765625,54.3000030517578,-880.500061035156,-2.97653005582553,-0.0951511432204145,0.102527709347467,TR
135.633333333333,-0.890634894371033,-0.747080564498901,9.66359806060791,1.29574000835419,-0.0609759986400604,-0.78506600856781,-1116.30004882812,51.9000015258789,-878.100036621094,-2.97642305450883,-0.0920389859937309,0.079634566812213,TR
135.666666666667,-0.37623193860054,-0.875681281089783,9.16833591461182,1.29574000835419,0.350611984729767,-0.594515979290009,-1101.90002441406,47.1000022888184,-890.100036621094,-2.9740101550493,-0.051569293142333,0.0903473475344152,TR
135.7,-0.28710862994194,-1.09220910072327,9.5625114440918,0.800309956073761,0.396344006061554,-0.884151995182037,-1123.5,54.9000015258789,-885.300048828125,-2.97105609188072,-0.0346323666404101,0.1079555192244,TR
135.733333333333,-0.364867210388184,-1.1538177728653,9.65103721618652,0.868907988071442,0.167683988809586,-0.693601965904236,-1109.10009765625,51.9000015258789,-887.700012207031,-2.96908060236057,-0.0370628836370021,0.115590201346294,TR
135.766666666667,-0.0490477234125137,-1.25610029697418,9.43331241607666,0.861285984516144,-0.381099998950958,-0.594515979290009,-1106.70007324219,54.9000015258789,-875.700012207031,-2.96748620996258,-0.0109575442533844,0.127813564595315,TR
135.8,0.415111213922501,-1.53722739219666,8.90515232086182,0.92988395690918,-0.579271972179413,-0.137196004390717,-1118.70007324219,46.5,-885.300048828125,-2.96779193210857,0.035261609204111,0.160943249085704,TR
135.833333333333,0.194994613528252,-1.35180306434631,9.5924186706543,0.914639949798584,-0.693601965904236,-0.0457319989800453,-1113.90002441406,47.1000022888184,-880.500061035156,-2.96745790267098,0.0241421944178527,0.142949103739344,TR
135.866666666667,0.05742172524333,-1.13288283348083,9.99616527557373,1.29574000835419,-1.28049600124359,0.586893975734711,-1101.90002441406,55.5000038146973,-873.300048828125,-2.96882692017459,0.0108984020845473,0.116746090811074,TR
135.9,-0.311632484197617,-1.00188946723938,9.21319580078125,2.05031800270081,-0.0076219998300075,1.75305998325348,-1104.30004882812,43.5,-890.100036621094,-2.97287688510153,-0.0249006826125513,0.107137126101072,TR
135.933333333333,-1.02222633361816,-0.912168025970459,10.5805511474609,2.13416004180908,0.403965979814529,2.30184388160706,-1106.70007324219,53.7000007629395,-894.900024414062,-2.97904102153142,-0.0833439549476292,0.0868198218057388,ST
135.966666666667,-0.715977132320404,-0.689060688018799,9.32564735412598,1.60061991214752,-0.533540010452271,2.17989206314087,-1104.30004882812,48.9000015258789,-890.100036621094,-2.98534635977561,-0.0770539042360274,0.0733661474282478,ST
136.0,-1.02342259883881,0.115441590547562,8.79150581359863,2.01220798492432,-0.0609759986400604,1.94360995292664,-1101.90002441406,43.5,-887.700012207031,-2.99604421327715,-0.108104386356634,0.0013160626507888,ST
136.033333333333,-1.37632691860199,0.269762486219406,10.524923324585,2.40092992782593,-0.259148001670837,2.99544596672058,-1104.30004882812,47.7000007629395,-892.500061035156,-3.00519837498018,-0.125160552469774,-0.024028011906368,ST
136.066666666667,-0.850559294223785,0.354698777198792,9.96147346496582,2.14178204536438,-1.50153398513794,3.09453201293945,-1101.90002441406,45.9000015258789,-897.300048828125,-3.01300967219734,-0.0909663511012372,-0.036692143349011,ST
136.1,-0.328978627920151,0.35110992193222,8.92130279541016,1.43293595314026,-1.08232402801514,2.57623600959778,-1104.30004882812,46.5,-897.300048828125,-3.01889850639729,-0.0460965590643896,-0.0410232440426122,ST
136.133333333333,-0.497654944658279,0.277538329362869,9.20362567901611,0.960371971130371,-0.0533539988100529,1.59299790859222,-1097.10009765625,44.7000007629395,-899.700012207031,-3.02209256476339,-0.0522484726268474,-0.0337884168868728,ST
136.166666666667,-0.470738530158997,0.243444189429283,9.31787109375,0.46494197845459,0.342989981174469,0.6250039935112,-1094.70007324219,48.9000015258789,-899.700012207031,-3.02321805023931,-0.0512719942487291,-0.0283593299460905,ST
136.2,-0.336754500865936,0.278136491775513,9.06904411315918,-0.0,0.160062000155449,0.137196004390717,-1106.70007324219,44.7000007629395,-904.500061035156,-3.02362877836053,-0.0401715555462728,-0.0302048254205715,ST
136.233333333333,-0.828428030014038,0.183031752705574,9.65283107757568,-0.0914639979600906,0.487807989120483,0.434453994035721,-1094.70007324219,45.3000030517578,-894.900024414062,-3.02415898329543,-0.0776505751111984,-0.0210115694700718,ST
136.266666666667,-0.253014475107193,-0.0921140164136887,9.91122913360596,-0.663114011287689,0.236281991004944,-0.0457319989800453,-1089.90002441406,47.7000007629395,-902.100036621094,-3.02267177203059,-0.034619330952398,0.0051838912475638,ST
136.3,0.317015767097473,-0.181237325072289,9.20781326293945,-0.967993974685669,-0.0609759986400604,-1.19665396213531,-1089.90002441406,47.7000007629395,-887.700012207031,-3.01984200769003,0.020596067732817,0.018106464920766,ST
136.333333333333,-0.218322187662125,-0.199779748916626,8.42125511169434,-0.487807989120483,1.01372599601746,-1.265251994133,-1092.30004882812,47.1000022888184,-880.500061035156,-3.01679357947572,-0.0184794862566146,0.0233521468768863,ST
136.366666666667,-0.105871304869652,-0.624461233615875,10.0362405776978,-1.18903195858002,1.12043392658234,-1.46342396736145,-1094.70007324219,46.5,-894.900024414062,-3.01262007317006,-0.0134597989189935,0.056954106389344,ST
136.4,0.398961365222931,-0.276342064142227,9.39443397521973,-0.693601965904236,-1.08232402801514,-1.60061991214752,-1106.70007324219,57.3000030517578,-875.700012207031,-3.00847334719173,0.0347157259560973,0.0350053499844074,ST
136.433333333333,0.195592746138573,-0.201574176549911,9.38546180725098,-0.236281991004944,-0.800309956073761,-1.41006994247437,-1113.90002441406,47.1000022888184,-885.300048828125,-3.0045492721091,0.0242531218705648,0.0238955247349724,ST
136.466666666667,0.0909177288413048,-0.245836764574051,9.24908447265625,-0.320124000310898,-0.137196004390717,-1.52439999580383,-1099.5,48.3000030517578,-904.500061035156,-3.00108055267447,0.0129785832257352,0.0264437061016279,ST
136.5,-0.30325847864151,-0.394176214933395,9.61455059051514,-0.457319974899292,-0.0381099991500378,-1.64635193347931,-1109.10009765625,49.5000038146973,-878.100036621094,-2.99723907780373,-0.022406715282558,0.038704546738723,ST
136.533333333333,-0.321202784776688,-0.148937597870827,9.88012599945068,-0.663114011287689,-0.25152599811554,-1.71494996547699,-1106.70007324219,49.5000038146973,-882.900024414062,-2.99381728528804,-0.0300477651689007,0.020825804860493,ST
136.566666666667,-0.392979919910431,-0.552684128284454,9.51107120513916,-0.327746003866196,0.518296003341675,-1.18903195858002,-1104.30004882812,48.3000030517578,-878.100036621094,-2.99001127714072,-0.0396325735158069,0.0510583756355718,ST
136.6,-0.700425446033478,-0.887046039104462,10.2850685119629,-0.571649968624115,0.983237981796265,-1.6615959405899,-1116.30004882812,46.5,-878.100036621094,-2.98434160778253,-0.0639692276053712,0.0807386364721974,ST
136.633333333333,-0.721360445022583,-0.771006286144257,10.2856664657593,-1.29574000835419,-0.0609759986400604,-2.64483404159546,-1111.5,50.7000007629395,-878.100036621094,-2.97831630112435,-0.0683921081300897,0.0779869146891825,ST
136.666666666667,-0.680088579654694,-0.82663357257843,8.58155727386475,-1.13567793369293,0.0,-2.40855193138123,-1104.30004882812,50.1000022888184,-892.500061035156,-2.97181653804649,-0.076346011277696,0.094221245925444,ST
136.7,-0.684873700141907,-0.95463615655899,9.84722805023193,-1.08232402801514,0.579271972179413,-2.28659987449646,-1111.5,54.3000030517578,-885.300048828125,-2.96588990459875,-0.0708447215791493,0.0980552964203693,ST
136.733333333333,-0.373839348554611,-0.785361707210541,9.57208156585693,-0.236281991004944,-0.487807989120483,-1.49391198158264,-1109.10009765625,53.7000007629395,-890.100036621094,-2.96332322608912,-0.0444774847568841,0.0855625714160289,ST
136.766666666667,-0.48449581861496,-1.0395724773407,9.50808048248291,-0.106707997620106,-0.365855991840363,-1.265251994133,-1109.10009765625,52.5000038146973,-885.300048828125,-2.95963668241045,-0.0486982339658257,0.104427410176474,ST
136.8,-0.394176214933395,-0.616685390472412,10.9986534118652,-0.388722002506256,-0.792688012123108,-0.510673999786377,-1111.5,45.9000015258789,-878.100036621094,-2.96029638844571,-0.0372239188811427,0.0663344236459652,ST
136.833333333333,0.171068891882896,-0.742295444011688,9.74434757232666,0.228659987449646,-0.807931959629059,0.167683988809586,-1118.70007324219,49.5000038146973,-878.100036621094,-2.96071054441747,0.0082362965555217,0.073868566484624,ST
136.866666666667,0.167480036616325,-0.47552365064621,8.67486763000488,0.167683988809586,0.632625997066498,-0.396344006061554,-1125.90002441406,51.9000015258789,-880.500061035156,-2.95951843977312,0.016206839678856,0.0583709085853669,ST
136.9,-0.434849947690964,-0.692051410675049,9.7240104675293,0.46494197845459,1.09756803512573,-0.503051996231079,-1121.10009765625,48.9000015258789,-885.300048828125,-2.95810980193294,-0.0338019749028506,0.0678596727999266,ST
136.933333333333,-0.730930685997009,-0.477318078279495,9.5026969909668,0.495429992675781,0.571649968624115,-1.42531394958496,-1121.10009765625,49.5000038146973,-897.300048828125,-2.95536157175123,-0.0692263686067099,0.0529669219772902,ST
136.966666666667,-0.70461243391037,-0.424083352088928,10.1032333374023,0.449698001146317,0.228659987449646,-1.29574000835419,-1125.90002441406,51.9000015258789,-875.700012207031,-2.95293514461885,-0.0697327588584238,0.0436701913280279,ST
137.0,-0.315221339464188,-0.541917502880096,9.88730335235596,0.221037998795509,0.0304879993200302,-0.952749967575073,-1130.70007324219,44.7000007629395,-887.700012207031,-2.95024468953839,-0.0394416660813612,0.0522851119226976,ST
137.033333333333,-0.0388792939484119,-0.471336662769318,9.7180290222168,0.0076219998300075,-0.426831990480423,-0.78506600856781,-1111.5,51.3000030517578,-878.100036621094,-2.94845861832404,-0.009656225160373,0.049157639099248,ST
137.066666666667,0.226098045706749,-0.355895072221756,9.353759765625,0.0609759986400604,-0.777444005012512,-0.815553963184357,-1121.10009765625,48.3000030517578,-882.900024414062,-2.94650854337395,0.0192789609952065,0.0399206484979319,ST
137.1,0.37324121594429,-0.378624498844147,9.49312686920166,0.365855991840363,-0.304879993200302,-1.06708002090454,-1116.30004882812,48.9000015258789,-885.300048828125,-2.94408726715777,0.0357214361330558,0.0393213310331256,ST
137.133333333333,0.359483927488327,-0.0185424312949181,9.67914962768555,0.655492007732391,-0.693601965904236,-0.990859985351562,-1128.30004882812,47.1000022888184,-870.900024414062,-2.9405168929467,0.0379255770985648,0.0071871449620788,ST
137.166666666667,0.32838049530983,-0.0215331465005875,9.25865459442139,0.830797970294952,-0.556405961513519,-0.617381989955902,-1118.70007324219,46.5,-878.100036621094,-2.93898369859309,0.0367296935592206,0.0021155338283268,ST
137.2,0.381017059087753,0.0155517170205712,9.82868576049805,-0.129574000835419,-0.335367977619171,-0.983237981796265,-1123.5,47.1000022888184,-880.500061035156,-2.93639114862055,0.0388954834674407,-0.0008282060690188,ST
137.233333333333,0.0604124404489994,-0.0598142966628075,10.0649518966675,-0.0609759986400604,0.282013982534409,-0.640248000621796,-1128.30004882812,45.9000015258789,-880.500061035156,-2.93491989635183,0.0111145977537419,0.004876635597273,ST
137.266666666667,-0.249425619840622,0.194396466016769,9.281982421875,0.777444005012512,1.08994603157043,-0.129574000835419,-1118.70007324219,56.7000007629395,-906.900024414062,-2.93472500255158,-0.0220719447140282,-0.0177337936934641,ST
137.3,-0.0634031519293785,-0.355895072221756,8.94702243804932,0.472563982009888,1.2347639799118,-0.754577994346619,-1133.10009765625,44.1000022888184,-882.900024414062,-2.93218779691276,-0.0118172873401336,0.0275270130814607,TR
137.333333333333,-1.11434030532837,0.166881889104843,10.8473224639893,0.731711983680725,1.44817996025085,-0.99848198890686,-1123.5,47.1000022888184,-882.900024414062,-2.93149531887047,-0.086109514155859,-0.0076172643230993,TR
137.366666666667,-0.678294122219086,0.401952087879181,9.55892276763916,0.670735955238342,0.87652999162674,-1.19665396213531,-1121.10009765625,46.5,-880.500061035156,-2.93094518235055,-0.0751405740976017,-0.0359034144782212,TR
137.4,-0.571824669837952,0.190209463238716,9.50628662109375,-0.0381099991500378,0.92988395690918,-1.2423859834671,-1121.10009765625,47.7000007629395,-866.100036621094,-2.92726314938686,-0.0644502480116005,-0.0230372263091249,TR
137.433333333333,-0.429466664791107,0.0436644367873669,10.4914274215698,-0.579271972179413,0.480185985565186,-1.60061991214752,-1109.10009765625,50.7000007629395,-892.500061035156,-2.92242727509251,-0.04558778173156,-0.0063632148382085,TR
137.466666666667,0.314025074243546,0.326586067676544,9.73836612701416,-0.945127964019775,-0.289635986089706,-2.33233189582825,-1125.90002441406,44.7000007629395,-882.900024414062,-2.91736758281989,0.0168650010040169,-0.0267099025612084,TR
137.5,0.272155046463013,0.0053832866251468,8.53609848022461,-0.0,0.777444005012512,-2.57623600959778,-1123.5,45.9000015258789,-887.700012207031,-2.91192577743164,0.0277174918363717,-0.0059726383672754,TR
137.533333333333,-0.321202784776688,0.0209350045770407,9.95429515838623,-0.0304879993200302,1.47104597091675,-3.04117798805237,-1135.5,48.3000030517578,-882.900024414062,-2.90494160724331,-0.0222344630971464,-0.0028252045958352,TR
137.566666666667,-0.540123105049133,-0.0478514358401299,9.53380107879639,0.266770005226135,0.952749967575073,-3.18599581718445,-1128.30004882812,47.7000007629395,-899.700012207031,-2.89735995947306,-0.0509927262499788,0.0032442402995468,TR
137.6,-0.535936117172241,-0.430662930011749,10.7270956039429,-1.31860601902008,0.6250039935112,-3.40703392028809,-1135.5,45.3000030517578,-887.700012207031,-2.88804281299843,-0.0508703651051052,0.0347756225132751,TR
137.633333333333,-0.0490477234125137,-0.473131090402603,9.95668792724609,-1.59299790859222,-0.640248000621796,-3.20886182785034,-1140.30004882812,47.1000022888184,-902.100036621094,-2.88043797292326,-0.0130990458439401,0.0472660146877015,TR
137.666666666667,0.300865918397903,-0.929514169692993,10.2635354995728,-1.89787793159485,-0.25152599811554,-3.29270386695862,-1149.90002441406,42.9000015258789,-882.900024414062,-2.87281989854867,0.0218466774704882,0.0847874720146529,TR
137.7,0.439036935567856,-0.528758406639099,9.08818435668945,-0.632625997066498,0.3125019967556,-2.77440786361694,-1145.10009765625,50.1000022888184,-885.300048828125,-2.86568449403594,0.0427283061688174,0.0642411252550484,TR
137.733333333333,0.345128506422043,-0.677695989608765,8.83636569976807,-0.0762199983000755,1.05945801734924,-2.57623600959778,-1137.90002441406,47.7000007629395,-868.500061035156,-2.85998915115624,0.0384706416135678,0.0740241167423043,TR
137.766666666667,-0.0968991592526436,-0.375633776187897,9.4315185546875,0.434453994035721,0.617381989955902,-2.37806391716003,-1128.30004882812,45.9000015258789,-887.700012207031,-2.85359771214926,-0.0022585484421064,0.0452518448711462,TR
137.8,-0.283519774675369,-0.233873903751373,10.3981170654297,0.663114011287689,-0.282013982534409,-2.32470989227295,-1140.30004882812,46.5,-882.900024414062,-2.84816571983599,-0.022279821337619,0.0256532146901296,TR
137.833333333333,0.0897214487195015,-0.333165645599365,10.5937099456787,0.87652999162674,-0.289635986089706,-2.35519790649414,-1137.90002441406,47.7000007629395,-882.900024414062,-2.84270622677482,0.0027646620341881,0.0290733553104985,TR
137.866666666667,-0.0735715851187706,-0.299669623374939,11.1254596710205,1.72257196903229,0.510673999786377,-2.47714996337891,-1140.30004882812,47.7000007629395,-890.100036621094,-2.8369693421575,-0.005341710967211,0.0249684405511186,TR
137.9,0.220714762806892,-0.0490477234125137,10.2994241714478,1.41006994247437,-0.0152439996600151,-2.90398192405701,-1135.5,52.5000038146973,-894.900024414062,-2.82978762925996,0.0167244882605934,0.0063102058109069,TR
137.933333333333,0.0753660127520561,0.11484345048666,9.53619384765625,1.46342396736145,0.449698001146317,-3.17837381362915,-1142.70007324219,43.5,-890.100036621094,-2.82207175915501,0.0089196257789509,-0.010683454910482,TR
137.966666666667,-0.702219843864441,0.209948182106018,9.72460842132568,2.66007804870605,2.28659987449646,-3.17075204849243,-1152.30004882812,45.3000030517578,-906.900024414062,-2.81435938496258,-0.061880852254806,-0.0234487717869015,TR
138.0,-1.09101283550262,0.547300815582275,10.3287324905396,3.18599581718445,2.13416004180908,-2.42379593849182,-1149.90002441406,43.5,-897.300048828125,-2.81018915228782,-0.101091753832474,-0.0523101294786029,TR
138.033333333333,-0.111852735280991,0.992319166660309,8.96735954284668,2.61434602737427,-0.503051996231079,-1.41006994247437,-1147.5,39.3000030517578,-887.700012207031,-2.80946595341339,-0.0267745696574272,-0.104214005819465,TR
138.066666666667,-0.55866551399231,0.977365612983704,9.66120529174805,-0.647870004177094,-0.907018005847931,-1.61586391925812,-1140.30004882812,39.9000015258789,-887.700012207031,-2.80498974557795,-0.0515483168147733,-0.100296226763306,TR
138.1,0.0047851437702775,0.456981241703033,10.7055625915527,-2.43141794204712,-0.510673999786377,-1.85976791381836,-1135.5,40.5,-887.700012207031,-2.7992921457408,-0.0095103664264724,-0.0508206285760397,TR
138.133333333333,0.585581958293915,0.144152462482452,9.54157638549805,-2.94971394538879,-1.05945801734924,-2.68294382095337,-1154.70007324219,44.1000022888184,-880.500061035156,-2.79353176484337,0.0483785223877869,-0.0183141895146211,TR
138.166666666667,0.715977132320404,-0.215331465005875,9.12825965881348,-2.9268479347229,-0.144817993044853,-2.82013988494873,-1152.30004882812,36.9000015258789,-894.900024414062,-2.7888895584617,0.0724639509470056,0.0189570667496651,TR
138.2,0.507225215435028,-0.413914948701859,9.54337120056152,-1.89787793159485,0.92988395690918,-2.89635992050171,-1157.10009765625,39.9000015258789,-906.900024414062,-2.78309632632227,0.0555574597374356,0.0411509103448792,TR
138.233333333333,-0.0179442893713713,-0.320006489753723,9.56131553649902,-0.602137982845306,1.20427596569061,-2.86587190628052,-1152.30004882812,42.3000030517578,-894.900024414062,-2.7757696225811,0.0068069737618783,0.0355943936849828,TR
138.266666666667,-0.551487803459167,-0.0939084440469742,9.98599720001221,0.419209986925125,1.44817996025085,-2.53050398826599,-1161.90002441406,39.3000030517578,-892.500061035156,-2.77024437916274,-0.0446164122007434,0.0142010566734289,TR
138.3,-0.82065212726593,0.138171032071114,10.5464572906494,0.609759986400604,0.853663980960846,-1.96647596359253,-1149.90002441406,41.7000007629395,-904.500061035156,-2.76694458482802,-0.0721870660520971,-0.0082681721096406,TR
138.333333333333,-0.175854027271271,0.139367312192917,10.07093334198,0.167683988809586,0.121951997280121,-1.6844619512558,-1159.5,35.1000022888184,-897.300048828125,-2.76328316979409,-0.0286859854649196,-0.01284613537504,TR
138.366666666667,-0.15312460064888,0.099889874458313,10.3018159866333,0.685979962348938,0.160062000155449,-1.70732796192169,-1164.30004882812,36.9000015258789,-902.100036621094,-2.75928081962816,-0.017898521251697,-0.0112346007096297,TR
138.4,0.510814070701599,0.0610105842351913,10.154673576355,0.0838419944047928,-0.0762199983000755,-2.47714996337891,-1149.90002441406,37.5,-882.900024414062,-2.75292715845596,0.0395998556441895,-0.0070320930922941,TR
138.433333333333,0.952841758728027,0.218322187662125,8.23702716827393,0.0457319989800453,-0.274392008781433,-2.9268479347229,-1171.5,40.5,-890.100036621094,-2.74462904776108,0.10195693673005,-0.0234086367043533,TR
138.466666666667,0.0753660127520561,0.204564899206161,10.242600440979,0.37347799539566,1.18140995502472,-2.98020195960999,-1159.5,36.9000015258789,-890.100036621094,-2.73781639074924,0.023559559358736,-0.0213697613465281,TR
138.5,0.375035643577576,0.272753208875656,9.71922492980957,0.3125019967556,0.922261953353882,-2.89635992050171,-1161.90002441406,38.1000022888184,-906.900024414062,-2.73084666426462,0.034301476764286,-0.0273528722806365,TR
138.533333333333,-0.345726639032364,0.182433605194092,9.96087455749512,0.228659987449646,1.48628997802734,-2.90398192405701,-1157.10009765625,35.1000022888184,-897.300048828125,-2.72367097512545,-0.0253647845400112,-0.0201440909839428,TR
138.566666666667,-0.635227859020233,-0.147143170237541,11.1404132843018,-0.152439996600151,1.58537602424622,-2.80489587783813,-1157.10009765625,41.7000007629395,-906.900024414062,-2.71619505667805,-0.0528144158417632,0.0068592902813474,TR
138.6,0.0986935868859291,-0.0903195887804031,10.3377046585083,-0.480185985565186,-0.0914639979600906,-2.95733594894409,-1169.10009765625,36.3000030517578,-902.100036621094,-2.70935325309709,-0.0028610080400938,0.0091159772064185,TR
138.633333333333,0.620274245738983,-0.197387173771858,9.46262168884277,-0.609759986400604,-0.594515979290009,-3.10977602005005,-1164.30004882812,38.1000022888184,-885.300048828125,-2.70242413644407,0.0525697965945805,0.019196515327946,TR
138.666666666667,0.350511789321899,-0.264977335929871,9.84902191162109,0.0609759986400604,0.335367977619171,-3.20123982429504,-1166.70007324219,39.3000030517578,-894.900024414062,-2.69509386694211,0.0384171537637349,0.0251542291133396,TR
138.7,0.617283523082733,-0.126806303858757,9.59182071685791,0.510673999786377,0.701223969459534,-3.51374197006226,-1171.5,33.9000015258789,-892.500061035156,-2.68601981366142,0.0587359687816175,0.0143578448935569,TR
138.733333333333,0.762632310390472,-0.134582161903381,9.14261531829834,0.25152599811554,-0.282013982534409,-3.49087595939636,-1169.10009765625,33.9000015258789,-902.100036621094,-2.67728904703097,0.0795895757767408,0.0139247686185503,TR
138.766666666667,0.190209463238716,-0.25839775800705,10.0141096115112,0.525918006896973,0.586893975734711,-3.58996200561523,-1164.30004882812,36.9000015258789,-909.300048828125,-2.66855572194394,0.0277757467087783,0.0229218613613781,TR
138.8,0.147741317749023,-0.284716039896011,11.3820629119873,0.198172003030777,0.525918006896973,-3.19361782073975,-1178.70007324219,33.3000030517578,-899.700012207031,-2.66120986306574,0.0153295376109958,0.0242239760657567,TR
138.833333333333,0.458775669336319,-0.33137121796608,9.78801155090332,0.480185985565186,-0.0304879993200302,-2.94971394538879,-1166.70007324219,30.9000015258789,-887.700012207031,-2.65444229234062,0.0410014963391835,0.0312036965713899,TR
138.866666666667,-0.119628593325615,-0.528758406639099,9.94113636016846,0.556405961513519,1.51677799224854,-3.01831197738647,-1166.70007324219,40.5,-899.700012207031,-2.6472626282997,-0.004539502892733,0.0483794644096149,TR
138.9,-0.339147061109543,-0.56464695930481,9.85440540313721,0.632625997066498,1.54726600646973,-2.9116039276123,-1173.90002441406,33.3000030517578,-904.500061035156,-2.63981945157225,-0.0310228232157079,0.0548423920695013,TR
138.933333333333,-1.02701151371002,-0.551487803459167,9.97642707824707,1.31098401546478,1.84452390670776,-3.17075204849243,-1171.5,38.7000007629395,-887.700012207031,-2.63149486465687,-0.0928700868088987,0.0536010687786266,TR
138.966666666667,-1.13348090648651,-0.492271661758423,10.4405851364136,1.39482593536377,1.16616594791412,-3.00306797027588,-1171.5,31.5000019073486,-902.100036621094,-2.62440446121098,-0.106777709879861,0.0467217165728689,TR
139.0,-0.366661638021469,-0.0233275759965181,10.2079076766968,1.08232402801514,-1.06708002090454,-2.33233189582825,-1164.30004882812,35.7000007629395,-899.700012207031,-2.62135971670707,-0.0461880038684756,0.008372416465438,TR
139.033333333333,0.159106031060219,0.245836764574051,9.22097206115723,1.39482593536377,-1.37195992469788,-1.77592599391937,-1164.30004882812,29.1000003814697,-909.300048828125,-2.61752127842286,0.0078535520035311,-0.0223739046543251,TR
139.066666666667,0.398961365222931,0.55567479133606,8.5905294418335,2.26373386383057,0.0914639979600906,-1.13567793369293,-1178.70007324219,30.9000015258789,-914.100036621094,-2.61418253339855,0.0383619177838262,-0.0592753769241815,TR
139.1,0.244042336940765,0.503636360168457,9.19764423370361,2.21800184249878,0.769822001457214,-1.34147191047668,-1173.90002441406,25.5000019073486,-902.100036621094,-2.61121779722068,0.0273915368529719,-0.0587564535302887,TR
139.133333333333,0.133385881781578,1.11792922019958,9.76827239990234,2.10367202758789,-0.442075997591019,-1.69970595836639,-1178.70007324219,27.9000015258789,-911.700012207031,-2.60591042513941,0.016304493795172,-0.107796315352946,TR
139.166666666667,-0.165087461471558,0.792539417743683,11.5914125442505,1.97409796714783,-0.0838419944047928,-1.17378795146942,-1173.90002441406,30.3000011444092,-904.500061035156,-2.60307829137337,-0.0091195318095768,-0.0777685646900721,TR
139.2,0.812876284122467,1.23995041847229,10.9765214920044,1.71494996547699,-1.29574000835419,-1.44817996025085,-1161.90002441406,24.9000015258789,-911.700012207031,-2.59857314016369,0.0603398001133921,-0.108821518393974,TR
139.233333333333,0.809287428855896,1.71367967128754,9.89507961273193,2.19513607025146,-0.236281991004944,-1.94360995292664,-1173.90002441406,28.5000019073486,-906.900024414062,-2.59077737770187,0.0763249305878085,-0.162091233760675,TR
139.266666666667,0.561058104038239,1.84228038787842,10.5003995895386,1.90549993515015,1.20427596569061,-2.47714996337891,-1173.90002441406,23.1000003814697,-892.500061035156,-2.58511760266017,0.0551266371176089,-0.174201868561413,TR
139.3,1.04435765743256,1.64070618152618,8.71673774719238,0.304879993200302,-0.129574000835419,-3.45276594161987,-1171.5,21.3000011444092,-916.500061035156,-2.57624524598742,0.104719196088573,-0.184657176766579,TR
139.333333333333,-0.20755560696125,1.25251138210297,9.73537540435791,-0.114329993724823,1.18140995502472,-3.82624387741089,-1166.70007324219,21.9000015258789,-904.500061035156,-2.57014039013652,0.0002757887379752,-0.138780150567421,TR
139.366666666667,-0.513206660747528,1.00488018989563,10.6666831970215,0.381099998950958,2.24848985671997,-4.05490398406982,-1176.30004882812,26.1000003814697,-904.500061035156,-2.56044850071343,-0.0425639941749191,-0.102846766304544,TR
139.4,-0.0047851437702775,0.739902853965759,10.3957252502441,-0.647870004177094,0.6250039935112,-5.03814172744751,-1161.90002441406,23.7000007629395,-902.100036621094,-2.54835778524225,-0.0104118365662374,-0.07639967656419,TR
139.433333333333,0.422288924455643,0.875083148479462,8.93924713134766,-0.548784017562866,-0.114329993724823,-5.45735168457031,-1173.90002441406,19.5,-897.300048828125,-2.53480726960542,0.0362178419214519,-0.0931722589870949,TR
139.466666666667,-0.365465342998505,0.473131090402603,10.2252540588379,0.121951997280121,1.73781597614288,-5.12198400497437,-1169.10009765625,19.5,-916.500061035156,-2.52283275746477,-0.025845393836501,-0.054769735704363,TR
139.5,-0.142358019948006,0.151330173015594,11.4095773696899,0.243903994560242,2.15702605247498,-5.02289772033691,-1161.90002441406,21.3000011444092,-911.700012207031,-2.51036073543037,-0.0182981358185932,-0.021329048650024,TR
139.533333333333,0.593955993652344,0.192003890872002,10.1145973205566,-1.19665396213531,0.503051996231079,-5.8689398765564,-1154.70007324219,17.1000003814697,-909.300048828125,-2.49563391233508,0.0448464950342716,-0.0178398701179405,TR
139.566666666667,0.0795530155301094,-0.386998504400253,11.318060874939,-1.03659200668335,1.60061991214752,-5.0838737487793,-1152.30004882812,20.7000007629395,-897.300048828125,-2.48471677202858,0.0120147402892147,0.0256154751285726,TR
139.6,0.769211888313293,-0.470738530158997,10.0757179260254,-0.274392008781433,2.0731840133667,-4.96954393386841,-1157.10009765625,18.9000015258789,-906.900024414062,-2.47268384755135,0.0626236080825652,0.0432053128019233,TR
139.633333333333,0.783567309379578,-0.0305052921175957,7.79440116882324,0.655492007732391,1.96647596359253,-4.60368776321411,-1173.90002441406,23.1000003814697,-904.500061035156,-2.45851524865343,0.0911836192695309,0.0090175041080677,TR
139.666666666667,0.192003890872002,-0.0735715851187706,7.90266513824463,0.746955990791321,1.58537602424622,-3.49849796295166,-1157.10009765625,17.1000003814697,-911.700012207031,-2.44975067124253,0.0332504244074593,0.0079070067969466,TR
139.7,-1.24832439422607,-0.34811919927597,9.40819072723389,0.868907988071442,2.0579400062561,-2.08842802047729,-1159.5,20.7000007629395,-923.700012207031,-2.44346522354265,-0.106935594983355,0.0309735058638298,TR
139.733333333333,-0.826035439968109,-1.15800476074219,10.5374851226807,-0.25152599811554,1.63872992992401,-2.78202986717224,-1147.5,14.7000007629395,-923.700012207031,-2.43081042165903,-0.0856986698771345,0.0944044319091605,TR
139.766666666667,-1.31292378902435,-0.82364284992218,9.90046215057373,0.92988395690918,1.50915598869324,-2.35519790649414,-1152.30004882812,17.7000007629395,-916.500061035156,-2.42594907662271,-0.123994711765125,0.0843990920579171,TR
139.8,-0.979758203029633,-0.739304721355438,9.71085071563721,1.06708002090454,1.31860601902008,-2.19513607025146,-1135.5,11.7000007629395,-921.300048828125,-2.42085244054607,-0.10590182448195,0.0762181005786002,TR
139.833333333333,-1.52287197113037,-0.449803501367569,9.55832481384277,0.807931959629059,-0.175305992364883,-0.632625997066498,-1128.30004882812,11.7000007629395,-928.500061035156,-2.4222645878796,-0.147069821675616,0.0519400771279583,TR
139.866666666667,-1.14903259277344,-0.735117733478546,9.29095458984375,0.617381989955902,0.221037998795509,0.304879993200302,-1149.90002441406,9.90000057220459,-918.900024414062,-2.4198984067718,-0.127931665564768,0.0726152943003151,TR
139.9,-1.01265609264374,-0.978561878204346,9.65641975402832,0.602137982845306,0.46494197845459,0.449698001146317,-1142.70007324219,15.9000005722046,-916.500061035156,-2.4180919282108,-0.109500022710422,0.0943846908168364,TR
139.933333333333,-0.498851239681244,-0.891831159591675,9.96207141876221,1.21189796924591,0.0838419944047928,0.419209986925125,-1145.10009765625,11.7000007629395,-923.700012207031,-2.41940127850313,-0.0594145526160458,0.0882670585381737,TR
139.966666666667,-0.669920146465302,-0.502440094947815,8.79748725891113,2.01220798492432,0.0457319989800453,0.777444005012512,-1145.10009765625,17.1000003814697,-918.900024414062,-2.4227045402993,-0.0727053563820114,0.0604710198780564,TR
140.0,-1.17236018180847,-0.136974737048149,9.42852783203125,1.95123195648193,0.182927995920181,1.85976791381836,-1137.90002441406,14.7000007629395,-918.900024414062,-2.43022085094921,-0.113772108193074,0.0208615889755312,TR
140.033333333333,-0.43724250793457,0.061608724296093,9.00384616851807,1.76068198680878,-0.289635986089706,1.94360995292664,-1135.5,16.5,-909.300048828125,-2.43708842613866,-0.0583993521061051,-0.0052936814339599,ST
140.066666666667,-0.437840640544891,0.215331465005875,9.4967155456543,1.60824191570282,-0.579271972179413,1.47866797447205,-1145.10009765625,14.7000007629395,-935.700012207031,-2.44135088027056,-0.0473995139746534,-0.0219821236510344,ST
140.1,-0.375035643577576,0.285912334918976,9.66120529174805,1.72257196903229,-0.266770005226135,1.08232402801514,-1152.30004882812,15.9000005722046,-921.300048828125,-2.44402436873912,-0.0401062160566292,-0.0305175572921692,ST
140.133333333333,-0.35410064458847,0.379820793867111,9.35854530334473,1.28049600124359,0.182927995920181,0.457319974899292,-1137.90002441406,18.9000015258789,-926.100036621094,-2.44536165033083,-0.0384867813859093,-0.0403485534261181,ST
140.166666666667,-0.688462555408478,0.376830071210861,9.83406829833984,0.983237981796265,0.175305992364883,0.274392008781433,-1142.70007324219,8.70000076293945,-916.500061035156,-2.44588089363552,-0.0637519791403811,-0.0401064033825238,ST
140.2,-0.585581958293915,0.221911042928696,9.89567756652832,0.937505960464478,-0.37347799539566,0.3125019967556,-1140.30004882812,12.9000005722046,-914.100036621094,-2.44564930272722,-0.059499075675684,-0.0273165266517576,ST
140.233333333333,-0.286510497331619,0.215331465005875,9.69290637969971,1.35671591758728,-0.960371971130371,0.266770005226135,-1140.30004882812,15.9000005722046,-918.900024414062,-2.44598104971773,-0.033505071672515,-0.0250816192719961,ST
140.266666666667,-0.131591454148293,0.248229339718819,9.61455059051514,1.57775402069092,-0.945127964019775,-0.487807989120483,-1142.70007324219,13.5000009536743,-914.100036621094,-2.44470394524704,-0.0158840536032285,-0.027927997341745,ST
140.3,0.345726639032364,0.136376604437828,9.54636192321777,0.564027965068817,-1.96647596359253,-1.59299790859222,-1137.90002441406,12.9000005722046,-904.500061035156,-2.44078384277637,0.0296695634524477,-0.0175651666518604,ST
140.333333333333,0.782370984554291,0.28112718462944,9.80475997924805,-0.0990860015153885,-2.85062789916992,-1.85214591026306,-1135.5,14.1000003814697,-918.900024414062,-2.43590887359303,0.0734449972763531,-0.0264414015192288,ST
140.366666666667,0.790146887302399,0.176452174782753,9.28557109832764,-0.137196004390717,-2.43903994560242,-1.89025592803955,-1149.90002441406,9.30000019073486,-923.700012207031,-2.43188180982024,0.0859111986175688,-0.0205304354224546,ST
140.4,-0.222509190440178,0.20755560696125,10.8963708877563,0.259148001670837,-0.25152599811554,-0.937505960464478,-1161.90002441406,9.30000019073486,-930.900024414062,-2.42977251725417,0.0013660026275616,-0.0197553369375543,ST
140.433333333333,-0.194396466016769,0.168078169226646,9.87414455413818,0.655492007732391,-0.472563982009888,-0.655492007732391,-1154.70007324219,14.1000003814697,-914.100036621094,-2.4281758659453,-0.0150378890675382,-0.0184578717460121,ST
140.466666666667,-0.589170813560486,-0.212340757250786,9.1031379699707,-0.182927995920181,-0.213415995240211,-1.21951997280121,-1159.5,9.90000057220459,-921.300048828125,-2.42399095911458,-0.0554538778658849,0.0161817626154371,ST
140.5,-0.773997008800507,-0.168078169226646,10.4734830856323,-0.609759986400604,0.137196004390717,-1.35671591758728,-1154.70007324219,9.90000057220459,-902.100036621094,-2.42080721517753,-0.0704466026358804,0.0170606613915717,ST
140.533333333333,-0.231481328606606,0.0179442893713713,10.3735933303833,-0.228659987449646,0.160062000155449,-1.54726600646973,-1147.5,9.90000057220459,-926.100036621094,-2.41801950362077,-0.0322191313453564,0.0024690271983487,ST
140.566666666667,-0.0592161528766155,-0.186022460460663,9.87175178527832,0.632625997066498,0.990859985351562,-1.6844619512558,-1159.5,9.90000057220459,-911.700012207031,-2.41381232300738,-0.0126376225710615,0.0147093707696447,ST
140.6,-0.293090045452118,-0.0592161528766155,9.63010215759277,0.480185985565186,1.28811800479889,-1.6768399477005,-1157.10009765625,-0.900000035762787,-906.900024414062,-2.41004778766376,-0.0286136063718672,0.0072588176492322,ST
140.633333333333,-0.314623206853867,-0.0299071483314037,9.31069374084473,0.304879993200302,1.2500079870224,-1.18903195858002,-1140.30004882812,5.70000028610229,-914.100036621094,-2.4073852436229,-0.0344719668942366,0.0036564965601466,ST
140.666666666667,-0.349913626909256,-0.0550291538238525,9.377685546875,0.952749967575073,1.37195992469788,0.0152439996600151,-1140.30004882812,4.5,-911.700012207031,-2.40730562594436,-0.0388146972559539,0.0041125955537757,ST
140.7,-0.724351167678833,-0.10527316480875,9.75870227813721,1.37958192825317,1.37195992469788,0.3125019967556,-1142.70007324219,5.70000028610229,-921.300048828125,-2.40768819169109,-0.0701628517127466,0.0076344067290967,ST
140.733333333333,-0.454588651657104,-0.32538977265358,9.68513107299805,0.670735955238342,0.213415995240211,-0.137196004390717,-1130.70007324219,5.10000038146973,-921.300048828125,-2.40606211646503,-0.0518667532521941,0.0274382325167701,ST
140.766666666667,-0.176452174782753,-0.168676316738129,9.76827239990234,-0.228659987449646,-1.29574000835419,-0.434453994035721,-1137.90002441406,7.50000047683716,-916.500061035156,-2.40544396863989,-0.023053345027101,0.0196525381329299,ST
140.8,0.175854027271271,-0.525169551372528,9.54995059967041,-0.282013982534409,-1.31860601902008,-0.396344006061554,-1145.10009765625,-0.300000011920929,-921.300048828125,-2.40447801754185,0.0118881087858892,0.0482182872498845,NLL
140.833333333333,0.0209350045770407,-0.28112718462944,10.063157081604,-0.167683988809586,-1.2423859834671,-1.06708002090454,-1140.30004882812,14.1000003814697,-904.500061035156,-2.40199180346446,0.0058428004396109,0.0322390666748691,NLL
140.866666666667,0.406139075756073,-0.388194799423218,8.39493656158447,-0.0762199983000755,-1.05183601379395,-0.846041977405548,-1137.90002441406,8.70000076293945,-928.500061035156,-2.40039587835144,0.0412469506549828,0.0434653500153705,NLL
140.9,0.312230616807938,-0.70461243391037,9.08878231048584,-0.983237981796265,-1.00610399246216,-0.449698001146317,-1137.90002441406,7.50000047683716,-918.900024414062,-2.400506329743,0.0370313745256557,0.072307548242562,NLL
140.933333333333,-0.0927121639251709,-0.678294122219086,9.66479396820068,-1.02897000312805,-1.90549993515015,-0.0228659994900227,-1142.70007324219,11.7000007629395,-914.100036621094,-2.40073086387198,0.0014808875176179,0.0719464040572556,NLL
140.966666666667,-0.504234552383423,-1.01744115352631,9.38905048370361,-0.487807989120483,-0.594515979290009,1.65397393703461,-1157.10009765625,6.30000019073486,-914.100036621094,-2.40438526752817,-0.0434927315816952,0.102530050082452,NLL
141.0,-0.998300611972809,-1.36256968975067,9.85919094085693,-0.6250039935112,0.556405961513519,3.28508186340332,-1152.30004882812,9.30000019073486,-916.500061035156,-2.41051427510262,-0.0918621741609628,0.132026431012549,NLL
141.033333333333,-0.817063271999359,-1.43793570995331,10.2629375457764,-1.43293595314026,-0.579271972179413,5.92991590499878,-1140.30004882812,9.90000057220459,-906.900024414062,-2.42385067220016,-0.0816645095218599,0.13904324813283,NLL
141.066666666667,-1.23815596103668,-1.06589078903198,9.84124660491943,-0.449698001146317,-0.525918006896973,7.80492782592773,-1149.90002441406,8.70000076293945,-911.700012207031,-2.44434540574546,-0.116415530406302,0.113696137043506,NLL
141.1,-0.852353751659393,-1.71547400951385,8.77894401550293,-0.967993974685669,-0.541162014007568,10.8613500595093,-1147.5,8.10000038146973,-926.100036621094,-2.46319799487509,-0.100755469535402,0.177660345204114,NLL
141.133333333333,-1.74538123607635,-1.24353921413422,9.74255275726318,-2.30946588516235,0.342989981174469,12.5534334182739,-1147.5,12.3000001907349,-918.900024414062,-2.49727035134717,-0.163852231688447,0.138085932084178,NLL
141.166666666667,-0.723752975463867,-1.96370339393616,9.05349159240723,-3.04117798805237,-1.10518991947174,15.1220474243164,-1149.90002441406,18.3000011444092,-921.300048828125,-2.52847642373616,-0.0940560060393674,0.203639501668132,NLL
141.2,-0.388194799423218,-2.20595121383667,8.65991401672363,-3.30032587051392,-0.87652999162674,13.2851457595825,-1128.30004882812,25.5000019073486,-911.700012207031,-2.55624390185874,-0.0566738257496358,0.243516957302169,NLL
141.233333333333,-0.352306216955185,-2.52416324615479,10.1791973114014,-2.75916385650635,0.266770005226135,12.888801574707,-1145.10009765625,26.1000003814697,-923.700012207031,-2.58502871441484,-0.042961942981432,0.246165966058186,NLL
141.266666666667,-0.398961365222931,-2.30225229263306,9.86876106262207,-1.92074394226074,-1.71494996547699,10.3659200668335,-1135.5,29.1000003814697,-911.700012207031,-2.61127403514487,-0.0411170223825918,0.234342747839971,NLL
141.3,-0.568833947181702,-2.09230422973633,9.68034553527832,-0.571649968624115,-1.73019397258759,9.42841339111328,-1137.90002441406,29.1000003814697,-916.500061035156,-2.63621353749301,-0.0552156272123078,0.21660049363935,NLL
141.333333333333,-0.375035643577576,-2.06897664070129,10.1074199676514,0.419209986925125,-1.6615959405899,8.13267421722412,-1140.30004882812,21.3000011444092,-911.700012207031,-2.65586879879376,-0.0402225573996025,0.203757339446383,NLL
141.366666666667,0.846372306346893,-2.07974314689636,8.93685436248779,0.739333987236023,-1.47866797447205,5.72412204742432,-1130.70007324219,29.1000003814697,-909.300048828125,-2.6710450989184,0.0700281257523993,0.223709710369184,NLL
141.4,-0.471934795379639,-1.21662282943726,9.71982288360596,2.44666194915771,-1.20427596569061,4.04728174209595,-1142.70007324219,26.7000007629395,-918.900024414062,-2.67955216752786,-0.0262446198975356,0.138876452413326,NLL
141.433333333333,0.144750595092773,-1.49296486377716,9.48834228515625,2.71343183517456,-1.09756803512573,2.64483404159546,-1145.10009765625,26.7000007629395,-902.100036621094,-2.68657744728479,0.0095867049921585,0.14936378047721,NLL
141.466666666667,-0.0466551519930363,-0.685471832752228,8.39673137664795,1.32622802257538,-2.44666194915771,0.0076219998300075,-1130.70007324219,30.3000011444092,-911.700012207031,-2.68703491860375,0.0006503828832375,0.0916861296427147,NLL
141.5,0.116637878119946,-0.70760315656662,8.01691055297852,0.0076219998300075,-2.10367202758789,1.06708002090454,-1130.70007324219,29.7000007629395,-904.500061035156,-2.69015792306206,0.0150735745117732,0.0886562197359299,NLL
141.533333333333,-0.120226740837097,-0.817063271999359,9.99317455291748,0.259148001670837,-1.11281192302704,1.97409796714783,-1152.30004882812,21.9000015258789,-914.100036621094,-2.69488108051031,-0.0052226426835805,0.0826531019984966,NLL
141.566666666667,0.802109718322754,-2.19458651542664,9.25566387176514,-0.891773998737335,-1.83690190315247,1.01372599601746,-1149.90002441406,35.7000007629395,-899.700012207031,-2.70155930456997,0.0684148428326691,0.203637440902714,NLL
141.6,0.03828115016222,-1.08503139019012,9.60198879241943,-2.14178204536438,-1.65397393703461,-1.21189796924591,-1159.5,30.9000015258789,-906.900024414062,-2.69616118698862,0.0195362514882234,0.133825548920026,NLL
141.633333333333,-0.279930919408798,-1.57251787185669,9.99377250671387,-0.952749967575073,-0.320124000310898,0.541162014007568,-1142.70007324219,31.5000019073486,-904.500061035156,-2.69758825963551,-0.0188881242604043,0.153463168560284,NLL
141.666666666667,-0.178246602416039,-1.96430146694183,10.0159044265747,-0.663114011287689,0.0457319989800453,1.00610399246216,-1145.10009765625,26.7000007629395,-909.300048828125,-2.6994570603232,-0.0180242521812709,0.187850669562387,NLL
141.7,-0.0089721446856856,-2.09768748283386,8.99307918548584,-0.967993974685669,-0.0990860015153885,1.17378795146942,-1157.10009765625,33.9000015258789,-914.100036621094,-2.70194812905788,-0.0042327880871655,0.2231556617409,NLL
141.733333333333,-1.34283101558685,-1.36675667762756,9.96924877166748,0.518296003341675,1.16616594791412,1.60061991214752,-1169.10009765625,27.3000011444092,-902.100036621094,-2.70935576104036,-0.111770862762118,0.151136888453485,NLL
141.766666666667,-1.1998747587204,-1.59106028079987,10.0218858718872,1.47866797447205,1.16616594791412,2.40092992782593,-1152.30004882812,33.9000015258789,-914.100036621094,-2.71368884167918,-0.118619596366594,0.153755215392187,NLL
141.8,-1.06648886203766,-1.73939979076385,9.77425384521484,0.0076219998300075,-0.25152599811554,2.13416004180908,-1145.10009765625,30.3000011444092,-904.500061035156,-2.71697357823717,-0.109118628279325,0.172003576682592,NLL
141.833333333333,-0.889438569545746,-1.85244882106781,9.91003227233887,-0.922261953353882,-0.899396002292633,2.16464805603027,-1145.10009765625,35.1000022888184,-902.100036621094,-2.72161450361745,-0.0910546293293592,0.183516855711982,NLL
141.866666666667,-0.397765070199966,-2.05880808830261,9.53380107879639,-0.670735955238342,-1.04421401023865,2.01220798492432,-1133.10009765625,34.5,-914.100036621094,-2.72558415011624,-0.0477810422898803,0.20889416530124,NLL
141.9,0.119628593325615,-2.19398832321167,8.21310138702393,-0.144817993044853,-1.44055795669556,1.50153398513794,-1154.70007324219,32.7000007629395,-906.900024414062,-2.72877764183444,0.003044270557998,0.250705451500998,NLL
141.933333333333,-0.598142981529236,-1.57012534141541,8.24181175231934,0.556405961513519,-0.846041977405548,1.27287399768829,-1133.10009765625,27.9000015258789,-902.100036621094,-2.73335780792285,-0.0554528997994404,0.200068896357733,NLL
141.966666666667,-0.785361707210541,-1.41042113304138,9.06007194519043,1.95123195648193,0.335367977619171,2.78965187072754,-1149.90002441406,27.3000011444092,-906.900024414062,-2.74189536107077,-0.0805488474849648,0.160668595861833,NLL
142.0,-0.415111213922501,-1.80519545078278,9.39862060546875,1.31098401546478,-0.320124000310898,2.33233189582825,-1137.90002441406,36.9000015258789,-904.500061035156,-2.74599800433464,-0.0501295473646068,0.182495081007699,NLL
142.033333333333,-0.658555388450623,-1.58567702770233,9.65522384643555,-0.274392008781433,-0.830797970294952,1.31860601902008,-1140.30004882812,31.5000019073486,-894.900024414062,-2.75034200876612,-0.0631288077117668,0.166792714462305,NLL
142.066666666667,-0.236266478896141,-1.56952714920044,9.80894660949707,-0.899396002292633,-1.59299790859222,1.51677799224854,-1140.30004882812,33.3000030517578,-904.500061035156,-2.75510914630584,-0.0284577095793064,0.161236125074667,NLL
142.1,0.766819298267365,-2.21970868110657,9.20601844787598,-1.13567793369293,-2.59148001670837,1.85214591026306,-1140.30004882812,28.5000019073486,-904.500061035156,-2.76142090014934,0.0617423476193555,0.223044574154439,NLL
142.133333333333,0.64838695526123,-2.18441820144653,9.41417217254639,-1.02134799957275,-2.43141794204712,1.2500079870224,-1137.90002441406,33.9000015258789,-904.500061035156,-2.76617547497888,0.0692332371019785,0.228894932032214,NLL
142.166666666667,0.0161498598754406,-1.59943425655365,9.77903938293457,0.792688012123108,-0.937505960464478,0.724089980125427,-1159.5,36.3000030517578,-892.500061035156,-2.76598795582761,0.0163617148918919,0.174526519076393,NLL
142.2,0.310436189174652,-1.65984678268433,9.13603591918945,1.53202199935913,-0.632625997066498,0.342989981174469,-1149.90002441406,33.9000015258789,-904.500061035156,-2.76715092879253,0.0307665440835663,0.176555446564328,NLL
142.233333333333,-0.278136491775513,-1.39128053188324,9.30172157287598,0.891773998737335,-0.304879993200302,-0.815553963184357,-1154.70007324219,33.9000015258789,-909.300048828125,-2.76526169281166,-0.0168006014964736,0.152902669269443,NLL
142.266666666667,-0.291295617818832,-1.75794219970703,9.48714542388916,-0.434453994035721,-0.67835795879364,-0.586893975734711,-1147.5,32.7000007629395,-899.700012207031,-2.76367036317432,-0.026415478658713,0.177728136373102,NLL
142.3,0.122021168470383,-2.41889023780823,9.25267314910889,-2.33233189582825,-1.21951997280121,-0.129574000835419,-1145.10009765625,31.5000019073486,-906.900024414062,-2.76336503045893,0.0065430710649767,0.243230821747114,NLL
142.333333333333,0.226696193218231,-2.87467503547668,9.09356784820557,-2.31708788871765,-0.335367977619171,-0.213415995240211,-1142.70007324219,30.9000015258789,-894.900024414062,-2.76377144288154,0.0214309955274705,0.298974057339018,NLL
142.366666666667,0.0023925718851387,-3.45248126983643,9.68513107299805,-1.41006994247437,0.571649968624115,-0.0762199983000755,-1145.10009765625,42.3000030517578,-906.900024414062,-2.76361784835647,0.0037945172780748,0.335634997562182,NLL
142.4,-0.537132382392883,-3.42735934257507,9.12227821350098,-0.419209986925125,0.769822001457214,-0.632625997066498,-1159.5,30.9000015258789,-902.100036621094,-2.76127524987598,-0.0438913724963866,0.35523735714529,NLL
142.433333333333,-0.814072608947754,-3.03677177429199,8.4589376449585,0.487807989120483,1.40244793891907,-0.388722002506256,-1147.5,29.1000003814697,-894.900024414062,-2.75982589852191,-0.082623183627911,0.346223551711653,NLL
142.466666666667,-1.74358677864075,-2.44640469551086,10.2796850204468,1.34909391403198,0.792688012123108,1.34909391403198,-1130.70007324219,30.9000015258789,-887.700012207031,-2.77245647969741,-0.148961052560315,0.25456866606249,NLL
142.5,-0.584385693073273,-2.59833312034607,9.88790130615234,1.64635193347931,0.243903994560242,2.02745199203491,-1152.30004882812,33.9000015258789,-899.700012207031,-2.7766957737624,-0.0745836202404982,0.253957286841886,NLL
142.533333333333,-0.989328503608704,-1.7304276227951,8.79210376739502,2.65245604515076,0.411587983369827,0.388722002506256,-1164.30004882812,29.1000003814697,-902.100036621094,-2.78136824916713,-0.103539997063749,0.202659962468933,NLL
142.566666666667,-1.81476581096649,-1.43135607242584,9.63548469543457,2.9116039276123,2.33233189582825,1.40244793891907,-1145.10009765625,32.1000022888184,-909.300048828125,-2.78972704659642,-0.174359917503971,0.152412390885605,NLL
142.6,-0.383409649133682,-1.93858134746552,8.01930236816406,1.03659200668335,0.152439996600151,1.21951997280121,-1159.5,30.3000011444092,-902.100036621094,-2.78393942184016,-0.0686426896961388,0.221470555686949,NLL
142.633333333333,-1.24174475669861,-1.49894630908966,8.80227184295654,0.274392008781433,-0.632625997066498,1.84452390670776,-1140.30004882812,31.5000019073486,-892.500061035156,-2.79303667751723,-0.126142856549189,0.176927926460665,NLL
142.666666666667,-0.248229339718819,-2.00557327270508,9.36213397979736,0.365855991840363,-0.891773998737335,2.12653803825378,-1147.5,39.9000015258789,-897.300048828125,-2.79586575877743,-0.0455188961581606,0.203483996674782,NLL
142.7,0.115441590547562,-1.87816894054413,8.90275955200195,0.823175966739655,-1.76830399036407,0.609759986400604,-1135.5,30.3000011444092,-892.500061035156,-2.79817809135066,0.0052513281108215,0.205975033702306,NLL
142.733333333333,0.945664048194885,-2.89740467071533,8.43381595611572,0.175305992364883,-1.6844619512558,-0.152439996600151,-1140.30004882812,36.9000015258789,-885.300048828125,-2.80389588420703,0.0911928404592753,0.309561668493489,NLL
142.766666666667,1.69752979278564,-2.95004105567932,9.57866191864014,-0.853663980960846,-1.28811800479889,-3.26221585273743,-1147.5,34.5,-904.500061035156,-2.79579546009447,0.158137611177367,0.301327342077128,NLL
142.8,0.0167480036616325,-1.85005617141724,9.40639591217041,1.73781597614288,-0.807931959629059,-4.95429992675781,-1154.70007324219,27.3000011444092,-904.500061035156,-2.77706204759899,0.0362089016526681,0.212846576411255,NLL
142.833333333333,0.705808699131012,-2.34113168716431,9.94711780548096,2.00458598136902,0.388722002506256,-3.87959790229797,-1157.10009765625,29.1000003814697,-904.500061035156,-2.76819396643871,0.064150674050067,0.224858071031837,NLL
142.866666666667,-0.747678697109222,-0.945664048194885,8.53191089630127,2.37806391716003,-0.205793991684914,-1.91312193870544,-1140.30004882812,28.5000019073486,-909.300048828125,-2.76355642310622,-0.055627937082032,0.130430086067612,NLL
142.9,-0.854148149490356,-0.91276615858078,9.23831844329834,1.84452390670776,1.65397393703461,2.24086785316467,-1157.10009765625,27.9000015258789,-906.900024414062,-2.76994246557443,-0.0871168158972323,0.102153818605312,NLL
142.933333333333,-0.760837852954865,-0.862522184848785,10.1385231018066,1.20427596569061,1.73019397258759,4.34454011917114,-1149.90002441406,35.7000007629395,-899.700012207031,-2.78059672114762,-0.0801098115022438,0.086191011939759,NLL
142.966666666667,-0.629844546318054,-1.21303391456604,10.5596160888672,0.594515979290009,0.823175966739655,3.84148788452148,-1145.10009765625,25.5000019073486,-909.300048828125,-2.78755370629594,-0.0650865859281586,0.107503472014131,NLL
143.0,-0.0472532957792282,-0.951645493507385,9.71683216094971,-0.510673999786377,-0.6250039935112,2.59148001670837,-1164.30004882812,30.3000011444092,-902.100036621094,-2.7939816143495,-0.016492287243154,0.10020804704966,NLL
143.033333333333,-1.04794645309448,-0.620872378349304,10.0200910568237,0.129574000835419,-0.670735955238342,1.91312193870544,-1145.10009765625,28.5000019073486,-904.500061035156,-2.80006124457799,-0.0856401259609928,0.0693271285763272,NLL
143.066666666667,0.212340757250786,-1.8626172542572,8.23702716827393,-1.17378795146942,0.724089980125427,1.41769194602966,-1145.10009765625,36.3000030517578,-904.500061035156,-2.79805553854968,0.0026058823434796,0.194884925943577,NLL
143.1,-0.249425619840622,-1.8327100276947,8.61923980712891,-2.82776188850403,0.228659987449646,0.685979962348938,-1142.70007324219,26.7000007629395,-914.100036621094,-2.79953385802683,-0.0236370834505507,0.211152810806159,NLL
143.133333333333,-1.27524077892303,-1.71427774429321,8.58395004272461,-2.28659987449646,0.304879993200302,1.77592599391937,-1142.70007324219,32.7000007629395,-906.900024414062,-2.80435293058444,-0.121139505716645,0.203037017998179,NLL
143.166666666667,-2.19398832321167,-2.2711489200592,10.5285129547119,-2.36281991004944,1.95123195648193,4.01679372787476,-1149.90002441406,38.7000007629395,-906.900024414062,-2.81168349855642,-0.188661769490124,0.213057064044731,NLL
143.2,-1.79741966724396,-2.69283962249756,10.0972518920898,-2.66770005226135,-0.396344006061554,4.52746772766113,-1140.30004882812,36.9000015258789,-890.100036621094,-2.81564585221163,-0.175020285031565,0.253639665981715,NLL
143.233333333333,-1.08383500576019,-3.15340971946716,8.65572738647461,-2.47714996337891,-0.350611984729767,5.38875389099121,-1121.10009765625,38.1000022888184,-892.500061035156,-2.8164675907898,-0.130728870684375,0.332569509493045,NLL
143.266666666667,-0.577207982540131,-3.41659259796143,10.19056224823,-1.265251994133,0.243903994560242,3.16313004493713,-1130.70007324219,36.9000015258789,-909.300048828125,-2.82424647312279,-0.0700573228957483,0.326651322866934,NLL
143.3,-0.778183996677399,-2.4176938533783,8.78372955322266,1.82927989959717,-0.548784017562866,-0.579271972179413,-1123.5,41.1000022888184,-887.700012207031,-2.82672356138196,-0.0812133953225366,0.277807457255012,NLL
143.333333333333,-1.16219174861908,-1.93977761268616,8.81483268737793,2.73629784584045,-0.46494197845459,-0.807931959629059,-1130.70007324219,41.1000022888184,-902.100036621094,-2.8298403813989,-0.119296092320469,0.22306955927055,NLL
143.366666666667,-0.20755560696125,-2.32857060432434,8.95180797576904,1.70732796192169,-1.93598794937134,-0.320124000310898,-1133.10009765625,30.3000011444092,-892.500061035156,-2.82802231469534,-0.0369599877297892,0.246486566255861,NLL
143.4,1.54978847503662,-3.38967633247375,8.6623067855835,-0.297257989645004,-2.08842802047729,-2.24848985671997,-1128.30004882812,33.3000030517578,-904.500061035156,-2.82920295555696,0.134795810982669,0.351762173473362,NLL
143.433333333333,1.98583471775055,-3.62833523750305,9.62651252746582,-0.137196004390717,-2.37806391716003,-10.6326894760132,-1137.90002441406,33.3000030517578,-911.700012207031,-2.80724904598565,0.189927457645667,0.356895806522791,NLL
143.466666666667,1.54799401760101,-3.32746934890747,8.81961822509766,1.75305998325348,-1.52439999580383,-14.954363822937,-1154.70007324219,30.9000015258789,-909.300048828125,-2.77690906025463,0.177468095817253,0.354090845879692,NLL
143.5,-0.656760990619659,-1.69573533535004,9.1982421875,5.23631381988525,2.60672402381897,-16.7912654876709,-1147.5,29.1000003814697,-887.700012207031,-2.72405314936456,-0.0256486718521601,0.202830452419696,NLL
143.533333333333,-2.25440096855164,-0.721958577632904,8.79270172119141,6.61589574813843,4.74850606918335,-13.0793514251709,-1154.70007324219,34.5,-890.100036621094,-2.70299344739285,-0.208845908042253,0.100818617951462,NLL
143.566666666667,-1.16817319393158,-1.17714536190033,9.42194843292236,4.11588001251221,4.51222372055054,-8.68908023834229,-1154.70007324219,21.3000011444092,-916.500061035156,-2.67722640701486,-0.143803752255577,0.116283456398438,NLL
143.6,-1.66941702365875,-0.176452174782753,11.1978349685669,3.26221585273743,2.31708788871765,-8.17078399658203,-1152.30004882812,20.1000003814697,-899.700012207031,-2.66889234821141,-0.149864160415245,0.031973301928485,NLL
143.633333333333,-0.686069965362549,-0.13099330663681,8.79868316650391,3.27745985984802,2.76678586006165,-5.66314601898193,-1149.90002441406,14.7000007629395,-918.900024414062,-2.65580465040049,-0.0937488617602974,0.0139210044206811,NLL
143.666666666667,-1.12091994285583,-0.501243829727173,10.1409158706665,2.63721203804016,3.69666981697083,-4.87045812606812,-1145.10009765625,25.5000019073486,-926.100036621094,-2.64037376938407,-0.112159227223096,0.0400324033792888,NLL
143.7,1.00188946723938,-1.17056584358215,8.54447269439697,-0.198172003030777,-0.419209986925125,-6.33388185501099,-1142.70007324219,18.3000011444092,-916.500061035156,-2.62390903193448,0.0734619437992674,0.117989520214306,NLL
143.733333333333,1.32727921009064,-0.711192011833191,6.96896362304688,-0.282013982534409,-1.63872992992401,-7.22565603256226,-1137.90002441406,20.7000007629395,-930.900024414062,-2.60611972033929,0.167682997170833,0.104127571280608,NLL
143.766666666667,0.656162858009338,-0.728538155555725,7.48635721206665,0.342989981174469,-0.381099998950958,-6.48632192611694,-1154.70007324219,18.3000011444092,-916.500061035156,-2.59059114196815,0.104697437649451,0.0968169378710491,NLL
143.8,-1.84168219566345,-0.958225011825562,9.93336009979248,0.83841997385025,1.49391198158264,-4.93143367767334,-1140.30004882812,18.3000011444092,-911.700012207031,-2.57892920955742,-0.125322736104065,0.0955555678229471,NLL
143.833333333333,-1.39666378498077,-1.37034559249878,10.8730430603027,-0.37347799539566,1.18140995502472,-3.44514393806458,-1147.5,7.50000047683716,-930.900024414062,-2.56690147671848,-0.127668837064302,0.121573034717517,NLL
143.866666666667,-0.934897482395172,-1.94336652755737,10.8114337921143,-1.85976791381836,0.0609759986400604,-2.81251788139343,-1142.70007324219,10.5,-916.500061035156,-2.5549586705318,-0.0915657906214512,0.171572753664096,NLL
143.9,-1.3458217382431,-1.94635725021362,11.0865802764893,-1.94360995292664,1.05945801734924,-2.88111591339111,-1152.30004882812,12.3000001907349,-923.700012207031,-2.54758094944831,-0.114879144928541,0.176649335132618,NLL
143.933333333333,-0.400755792856216,-2.33215951919556,9.58225059509277,-0.990859985351562,2.17989206314087,-2.13416004180908,-1130.70007324219,6.90000009536743,-926.100036621094,-2.53688504056325,-0.0555593185962417,0.230105817142551,NLL
143.966666666667,-0.270958751440048,-2.47870445251465,8.43082523345947,-0.411587983369827,1.96647596359253,-1.79117000102997,-1123.5,17.7000007629395,-938.100036621094,-2.52968501317064,-0.0378327990519701,0.275416976747483,NLL
144.0,-0.823044717311859,-2.40154409408569,8.47568607330322,0.167683988809586,1.02134799957275,-0.87652999162674,-1133.10009765625,15.3000001907349,-909.300048828125,-2.52705643201967,-0.0830381733960275,0.275855698394798,NLL
144.033333333333,-0.815867006778717,-2.28191542625427,8.90156364440918,0.228659987449646,-0.388722002506256,0.175305992364883,-1116.30004882812,10.5,-921.300048828125,-2.52935244668019,-0.0869852981608618,0.255617835137998,NLL
144.066666666667,-0.917551338672638,-1.74358677864075,9.14441013336182,1.08232402801514,-1.37958192825317,1.54726600646973,-1128.30004882812,17.1000003814697,-918.900024414062,-2.53889259425554,-0.0949138823249036,0.197896936806757,NLL
144.1,-0.504234552383423,-1.90747797489166,9.44288349151611,1.58537602424622,-0.891773998737335,3.54422998428345,-1140.30004882812,21.3000011444092,-938.100036621094,-2.54710270262312,-0.0606343876322644,0.196461269781917,NLL
144.133333333333,-0.738706588745117,-1.67180955410004,10.6499357223511,1.84452390670776,-0.114329993724823,4.11588001251221,-1140.30004882812,9.90000057220459,-916.500061035156,-2.55907649314347,-0.0678846340808601,0.159964612215104,NLL
144.166666666667,-0.500645637512207,-1.42716908454895,10.1289529800415,2.30184388160706,0.0838419944047928,3.69666981697083,-1123.5,17.7000007629395,-933.300048828125,-2.56830875134657,-0.053603841956538,0.140499747981758,NLL
144.2,-0.677695989608765,-1.07605922222137,9.88491058349609,2.47714996337891,-0.0990860015153885,2.95733594894409,-1135.5,12.3000001907349,-911.700012207031,-2.57648619112492,-0.0655063257959261,0.111198644534684,NLL
144.233333333333,-1.08024621009827,-0.385802209377289,10.3867530822754,2.90398192405701,0.167683988809586,2.41617393493652,-1128.30004882812,9.30000019073486,-938.100036621094,-2.58657324442986,-0.0963932921445172,0.0477842778462483,NLL
144.266666666667,-0.705808699131012,-0.151330173015594,8.80885124206543,3.04117798805237,0.487807989120483,1.92074394226074,-1130.70007324219,11.1000003814697,-928.500061035156,-2.59291264998656,-0.0840214680862678,0.0188680959559185,NLL
144.3,-0.596348524093628,0.0562254376709461,7.55933094024658,2.37806391716003,0.800309956073761,0.754577994346619,-1121.10009765625,3.30000019073486,-926.100036621094,-2.59619154886945,-0.0809141813552544,-0.0055379285434222,NLL
144.333333333333,-1.43673944473267,0.209350034594536,8.39852523803711,1.92836594581604,1.95123195648193,-0.518296003341675,-1118.70007324219,11.7000007629395,-916.500061035156,-2.59661377916026,-0.15831019619545,-0.0245781568004917,ST
144.366666666667,-1.82613050937653,-0.133385881781578,9.31368446350098,1.46342396736145,1.50915598869324,-0.907018005847931,-1116.30004882812,7.50000047683716,-928.500061035156,-2.58896536353474,-0.188622484929551,0.0046238131299093,ST
144.4,-1.88654291629791,-0.675303399562836,9.38725566864014,0.518296003341675,0.87652999162674,-1.52439999580383,-1118.70007324219,9.30000019073486,-918.900024414062,-2.57472822063301,-0.197315112421646,0.0587479267703701,ST
144.433333333333,-1.81596207618713,-0.852353751659393,9.86636829376221,-0.739333987236023,0.114329993724823,-2.59148001670837,-1111.5,12.3000001907349,-933.300048828125,-2.56469847468108,-0.184476629137018,0.0823870004558087,ST
144.466666666667,-1.64728569984436,-0.75246387720108,9.84304046630859,-0.952749967575073,-0.0990860015153885,-2.72105383872986,-1125.90002441406,9.30000019073486,-923.700012207031,-2.5594563070815,-0.168756838225413,0.0795121708877558,ST
144.5,-1.42956173419952,-1.09699416160583,9.38247108459473,-1.08994603157043,-0.663114011287689,-1.47104597091675,-1106.70007324219,9.90000057220459,-921.300048828125,-2.55165869494602,-0.152830698188701,0.110808618195529,ST
144.533333333333,-1.70171678066254,-1.07845175266266,9.45843505859375,-0.731711983680725,-0.167683988809586,0.403965979814529,-1121.10009765625,14.1000003814697,-914.100036621094,-2.55247679951001,-0.172675107616319,0.114034574268,ST
144.566666666667,-1.75495147705078,-1.0276095867157,9.64684963226318,-0.830797970294952,-0.0685980021953583,1.76830399036407,-1130.70007324219,3.30000019073486,-923.700012207031,-2.55778933057237,-0.177871735225572,0.108439544363223,ST
144.6,-0.964206457138062,-1.52586269378662,8.62342739105225,-1.47104597091675,-1.02134799957275,3.07928800582886,-1121.10009765625,17.7000007629395,-945.300048828125,-2.55735785850501,-0.122698126018574,0.163205987392037,ST
144.633333333333,-0.127404451370239,-2.21013832092285,10.0302591323853,-1.49391198158264,-0.609759986400604,2.70580983161926,-1128.30004882812,9.90000057220459,-916.500061035156,-2.56064992596316,-0.0332977671447065,0.208631387187198,ST
144.666666666667,0.128600731492043,-1.57491040229797,10.0565776824951,0.0457319989800453,-2.33995389938354,0.259148001670837,-1116.30004882812,16.5,-923.700012207031,-2.56293566052141,0.00821090626762,0.164225171663954,ST
144.7,-0.18183545768261,-1.26806306838989,9.14919471740723,1.63110792636871,-1.94360995292664,-0.243903994560242,-1128.30004882812,14.7000007629395,-916.500061035156,-2.56309187588052,-0.0113335736570479,0.140792133560645,ST
144.733333333333,-0.450401663780212,-1.12391066551208,8.77057075500488,2.32470989227295,-0.114329993724823,0.152439996600151,-1128.30004882812,12.3000001907349,-921.300048828125,-2.56373421372335,-0.0436962946514968,0.126498002387644,ST
144.766666666667,-1.42118775844574,-1.02880585193634,8.89199352264404,1.29574000835419,0.967993974685669,0.495429992675781,-1118.70007324219,10.5,-923.700012207031,-2.56541219276723,-0.139803257324502,0.115198814083951,ST
144.8,-1.80280292034149,-1.25310957431793,9.81552600860596,0.213415995240211,0.983237981796265,0.815553963184357,-1113.90002441406,15.3000001907349,-914.100036621094,-2.56551679568955,-0.173564208846545,0.124141597088717,ST
144.833333333333,-1.7124832868576,-1.50851655006409,10.486044883728,-0.518296003341675,-0.800309956073761,0.617381989955902,-1111.5,17.7000007629395,-916.500061035156,-2.56475339155507,-0.161956930633787,0.139664286557864,ST
144.866666666667,-1.25849282741547,-1.72324991226196,9.4554443359375,-0.144817993044853,-0.632625997066498,0.304879993200302,-1128.30004882812,12.9000005722046,-935.700012207031,-2.56081120826556,-0.135069179548358,0.173177060609294,ST
144.9,-1.64728569984436,-1.25370764732361,9.55952072143555,0.533540010452271,0.0381099991500378,-0.396344006061554,-1121.10009765625,17.7000007629395,-938.100036621094,-2.56487431500326,-0.162334563656964,0.138412907719377,ST
144.933333333333,-1.56773269176483,-1.04675018787384,8.68862438201904,1.00610399246216,-0.304879993200302,-0.106707997620106,-1109.10009765625,18.9000015258789,-928.500061035156,-2.56704020668628,-0.173816383244595,0.122250160641341,ST
144.966666666667,-1.58208811283112,-0.678294122219086,8.53609848022461,0.861285984516144,-0.792688012123108,1.15092194080353,-1123.5,24.9000015258789,-918.900024414062,-2.57577130619282,-0.179996236813209,0.0864633049253547,ST
145.0,-1.48518896102905,-0.916355013847351,9.79219818115234,0.701223969459534,-1.20427596569061,1.90549993515015,-1125.90002441406,15.9000005722046,-926.100036621094,-2.57938294794827,-0.154515221667188,0.0904996217284903,ST
145.033333333333,-0.880466461181641,-1.12630319595337,10.0212869644165,0.37347799539566,-1.41006994247437,1.58537602424622,-1113.90002441406,15.3000001907349,-911.700012207031,-2.58113145691772,-0.0989619655810405,0.106836430659468,ST
145.066666666667,-0.665733098983765,-0.627451956272125,9.58404445648193,0.640248000621796,-1.47866797447205,0.777444005012512,-1113.90002441406,12.3000001907349,-923.700012207031,-2.58620830737009,-0.0725073813723111,0.0717450596634391,ST
145.1,-0.441429525613785,-0.501243829727173,9.11928749084473,1.45580196380615,-0.769822001457214,0.701223969459534,-1130.70007324219,3.90000009536743,-918.900024414062,-2.58880495312862,-0.0515785547125768,0.0557636441189753,ST
145.133333333333,-0.763230443000793,-0.739304721355438,9.45125675201416,1.10518991947174,0.564027965068817,0.228659987449646,-1130.70007324219,9.90000057220459,-916.500061035156,-2.58802627557489,-0.0763514798622326,0.0726914555165579,ST
145.166666666667,-0.74050098657608,-0.837998330593109,9.40938663482666,0.259148001670837,0.304879993200302,-0.0990860015153885,-1133.10009765625,6.90000009536743,-935.700012207031,-2.58665831374669,-0.0783444710360486,0.0857559724746715,ST
145.2,-1.00966536998749,-0.587376415729523,9.67795372009277,0.198172003030777,-0.716467976570129,-0.205793991684914,-1128.30004882812,9.90000057220459,-926.100036621094,-2.58810446160602,-0.0984417095219332,0.0645800670017901,ST
145.233333333333,-0.934897482395172,-0.748276829719543,9.449462890625,0.724089980125427,-0.0838419944047928,0.503051996231079,-1142.70007324219,14.1000003814697,-914.100036621094,-2.58810923545603,-0.0982673364091928,0.0753341077439019,ST
145.266666666667,-0.330174922943115,-1.10177934169769,9.02238845825195,-0.129574000835419,-0.449698001146317,0.396344006061554,-1137.90002441406,17.1000003814697,-921.300048828125,-2.58643334697649,-0.0468101559182849,0.113445776988136,ST
145.3,-0.385802209377289,-1.29198884963989,9.46381855010986,-0.868907988071442,-0.807931959629059,-0.198172003030777,-1121.10009765625,10.5,-918.900024414062,-2.58543786627057,-0.0403360019499856,0.13296326203529,ST
145.333333333333,-0.209350034594536,-1.11792922019958,10.1774024963379,-0.571649968624115,-1.58537602424622,-0.67835795879364,-1125.90002441406,9.90000057220459,-921.300048828125,-2.58494315395617,-0.0221449487771718,0.114968139888148,ST
145.366666666667,-0.281725347042084,-0.984543323516846,9.59660625457764,0.442075997591019,-1.74543797969818,-0.442075997591019,-1133.10009765625,6.90000009536743,-916.500061035156,-2.58460234853809,-0.0252900745897743,0.104193981335471,ST
145.4,-1.12690138816833,-0.689060688018799,9.69470119476318,1.37195992469788,-0.0228659994900227,0.731711983680725,-1130.70007324219,12.3000001907349,-911.700012207031,-2.58783541154832,-0.0973032316019414,0.0757333387968067,ST
145.433333333333,-2.04146194458008,-0.208153754472733,10.2760963439941,2.19513607025146,0.403965979814529,1.73781597614288,-1118.70007324219,11.7000007629395,-933.300048828125,-2.59799821219148,-0.179122714515153,0.0268013309971802,ST
145.466666666667,-1.92542219161987,-0.330174922943115,9.18867206573486,2.46952795982361,-0.0228659994900227,2.33995389938354,-1137.90002441406,5.10000038146973,-923.700012207031,-2.60161607650499,-0.200986646313919,0.0299872255944802,ST
145.5,-1.81955087184906,-0.360082060098648,9.73836612701416,1.39482593536377,0.358233988285065,1.76830399036407,-1121.10009765625,9.30000019073486,-930.900024414062,-2.60435310161082,-0.188474812144246,0.0331382467836183,ST
145.533333333333,-1.67420220375061,0.0263182912021875,10.6786460876465,0.419209986925125,-1.2347639799118,0.297257989645004,-1130.70007324219,7.50000047683716,-911.700012207031,-2.61013157049929,-0.159652870088132,0.0031880886950137,ST
145.566666666667,-0.260192185640335,-0.365465342998505,9.57985782623291,0.0076219998300075,-1.98171997070312,0.137196004390717,-1137.90002441406,15.3000001907349,-916.500061035156,-2.60756309833073,-0.0465677789418986,0.0322940295306102,ST
145.6,0.462962657213211,-0.678892254829407,9.17910194396973,-0.518296003341675,-1.2423859834671,-0.0762199983000755,-1133.10009765625,12.9000005722046,-928.500061035156,-2.60732824495505,0.0347276066055272,0.0671467353918055,ST
145.633333333333,0.293090045452118,-0.717771589756012,8.76040172576904,-0.518296003341675,-0.144817993044853,-0.221037998795509,-1128.30004882812,9.90000057220459,-923.700012207031,-2.60722827342888,0.0338384384662996,0.0795205232661527,ST
145.666666666667,-0.512010395526886,-0.65436840057373,8.70836353302002,-0.0457319989800453,0.945127964019775,-0.175305992364883,-1133.10009765625,7.50000047683716,-942.900024414062,-2.6066696667499,-0.0412116857656578,0.0759956698375801,ST
145.7,-1.52885341644287,-0.799118995666504,9.34598350524902,0.327746003866196,1.72257196903229,0.78506600856781,-1142.70007324219,14.7000007629395,-921.300048828125,-2.60752143651935,-0.142577210114651,0.0830688460275646,ST
145.733333333333,-1.41161739826202,-1.2118376493454,9.67257022857666,-0.37347799539566,0.701223969459534,0.259148001670837,-1133.10009765625,17.1000003814697,-930.900024414062,-2.60325402807024,-0.144592308108372,0.116742399926609,ST
145.766666666667,-1.65924859046936,-1.07306849956512,9.87175178527832,-0.342989981174469,0.114329993724823,0.46494197845459,-1133.10009765625,5.10000038146973,-926.100036621094,-2.60541879266212,-0.161821788203227,0.110274307577289,ST
145.8,-1.14305126667023,-1.29976463317871,9.81492805480957,-0.792688012123108,-0.0533539988100529,0.594515979290009,-1116.30004882812,9.30000019073486,-938.100036621094,-2.60445908388113,-0.124427524356336,0.128368325401727,ST
145.833333333333,-0.717771589756012,-0.857138872146606,9.57208156585693,-0.518296003341675,-0.548784017562866,1.13567793369293,-1137.90002441406,17.1000003814697,-935.700012207031,-2.61050080301355,-0.0840270881463149,0.0977165369700376,ST
145.866666666667,-0.0400755777955055,-1.17834162712097,9.74315071105957,-0.350611984729767,-1.05945801734924,1.17378795146942,-1135.5,13.5000009536743,-921.300048828125,-2.61279250404135,-0.01617377767868,0.117014466887927,ST
145.9,0.442625790834427,-0.79373574256897,7.88412237167358,0.0304879993200302,-1.2423859834671,0.868907988071442,-1125.90002441406,18.9000015258789,-914.100036621094,-2.61516577527333,0.0461358617644415,0.102975305378494,ST
145.933333333333,-0.888242304325104,-0.560459971427917,9.0074348449707,1.77592599391937,0.564027965068817,1.98934197425842,-1130.70007324219,10.5,-916.500061035156,-2.61999244259838,-0.0699466351441945,0.0679171997032302,ST
145.966666666667,-0.547300815582275,-0.723752975463867,11.083589553833,0.853663980960846,-0.716467976570129,1.2576299905777,-1135.5,14.1000003814697,-928.500061035156,-2.62325800869182,-0.0520256774115748,0.0643587393927298,ST
146.0,-0.560459971427917,-0.242846041917801,10.0159044265747,0.716467976570129,-1.55488801002502,0.495429992675781,-1121.10009765625,11.1000003814697,-935.700012207031,-2.62621674522846,-0.0529776278630708,0.0312911267612275,ST
146.033333333333,-1.09340536594391,-0.617283523082733,10.1624488830566,0.411587983369827,0.426831990480423,0.442075997591019,-1133.10009765625,12.9000005722046,-916.500061035156,-2.62541324330332,-0.0967225369369011,0.0541016419745315,ST
146.066666666667,-0.654966533184052,-0.862522184848785,10.5638027191162,-1.03659200668335,-0.190549999475479,-1.07470202445984,-1130.70007324219,3.90000009536743,-923.700012207031,-2.62124434183491,-0.0684092417367033,0.0775280585035329,ST
146.1,-0.610703945159912,-0.897812604904175,9.46262168884277,-0.403965979814529,-0.708845973014832,-1.98934197425842,-1133.10009765625,3.90000009536743,-923.700012207031,-2.61593665534146,-0.0637949727492308,0.091897017260986,ST
146.133333333333,-0.863718450069427,-0.966000914573669,8.620436668396,0.434453994035721,0.342989981174469,-2.29422187805176,-1135.5,6.90000009536743,-918.900024414062,-2.60933654804253,-0.0922532503945151,0.107276658299777,ST
146.166666666667,-1.83749520778656,-0.771604418754578,9.27659893035889,0.746955990791321,0.480185985565186,-1.62348592281342,-1128.30004882812,10.5,-928.500061035156,-2.60797649272403,-0.174637524265169,0.0872762674280417,ST
146.2,-2.10426688194275,-0.951047301292419,8.88122653961182,0.327746003866196,1.02134799957275,-1.12043392658234,-1128.30004882812,15.9000005722046,-916.500061035156,-2.60206967422317,-0.221200926888589,0.102630195001899,ST
146.233333333333,-1.83450448513031,-0.913364291191101,8.99846267700195,-0.762199997901917,0.701223969459534,-1.02134799957275,-1128.30004882812,12.3000001907349,-935.700012207031,-2.59975651385161,-0.204510583938002,0.10284560894388,ST
146.266666666667,-2.11862230300903,-1.26686680316925,8.63419342041016,-0.670735955238342,1.49391198158264,0.0990860015153885,-1125.90002441406,13.5000009536743,-930.900024414062,-2.5922781384593,-0.233497066182677,0.137967378006765,ST
146.3,-2.34472036361694,-1.34641981124878,9.52482891082764,-0.564027965068817,1.73019397258759,0.0152439996600151,-1130.70007324219,13.5000009536743,-928.500061035156,-2.59141493730147,-0.240348726363324,0.140795204743304,ST
146.333333333333,-2.33873891830444,-1.251913189888,8.99367809295654,-0.129574000835419,0.571649968624115,0.3125019967556,-1123.5,15.9000005722046,-926.100036621094,-2.59253179850427,-0.250997497650577,0.138832931046784,ST
146.366666666667,-1.9708811044693,-1.54141438007355,9.36332988739014,-0.0990860015153885,0.403965979814529,0.884151995182037,-1116.30004882812,14.1000003814697,-926.100036621094,-2.58993928385634,-0.213813570675194,0.158740124757576,ST
146.4,-0.936093747615814,-0.976767480373383,9.52243614196777,0.419209986925125,-1.56251001358032,1.10518991947174,-1113.90002441406,11.1000003814697,-926.100036621094,-2.60071964824154,-0.116292101395723,0.111351328999016,ST
146.433333333333,-0.365465342998505,-1.1735565662384,8.47149848937988,0.777444005012512,-2.0579400062561,1.63872992992401,-1118.70007324219,9.30000019073486,-926.100036621094,-2.60329288844982,-0.0540909431587309,0.131396178974622,ST
146.466666666667,0.0251220054924488,-1.11134958267212,8.81961822509766,0.396344006061554,-1.03659200668335,1.37195992469788,-1121.10009765625,17.7000007629395,-926.100036621094,-2.60687117700547,-0.0074591222486125,0.125972237193568,ST
146.5,-0.607713282108307,-0.901999592781067,8.90993785858154,0.815553963184357,-0.823175966739655,1.96647596359253,-1118.70007324219,12.3000001907349,-928.500061035156,-2.61218916681513,-0.0547646710318959,0.104725087744581,ST
146.533333333333,-0.690855145454407,-1.38470101356506,9.47458457946777,0.434453994035721,-1.14329993724823,1.83690190315247,-1128.30004882812,12.9000005722046,-911.700012207031,-2.61503532771946,-0.0678241072202908,0.137519601500706,ST
146.566666666667,-0.722556710243225,-1.24294114112854,9.91541576385498,-0.0228659994900227,-1.05183601379395,1.56251001358032,-1135.5,13.5000009536743,-926.100036621094,-2.61975934110387,-0.0701680666228764,0.127003993510715,ST
146.6,-0.708201289176941,-0.690855145454407,10.887996673584,0.137196004390717,-1.10518991947174,1.53964400291443,-1133.10009765625,9.90000057220459,-906.900024414062,-2.62695953013687,-0.064593167082503,0.0758552597016859,ST
146.633333333333,-0.568833947181702,-0.110656447708607,10.302414894104,0.708845973014832,-2.41617393493652,2.28659987449646,-1130.70007324219,11.1000003814697,-930.900024414062,-2.6361395055322,-0.053382016949008,0.0204478649932208,ST
146.666666666667,-1.11912548542023,0.178246602416039,9.41237735748291,1.70732796192169,-1.59299790859222,2.23324584960938,-1137.90002441406,12.3000001907349,-918.900024414062,-2.64363719366262,-0.103008790280544,-0.0135919281943423,ST
146.7,-1.09280717372894,0.0903195887804031,9.17551326751709,1.73781597614288,0.640248000621796,1.08232402801514,-1135.5,8.70000076293945,-923.700012207031,-2.64577594546981,-0.116661762404144,-0.0131819307964367,NLR
146.733333333333,-1.55816245079041,0.106469452381134,10.3885469436646,0.106707997620106,-1.53202199935913,-0.472563982009888,-1128.30004882812,9.90000057220459,-926.100036621094,-2.6443300013841,-0.140252615848712,-0.0109000602248498,NLR
146.766666666667,-1.79024195671082,0.41152235865593,8.88900279998779,-0.0609759986400604,-1.94360995292664,-0.480185985565186,-1135.5,16.5,-914.100036621094,-2.64766716005176,-0.184113682544117,-0.0388478897198633,NLR
146.8,-0.34811919927597,-0.267968058586121,9.305908203125,-0.228659987449646,-0.228659987449646,-0.350611984729767,-1140.30004882812,4.5,-928.500061035156,-2.63981502493328,-0.0602896411167834,0.0186354219300178,NLR
146.833333333333,-0.558067381381989,-0.188415035605431,8.64256763458252,-0.243903994560242,0.0533539988100529,-1.79117000102997,-1137.90002441406,15.9000005722046,-923.700012207031,-2.63516229765106,-0.0637900474235666,0.0217844106407851,NLR
146.866666666667,-0.943869590759277,-0.503636360168457,9.46022891998291,-0.716467976570129,0.541162014007568,-2.41617393493652,-1128.30004882812,15.9000005722046,-930.900024414062,-2.62703920829229,-0.0939960222258069,0.049244983736252,NLR
146.9,-1.01504862308502,-0.964804589748383,9.07024002075195,-1.31098401546478,0.442075997591019,-2.65245604515076,-1118.70007324219,14.7000007629395,-935.700012207031,-2.61641732599245,-0.107781574988875,0.096737011129211,NLR
146.933333333333,-1.50074076652527,-0.908579170703888,9.17730808258057,-1.08232402801514,1.18903195858002,-1.94360995292664,-1133.10009765625,12.3000001907349,-923.700012207031,-2.61160496104103,-0.151907001590234,0.100197524737719,NLR
146.966666666667,-1.53722739219666,-1.1496307849884,9.18867206573486,-0.457319974899292,1.75305998325348,-1.95123195648193,-1113.90002441406,12.9000005722046,-918.900024414062,-2.6036925678571,-0.164091062609182,0.120689324089689,NLR
147.0,-1.8386914730072,-1.3960657119751,9.65163516998291,-0.0762199983000755,2.00458598136902,-1.94360995292664,-1133.10009765625,9.30000019073486,-933.300048828125,-2.59546899462805,-0.184286462421986,0.13966507879184,NLR
147.033333333333,-1.11374223232269,-1.5802937746048,9.92378997802734,-0.503051996231079,0.952749967575073,-2.11129403114319,-1128.30004882812,9.30000019073486,-914.100036621094,-2.58813497458421,-0.126159853817558,0.155449745520558,NLR
147.066666666667,-1.10118126869202,-0.86790543794632,9.82330226898193,0.457319974899292,-0.663114011287689,-1.47866797447205,-1128.30004882812,18.3000011444092,-914.100036621094,-2.59127301851685,-0.112544022323705,0.0989837810056592,NLR
147.1,0.261986613273621,-1.29976463317871,8.87404918670654,0.762199997901917,-1.64635193347931,-0.586893975734711,-1123.5,16.5,-923.700012207031,-2.58829043084918,0.0029169431677358,0.135091869446693,NLR
147.133333333333,0.387596637010574,-1.10596632957458,9.56669902801514,0.884151995182037,-1.62348592281342,-0.434453994035721,-1125.90002441406,9.90000057220459,-930.900024414062,-2.5874118407138,0.0363866084888198,0.117163597901219,NLR
147.166666666667,0.36725977063179,-1.03418922424316,8.57976245880127,1.47104597091675,-0.853663980960846,-0.99848198890686,-1125.90002441406,14.7000007629395,-940.500061035156,-2.58549761268101,0.0425904936628052,0.117295727307302,NLR
147.2,0.806894838809967,-1.67180955410004,9.0313606262207,1.02134799957275,0.243903994560242,-1.73019397258759,-1140.30004882812,4.5,-938.100036621094,-2.58469976584935,0.0785948859400436,0.168163219366736,NLR
147.233333333333,0.0520384386181831,-1.9128612279892,10.3789768218994,1.58537602424622,0.724089980125427,-5.04576396942139,-1133.10009765625,11.1000003814697,-921.300048828125,-2.57358692020244,0.020005841651012,0.176936529852735,NLR
147.266666666667,-0.0622068680822849,-2.65934371948242,10.4944181442261,1.72257196903229,1.41769194602966,-9.85524559020996,-1128.30004882812,11.1000003814697,-923.700012207031,-2.55126018544085,0.0004081409240931,0.231329189498551,NLR
147.3,-1.10177934169769,-1.89192616939545,10.9424276351929,4.1311240196228,2.21800184249878,-14.7257032394409,-1118.70007324219,1.5,-926.100036621094,-2.51868414916055,-0.0779208305327643,0.178666650429622,NLR
147.333333333333,-1.05093717575073,-2.74188733100891,10.0583724975586,5.28204584121704,2.11129403114319,-17.4848670959473,-1123.5,9.90000057220459,-926.100036621094,-2.46771685567998,-0.0941060041004393,0.24603659173507,NLR
147.366666666667,-2.44221782684326,-1.33744764328003,10.5889253616333,6.77595806121826,2.42379593849182,-21.1891593933105,-1101.90002441406,-4.5,-930.900024414062,-2.4314959494134,-0.196770951770017,0.145779959027062,NLR
147.4,-2.14852952957153,-0.971982300281525,8.28846740722656,5.89180564880371,-0.106707997620106,-14.161675453186,-1104.30004882812,-4.5,-938.100036621094,-2.40278683080887,-0.238211762724057,0.118867139454283,NLR
147.433333333333,-1.69932413101196,-0.302062213420868,8.66170883178711,4.94667768478394,0.503051996231079,-12.4924573898315,-1089.90002441406,-5.10000038146973,-926.100036621094,-2.38756633130545,-0.202118756438393,0.0485467440669627,NLR
147.466666666667,-1.78246605396271,0.543113827705383,9.52423095703125,4.61131000518799,0.0304879993200302,-9.9314661026001,-1097.10009765625,-5.70000028610229,-916.500061035156,-2.38013873305164,-0.188559430591662,-0.0394777130333851,NLR
147.5,-0.765622973442078,0.736313998699188,8.61086654663086,4.10063600540161,-0.914639949798584,-7.88876962661743,-1080.30004882812,-8.10000038146973,-923.700012207031,-2.36461926962393,-0.103616987370149,-0.0826556069791135,NLR
147.533333333333,-1.11374223232269,1.10776078701019,9.14022254943848,3.28508186340332,-0.167683988809586,-5.98326969146729,-1087.5,-6.30000019073486,-906.900024414062,-2.35308321303426,-0.118068806775115,-0.11756895473753,NLR
147.566666666667,-1.30754053592682,1.07546103000641,9.32684326171875,1.93598794937134,-0.190549999475479,-3.05642199516296,-1087.5,-9.90000057220459,-914.100036621094,-2.34506174461651,-0.13499828228824,-0.117503985947145,NLR
147.6,-1.09579789638519,0.87687760591507,9.54695987701416,1.22714197635651,0.396344006061554,-1.57013201713562,-1077.90002441406,-10.5,-923.700012207031,-2.33879563452797,-0.118862161625059,-0.0982434062968753,NLR
147.633333333333,-1.29438138008118,0.518589973449707,9.97223949432373,1.14329993724823,0.236281991004944,-0.381099998950958,-1058.70007324219,-11.1000003814697,-899.700012207031,-2.33300195249404,-0.127629130601264,-0.0613257548284431,NLR
147.666666666667,-1.12869584560394,0.65137767791748,9.75032901763916,1.03659200668335,0.190549999475479,-0.0990860015153885,-1077.90002441406,-16.5,-906.900024414062,-2.3331971704022,-0.117398594495677,-0.0672950493520015,NLR
147.7,-0.949851036071777,1.24413740634918,9.20063495635986,1.76068198680878,-0.274392008781433,2.02745199203491,-1082.70007324219,-8.70000076293945,-918.900024414062,-2.34354725092437,-0.104442590470857,-0.123639682477105,NLR
147.733333333333,0.372643083333969,0.927121579647064,8.02229309082031,1.31860601902008,-1.21189796924591,3.83386588096619,-1068.30004882812,-9.30000019073486,-914.100036621094,-2.35161706453549,0.0179541102128017,-0.118794956433674,NLR
147.766666666667,0.32538977265358,1.28241848945618,9.69589710235596,1.61586391925812,-0.945127964019775,2.08842802047729,-1087.5,-6.90000009536743,-909.300048828125,-2.35590324661327,0.031845778551119,-0.131117678678038,NLR
147.8,0.120226740837097,1.62814521789551,9.47996807098389,1.34909391403198,-2.09605002403259,1.50915598869324,-1082.70007324219,-14.7000007629395,-906.900024414062,-2.35786495564079,0.0196082451999755,-0.16407404382158,NLR
147.833333333333,0.35709136724472,1.77110135555267,10.0440168380737,0.899396002292633,-1.79879200458527,1.2576299905777,-1089.90002441406,-9.30000019073486,-909.300048828125,-2.35982032978408,0.0346624958384568,-0.173645936406456,NLR
147.866666666667,-0.0418700091540813,1.42537474632263,9.63249397277832,0.525918006896973,-1.13567793369293,1.02897000312805,-1085.10009765625,-18.3000011444092,-899.700012207031,-2.36217066079174,0.0053422648625383,-0.153015883515792,NLR
147.9,-1.22858572006226,0.848166704177856,9.72580432891846,-0.533540010452271,-0.282013982534409,0.800309956073761,-1087.5,-15.3000001907349,-911.700012207031,-2.36141879164898,-0.104062379987468,-0.0968438198953342,NLR
147.933333333333,-1.49117040634155,0.653172135353088,11.1804885864258,-0.99848198890686,-0.160062000155449,0.685979962348938,-1092.30004882812,-15.3000001907349,-911.700012207031,-2.35953442577308,-0.127326422096048,-0.0635016240168828,NLR
147.966666666667,-1.26626861095428,0.872690618038177,10.018895149231,-0.144817993044853,-0.114329993724823,0.114329993724823,-1085.10009765625,-11.7000007629395,-914.100036621094,-2.3621491966401,-0.125506407598874,-0.0819898550543396,NLR
148.0,-0.958823204040527,0.396568775177002,8.93147087097168,-0.0076219998300075,0.640248000621796,-0.411587983369827,-1087.5,-14.1000003814697,-923.700012207031,-2.35759959510987,-0.111138926149475,-0.0509996357247359,NLR
148.033333333333,-1.79682147502899,0.987534046173096,10.3412942886353,0.167683988809586,0.663114011287689,-1.07470202445984,-1089.90002441406,-5.10000038146973,-914.100036621094,-2.35997312982653,-0.160202697979692,-0.0862509817447576,NLR
148.066666666667,-0.789548695087433,0.665134966373444,8.75442028045654,-1.18140995502472,-0.243903994560242,-1.34909391403198,-1082.70007324219,-12.3000001907349,-911.700012207031,-2.35587269548137,-0.103715981863759,-0.0760388201209121,NLR
148.1,-0.192003890872002,0.998300611972809,8.93505954742432,-1.69970595836639,-0.533540010452271,-2.40092992782593,-1097.10009765625,-12.9000005722046,-906.900024414062,-2.3523518477908,-0.0375467274210108,-0.101623449683813,NLR
148.133333333333,-0.195592746138573,0.744089841842651,8.48047065734863,-1.98171997070312,-1.03659200668335,-1.12043392658234,-1080.30004882812,-12.9000005722046,-904.500061035156,-2.34900582654124,-0.0240661687491967,-0.0869543179564982,NLR
148.166666666667,0.0394774377346039,0.45937380194664,9.12945652008057,-2.05031800270081,0.609759986400604,-1.54726600646973,-1089.90002441406,-14.1000003814697,-923.700012207031,-2.34518748254162,-0.0023924529835665,-0.054786768598567,NLR
148.2,-0.0460570082068443,0.820053994655609,9.88311672210693,-2.54574799537659,-0.884151995182037,-2.96495795249939,-1080.30004882812,-6.30000019073486,-916.500061035156,-2.33746847957064,-0.0032904587278543,-0.0746204783011451,NLR
148.233333333333,0.423485219478607,-0.0825437307357788,9.97582817077637,-2.01220798492432,-0.228659987449646,-1.54726600646973,-1080.30004882812,-12.3000001907349,-928.500061035156,-2.33485651202483,0.0334699987374993,-0.0057018685976183,NLR
148.266666666667,0.14355431497097,-0.196789041161537,9.73477649688721,-0.884151995182037,0.182927995920181,-0.861285984516144,-1070.70007324219,-11.7000007629395,-911.700012207031,-2.33338426471692,0.0182727070558764,0.0161959029041557,NLR
148.3,-0.239855334162712,-0.191405743360519,9.84304046630859,0.0304879993200302,0.381099998950958,-0.518296003341675,-1075.5,-0.300000011920929,-902.100036621094,-2.3320656319597,-0.0177447898772147,0.018858976413414,NLR
148.333333333333,-0.0119628589600325,-0.178246602416039,9.30650615692139,0.853663980960846,0.640248000621796,-0.213415995240211,-1085.10009765625,-5.10000038146973,-916.500061035156,-2.33148694913395,-0.0049707633114005,0.0178648013270188,NLR
148.366666666667,-0.903794050216675,-0.0580198690295219,10.3101902008057,-0.0990860015153885,-1.11281192302704,0.0838419944047928,-1073.10009765625,-5.10000038146973,-916.500061035156,-2.33249257153453,-0.084535736375271,0.0059334988654745,NLR
148.4,-0.873288750648499,1.44451522827148,9.37050819396973,2.89635992050171,-0.693601965904236,2.46190595626831,-1058.70007324219,-17.1000003814697,-914.100036621094,-1.92875441406095,-0.627327255122674,1.03436962228247,NLR
148.433333333333,-0.984543323516846,1.65207087993622,8.28188800811768,1.80641400814056,-0.891773998737335,3.51374197006226,-1077.90002441406,-12.3000001907349,-902.100036621094,-2.40175394112772,-0.291032272134178,0.0613103324637992,NLR
148.466666666667,-1.98164761066437,2.29806518554688,9.48834228515625,-0.472563982009888,-0.525918006896973,6.2043080329895,-1073.10009765625,-15.3000001907349,-909.300048828125,-2.48011381199512,-0.21584179389636,-0.189057637482192,NLR
148.5,-1.99779748916626,1.71966099739075,9.03554725646973,-2.86587190628052,-1.58537602424622,11.4177560806274,-1089.90002441406,-15.9000005722046,-921.300048828125,-2.50730965542924,-0.208936012021992,-0.187495394781329,NLR
148.533333333333,-1.16338813304901,0.812278151512146,9.17611122131348,-4.39027214050293,-0.259148001670837,15.7699174880981,-1101.90002441406,-9.90000057220459,-914.100036621094,-2.53298921727895,-0.136435310936844,-0.102126998278031,NLR
148.566666666667,-0.671116411685944,0.28710862994194,10.6092615127563,-3.96343994140625,0.388722002506256,15.6784534454346,-1094.70007324219,-8.10000038146973,-909.300048828125,-2.56616422358006,-0.0747723943118535,-0.0360536184916634,NLR
148.6,0.854746282100677,-0.254808902740479,9.83526515960693,-3.62807202339172,-1.47866797447205,13.7500877380371,-1106.70007324219,0.900000035762787,-916.500061035156,-2.59736674953105,0.0560160606486052,0.0185303506867054,NLR
148.633333333333,0.337950766086578,0.192602038383484,10.3125829696655,-2.21037983894348,-1.08232402801514,10.975679397583,-1116.30004882812,-3.30000019073486,-921.300048828125,-2.62263266967233,0.0384542301921122,-0.0081587535151009,NLR
148.666666666667,0.958225011825562,0.488682806491852,8.85909557342529,-1.75305998325348,-1.30336201190948,8.63572597503662,-1111.5,-3.90000009536743,-914.100036621094,-2.64146139190903,0.0982589996900851,-0.0436484180781035,NLR
148.7,0.283519774675369,0.695042133331299,9.17969989776611,-1.40244793891907,-0.990859985351562,7.97261190414429,-1128.30004882812,3.30000019073486,-923.700012207031,-2.6593242310529,0.0442622021988948,-0.0674781031576704,NLR
148.733333333333,-0.243444189429283,-0.0173461455851793,9.09835243225098,-1.30336201190948,0.807931959629059,6.83693361282349,-1121.10009765625,-3.90000009536743,-906.900024414062,-2.67597021754999,-0.0132410915794929,-0.0102180829064918,NLR
148.766666666667,-0.87687760591507,-0.395970642566681,10.0499982833862,-0.922261953353882,2.89635992050171,4.71801805496216,-1123.5,2.70000004768372,-928.500061035156,-2.68589767470426,-0.078907922420481,0.0319718970150962,NLR
148.8,-1.57491040229797,0.0795530155301094,10.2820777893066,-0.579271972179413,2.11891603469849,2.02745199203491,-1104.30004882812,11.1000003814697,-926.100036621094,-2.69422672233655,-0.14114832741894,0.0003515799400907,NLR
148.833333333333,-2.24064350128174,0.426475942134857,10.354453086853,0.632625997066498,1.86738991737366,2.17989206314087,-1116.30004882812,5.10000038146973,-918.900024414062,-2.70537038003985,-0.202731477109783,-0.0351502729243885,NLR
148.866666666667,-2.04505085945129,0.178246602416039,10.2569561004639,0.92988395690918,1.72257196903229,1.92836594581604,-1097.10009765625,-0.900000035762787,-921.300048828125,-2.70693477941145,-0.200307258242232,-0.0228088901794701,NLR
148.9,-1.41161739826202,0.550291538238525,9.58763408660889,0.884151995182037,0.457319974899292,0.960371971130371,-1111.5,-1.5,-926.100036621094,-2.71396144041086,-0.157508851405953,-0.0518955416202126,NLR
148.933333333333,-1.05990934371948,0.598142981529236,8.17900657653809,-0.259148001670837,-1.63110792636871,-0.0609759986400604,-1116.30004882812,-2.10000014305115,-926.100036621094,-2.71614400320658,-0.130715681939948,-0.0692731216714965,NLR
148.966666666667,-0.86192399263382,0.425279647111893,8.7340841293335,-1.53202199935913,-2.17227005958557,0.106707997620106,-1118.70007324219,3.30000019073486,-923.700012207031,-2.71430791614375,-0.1009319111004,-0.0501274790617636,NLR
149.0,0.182433605194092,-0.0568235814571381,8.74903678894043,-2.9420919418335,-3.40703392028809,0.609759986400604,-1118.70007324219,3.30000019073486,-923.700012207031,-2.71352214518233,0.0053135265679403,0.0012435803257002,NLR
149.033333333333,-0.343334078788757,-0.111254595220089,8.42185306549072,-2.47714996337891,-2.79727387428284,0.6250039935112,-1125.90002441406,4.5,-904.500061035156,-2.71506491573489,-0.0289567650451907,0.014781750391788,NLR
149.066666666667,-0.201574176549911,-1.13826608657837,9.37708759307861,-3.25459384918213,-0.739333987236023,0.579271972179413,-1113.90002441406,5.70000028610229,-921.300048828125,-2.71448816628267,-0.0216314085196258,0.107685570910033,NLR
149.1,0.539524972438812,-1.31890523433685,10.5303068161011,-4.25307607650757,-1.70732796192169,0.548784017562866,-1123.5,1.5,-911.700012207031,-2.71628811957375,0.0384564576153753,0.127143923421114,NLR
149.133333333333,0.440831363201141,-1.63173401355743,10.1594581604004,-3.46038794517517,-1.73019397258759,0.426831990480423,-1128.30004882812,6.90000009536743,-916.500061035156,-2.71875721138931,0.0442386232842884,0.157642438950572,NLR
149.166666666667,-0.0370848625898361,-2.68506383895874,10.7253017425537,-3.33843588829041,0.754577994346619,0.152439996600151,-1140.30004882812,10.5,-923.700012207031,-2.72042782248049,0.0046383999039925,0.233386457885328,NLR
149.2,0.0227294322103262,-2.72813010215759,11.2026195526123,-2.87349390983582,1.72257196903229,-1.33385002613068,-1123.5,5.70000028610229,-923.700012207031,-2.71639189546045,0.0005570241088442,0.241893792966938,NLR
149.233333333333,-0.0903195887804031,-1.85603761672974,8.10902404785156,0.221037998795509,1.18140995502472,-1.17378795146942,-1116.30004882812,11.1000003814697,-911.700012207031,-2.71289940095956,-0.0102203081324042,0.227535048744309,ST
149.266666666667,-0.878073871135712,-2.29686903953552,9.07741737365723,0.891773998737335,1.82927989959717,0.106707997620106,-1121.10009765625,17.7000007629395,-921.300048828125,-2.71126469759072,-0.0821210646045941,0.243170160778955,ST
149.3,-1.01624488830566,-2.11084651947021,8.56839847564697,1.07470202445984,1.08232402801514,-0.182927995920181,-1109.10009765625,11.1000003814697,-921.300048828125,-2.71018587817849,-0.110659216267299,0.240324355209813,ST
149.333333333333,-1.72803509235382,-1.95712375640869,9.3477783203125,0.952749967575073,0.868907988071442,-0.579271972179413,-1116.30004882812,8.70000076293945,-926.100036621094,-2.71205242241403,-0.167843659000681,0.211322477331407,ST
149.366666666667,-2.08692073822021,-1.7866530418396,10.3472757339478,0.907018005847931,0.617381989955902,-0.0076219998300075,-1109.10009765625,6.30000019073486,-916.500061035156,-2.71756769471108,-0.192337949831563,0.17650399077197,ST
149.4,-1.29438138008118,-1.82732677459717,9.72460842132568,0.868907988071442,-0.426831990480423,0.518296003341675,-1109.10009765625,6.90000009536743,-930.900024414062,-2.71759565086895,-0.140728937542011,0.182745521115353,ST
149.433333333333,-1.17594909667969,-1.72205364704132,9.33940410614014,0.647870004177094,-0.823175966739655,1.47866797447205,-1121.10009765625,3.90000009536743,-923.700012207031,-2.72125984851747,-0.125975447744198,0.181223838279865,ST
149.466666666667,-0.820053994655609,-1.39427125453949,9.86577033996582,1.05183601379395,-0.602137982845306,1.88263392448425,-1118.70007324219,9.90000057220459,-933.300048828125,-2.72919039509516,-0.0905563650353177,0.146856485515835,ST
149.5,-0.342735916376114,-1.1436493396759,8.28667259216309,1.92836594581604,-1.12805593013763,2.47714996337891,-1118.70007324219,18.3000011444092,-928.500061035156,-2.7356277640133,-0.0498735783536129,0.136184190800355,ST
149.533333333333,-0.754856407642365,-1.06290006637573,8.73228931427002,2.33995389938354,-0.137196004390717,2.88873791694641,-1118.70007324219,3.90000009536743,-914.100036621094,-2.74290697599034,-0.0787171974435603,0.120633497302,ST
149.566666666667,-1.18432307243347,-0.596348524093628,8.98111629486084,1.79117000102997,0.0762199983000755,3.12502002716064,-1121.10009765625,13.5000009536743,-926.100036621094,-2.7550606894449,-0.122613073144841,0.0723907818887997,ST
149.6,-1.01923561096191,-0.776389598846436,10.2491798400879,0.769822001457214,-0.823175966739655,3.43752193450928,-1118.70007324219,5.70000028610229,-914.100036621094,-2.76344120145189,-0.102001064360297,0.0733977764649906,ST
149.633333333333,-0.654966533184052,-0.848166704177856,9.53978252410889,0.891773998737335,-0.777444005012512,3.15550804138184,-1118.70007324219,9.30000019073486,-933.300048828125,-2.77030791422001,-0.0731873884460697,0.0844375372601053,ST
149.666666666667,-0.597544848918915,-1.06708705425262,10.0075302124023,0.685979962348938,-0.327746003866196,2.18751406669617,-1116.30004882812,12.3000001907349,-921.300048828125,-2.77418070298692,-0.061939433781789,0.100679400150459,ST
149.7,-0.179442897439003,-0.950449168682098,9.60198879241943,0.564027965068817,-1.60061991214752,1.57775402069092,-1118.70007324219,6.30000019073486,-933.300048828125,-2.77845169301849,-0.0242749537802927,0.0981259919383368,ST
149.733333333333,0.142956167459488,-0.992319166660309,8.99068737030029,0.495429992675781,-1.81403601169586,1.35671591758728,-1113.90002441406,6.30000019073486,-926.100036621094,-2.78191787969626,0.0100422952059451,0.106855885721645,ST
149.766666666667,0.0299071483314037,-0.78775429725647,9.69051456451416,0.594515979290009,-1.77592599391937,1.75305998325348,-1123.5,7.50000047683716,-918.900024414062,-2.78629367050724,0.0066691051701396,0.0851792846305096,ST
149.8,-0.0903195887804031,-0.19798532128334,9.58284854888916,1.37195992469788,-1.60061991214752,1.91312193870544,-1128.30004882812,7.50000047683716,-906.900024414062,-2.79084455477383,-0.0040875566209263,0.0317584738178454,ST
149.833333333333,-0.159704178571701,0.01914057508111,8.54925727844238,1.60824191570282,-0.693601965904236,2.83538389205933,-1113.90002441406,10.5,-916.500061035156,-2.79764555357809,-0.0148233862596024,0.0023320177651408,ST
149.866666666667,-0.846372306346893,-0.0083740018308162,9.497314453125,1.15092194080353,0.213415995240211,3.00306797027588,-1125.90002441406,9.30000019073486,-916.500061035156,-2.80457364394529,-0.0742413111672146,-0.0006494985000804,ST
149.9,-1.06050753593445,-0.135778456926346,10.0416240692139,0.632625997066498,0.480185985565186,2.29422187805176,-1113.90002441406,8.10000038146973,-928.500061035156,-2.80925014960587,-0.100733658009554,0.0099106720170087,ST
149.933333333333,-0.915158748626709,-0.132189601659775,10.5673923492432,0.426831990480423,1.15854394435883,0.0685980021953583,-1128.30004882812,3.90000009536743,-909.300048828125,-2.80914255899999,-0.0906043811897408,0.0114262353708545,ST
149.966666666667,-1.68437063694,0.472532957792282,9.86337757110596,1.2576299905777,0.99848198890686,-0.967993974685669,-1116.30004882812,0.900000035762787,-921.300048828125,-2.81257738285769,-0.154600112844041,-0.0373756923767899,ST
150.0,-1.87816894054413,0.203966751694679,10.0571756362915,1.2347639799118,1.58537602424622,-0.221037998795509,-1128.30004882812,9.90000057220459,-909.300048828125,-2.80971808955872,-0.180766370166571,-0.0254192030019491,ST
150.033333333333,-1.33086812496185,0.473131090402603,8.38416957855225,0.83841997385025,0.46494197845459,-0.716467976570129,-1118.70007324219,0.300000011920929,-918.900024414062,-2.81220086544926,-0.162634942703556,-0.0511576616481469,ST
150.066666666667,-1.2357634305954,0.144152462482452,9.00504207611084,-0.0381099991500378,0.602137982845306,-0.663114011287689,-1123.5,4.5,-928.500061035156,-2.80625407112812,-0.141961620708996,-0.0220651803654429,ST
150.1,-0.730332553386688,0.0891233012080193,9.07861423492432,-0.205793991684914,-0.289635986089706,-0.983237981796265,-1116.30004882812,2.70000004768372,-933.300048828125,-2.80261315463524,-0.0902262727157738,-0.0114060840570032,ST
150.133333333333,-0.708799421787262,-0.0640012994408607,9.18209266662598,-0.503051996231079,-0.846041977405548,-1.73019397258759,-1121.10009765625,3.30000019073486,-909.300048828125,-2.79701510530434,-0.0780260801265578,0.0048279322714087,ST
150.166666666667,-0.527562081813812,0.0185424312949181,8.84473991394043,-1.13567793369293,-0.884151995182037,-1.79117000102997,-1118.70007324219,-2.70000004768372,-916.500061035156,-2.79335240249303,-0.0620558731105787,0.0010493166100487,ST
150.2,-0.565245091915131,-0.448607236146927,10.1534767150879,-1.76830399036407,-0.990859985351562,-1.12043392658234,-1123.5,10.5,-923.700012207031,-2.78878874511566,-0.0553599707697637,0.0385660045057065,ST
150.233333333333,-0.156713455915451,-0.799717128276825,9.52841758728027,-2.88873791694641,-1.84452390670776,-1.6844619512558,-1118.70007324219,4.5,-935.700012207031,-2.78387681616051,-0.0215355574711264,0.0787394980348783,ST
150.266666666667,-0.499449372291565,-1.21662282943726,10.0356426239014,-3.30794787406921,-1.50915598869324,-1.80641400814056,-1121.10009765625,7.50000047683716,-902.100036621094,-2.77885869691574,-0.041976203562804,0.117979606629016,ST
150.3,-0.406737208366394,-1.82134532928467,9.64744758605957,-3.3689239025116,-1.2576299905777,-1.60061991214752,-1121.10009765625,11.7000007629395,-930.900024414062,-2.77352817929733,-0.0394567511640125,0.177532673050552,ST
150.333333333333,0.0610105842351913,-2.05402302742004,9.75810432434082,-3.14788603782654,-1.28049600124359,-1.6692179441452,-1128.30004882812,5.70000028610229,-923.700012207031,-2.76988821389507,-0.0008707613049047,0.205859281068612,ST
150.366666666667,0.223705470561981,-2.18382000923157,8.65213775634766,-2.5152599811554,-1.53202199935913,-0.800309956073761,-1135.5,14.1000003814697,-921.300048828125,-2.76913786931334,0.0231419345366184,0.2439397988839,ST
150.4,-0.206957474350929,-2.34950566291809,9.53140830993652,-1.44817996025085,0.472563982009888,0.891773998737335,-1125.90002441406,6.30000019073486,-923.700012207031,-2.77101131024675,-0.0146342681886311,0.244172883896083,ST
150.433333333333,-0.797922730445862,-2.32438349723816,10.0081281661987,0.350611984729767,0.792688012123108,2.46190595626831,-1128.30004882812,11.1000003814697,-918.900024414062,-2.77709418021367,-0.0689016525004113,0.230240188925006,ST
150.466666666667,-0.802707850933075,-2.43503999710083,9.58284854888916,1.38720393180847,1.06708002090454,2.47714996337891,-1121.10009765625,12.9000005722046,-926.100036621094,-2.78086555066048,-0.0808290189419831,0.242923846499594,ST
150.5,-1.41460812091827,-2.2711489200592,10.1756086349487,1.96647596359253,1.31860601902008,1.40244793891907,-1121.10009765625,15.9000005722046,-923.700012207031,-2.78534010666957,-0.128120794421128,0.220512903914359,ST
150.533333333333,-1.67719292640686,-1.83091568946838,10.0924663543701,2.17227005958557,1.2500079870224,0.937505960464478,-1116.30004882812,14.7000007629395,-914.100036621094,-2.79146477877141,-0.158057046031103,0.183568216563322,ST
150.566666666667,-1.70351123809814,-1.48518896102905,9.15996170043945,2.23324584960938,1.17378795146942,1.44055795669556,-1123.5,16.5,-926.100036621094,-2.79699086849156,-0.178777568636555,0.16194898094627,ST
150.6,-1.86441159248352,-1.33326065540314,8.96616268157959,1.60061991214752,0.739333987236023,1.98934197425842,-1111.5,13.5000009536743,-914.100036621094,-2.80315032392717,-0.199440355807969,0.14778396213615,ST
150.633333333333,-1.46485209465027,-1.11194777488708,9.04392147064209,0.853663980960846,-0.594515979290009,3.10215401649475,-1109.10009765625,7.50000047683716,-926.100036621094,-2.81426416523233,-0.166753025193652,0.125133952108382,ST
150.666666666667,-0.359483927488327,-1.15920102596283,8.39134788513184,0.0533539988100529,-2.22562384605408,4.05490398406982,-1111.5,9.90000057220459,-928.500061035156,-2.82364207271897,-0.0622654688677373,0.134482720191489,ST
150.7,0.0831418707966805,-1.46186137199402,8.60667896270752,0.693601965904236,-1.45580196380615,4.00154972076416,-1118.70007324219,9.30000019073486,-916.500061035156,-2.83292164982081,-0.0021198822206317,0.161101822717112,ST
150.733333333333,-0.0394774377346039,-1.65207087993622,9.84782600402832,0.617381989955902,-1.13567793369293,3.14026403427124,-1121.10009765625,12.3000001907349,-914.100036621094,-2.8404724734425,-0.0027330483740342,0.164309978534769,ST
150.766666666667,-0.60352623462677,-1.25849282741547,10.3777809143066,1.01372599601746,-0.87652999162674,1.97409796714783,-1133.10009765625,11.7000007629395,-926.100036621094,-2.84608702228014,-0.0457774562684139,0.128001952926363,ST
150.8,-0.928317904472351,-0.993515491485596,10.3083963394165,1.52439999580383,-0.579271972179413,1.50153398513794,-1125.90002441406,13.5000009536743,-926.100036621094,-2.85119187600496,-0.0800414735476256,0.100267924885409,ST
150.833333333333,-0.763828575611115,-1.0916109085083,10.058970451355,1.51677799224854,-1.57013201713562,0.99848198890686,-1116.30004882812,8.10000038146973,-911.700012207031,-2.85326252045252,-0.0742617247826223,0.104283585613184,ST
150.866666666667,-0.672312676906586,-0.461168229579926,8.84174919128418,2.24848985671997,0.78506600856781,0.777444005012512,-1111.5,8.10000038146973,-918.900024414062,-2.85797555755961,-0.0767053538861278,0.058758432226044,ST
150.9,-0.221312895417213,-0.60950767993927,9.7419548034668,1.39482593536377,0.449698001146317,0.449698001146317,-1118.70007324219,6.30000019073486,-916.500061035156,-2.8587123041734,-0.0342258713750342,0.059766133747932,ST
150.933333333333,0.546104550361633,-0.590367138385773,8.43800258636475,0.586893975734711,-1.47866797447205,0.106707997620106,-1118.70007324219,11.7000007629395,-926.100036621094,-2.85922552773875,0.0466021891430199,0.0670111781398625,ST
150.966666666667,-0.123217448592186,-0.404344648122787,7.91522598266602,0.335367977619171,-0.945127964019775,-0.617381989955902,-1133.10009765625,10.5,-921.300048828125,-2.85765774003827,-0.0016496630885881,0.0537823533395437,ST
151.0,-0.547300815582275,-0.701023578643799,9.89926624298096,0.0228659994900227,-0.495429992675781,-0.3125019967556,-1125.90002441406,9.90000057220459,-911.700012207031,-2.85661799860335,-0.0453747883112428,0.0678360303752562,ST
151.033333333333,-0.262584775686264,-0.512608528137207,10.65651512146,0.518296003341675,-2.080806016922,0.0076219998300075,-1142.70007324219,6.90000009536743,-916.500061035156,-2.85746699299256,-0.0258986876515627,0.0513208969604855,ST
151.066666666667,-0.392979919910431,-0.43724250793457,9.7718620300293,1.05945801734924,-2.25611186027527,0.327746003866196,-1137.90002441406,8.10000038146973,-911.700012207031,-2.85860003811222,-0.0341618445822686,0.0445517946692427,ST
151.1,-0.839792728424072,-0.456981241703033,10.0649518966675,1.15854394435883,-0.960371971130371,1.31098401546478,-1135.5,11.7000007629395,-902.100036621094,-2.86162650825012,-0.0720238899928058,0.0434827911716803,ST
151.133333333333,-0.422288924455643,0.0167480036616325,10.1612529754639,0.830797970294952,-1.53964400291443,1.6844619512558,-1128.30004882812,4.5,-911.700012207031,-2.86766889936041,-0.0455929068354878,0.0061503065617667,ST
151.166666666667,-0.193798318505287,0.218920320272446,8.75322437286377,0.792688012123108,-0.960371971130371,2.05031800270081,-1142.70007324219,4.5,-906.900024414062,-2.87323567884613,-0.0254947088882649,-0.0199264528904188,ST
151.2,-0.512010395526886,0.209350034594536,8.80346870422363,0.746955990791321,1.18140995502472,1.99696397781372,-1147.5,5.70000028610229,-899.700012207031,-2.87799075933544,-0.0530933913624861,-0.024161933469282,ST
151.233333333333,-0.593955993652344,-0.241051614284515,10.2043190002441,-0.525918006896973,1.09756803512573,1.59299790859222,-1133.10009765625,6.90000009536743,-914.100036621094,-2.8795708929417,-0.0586529038782925,0.0145916996058692,ST
151.266666666667,-0.308043628931046,-0.215331465005875,9.88191986083984,-1.45580196380615,-0.37347799539566,0.952749967575073,-1137.90002441406,9.30000019073486,-921.300048828125,-2.88157229895186,-0.0362027780023256,0.0223073692372287,ST
151.3,-0.917551338672638,-0.337950766086578,8.31717777252197,-1.2423859834671,-0.0609759986400604,1.05183601379395,-1128.30004882812,11.7000007629395,-906.900024414062,-2.88311809692822,-0.0949073937142511,0.0385299492169612,ST
151.333333333333,-0.654966533184052,-1.49356305599213,10.2402076721191,-1.59299790859222,1.14329993724823,1.31098401546478,-1137.90002441406,12.9000005722046,-916.500061035156,-2.87897788261291,-0.0714493348758084,0.125508648133908,ST
151.366666666667,-0.0957028716802597,-1.38589727878571,10.2539653778076,-2.31708788871765,-0.685979962348938,-0.0990860015153885,-1135.5,3.90000009536743,-918.900024414062,-2.87872994490992,-0.0208252678897275,0.135804028431004,ST
151.4,-0.825437307357788,-0.756650865077972,8.572585105896,-0.830797970294952,-0.693601965904236,-0.510673999786377,-1133.10009765625,12.3000001907349,-909.300048828125,-2.87969573493114,-0.0795126037567374,0.098922769841156,ST
151.433333333333,-1.45169293880463,-1.20525813102722,8.89139556884766,-0.0685980021953583,1.37195992469788,-0.0609759986400604,-1130.70007324219,5.10000038146973,-923.700012207031,-2.87584200630208,-0.147892212048683,0.128429180255735,ST
151.466666666667,-0.826035439968109,-1.58507883548737,9.73836612701416,-0.685979962348938,0.0990860015153885,-0.823175966739655,-1128.30004882812,0.300000011920929,-921.300048828125,-2.87070405936199,-0.0957321552511365,0.156256569022823,ST
151.5,-0.164489313960075,-1.38171029090881,8.95240592956543,-1.71494996547699,-1.84452390670776,-1.47866797447205,-1128.30004882812,12.3000001907349,-911.700012207031,-2.86825756708915,-0.0309386902241076,0.156258083592078,DLL
151.533333333333,-0.729734420776367,-1.69693160057068,9.24908447265625,-1.91312193870544,-0.792688012123108,-0.754577994346619,-1121.10009765625,14.1000003814697,-926.100036621094,-2.865949675854,-0.0668017389966391,0.179081340826242,DLL
151.566666666667,-0.0562254376709461,-2.35728144645691,10.7546110153198,-2.9116039276123,0.0076219998300075,0.617381989955902,-1128.30004882812,14.7000007629395,-911.700012207031,-2.86621409165634,-0.0177410066323398,0.212428798135602,DLL
151.6,0.860727727413177,-2.61807179450989,9.32086181640625,-2.9420919418335,-0.6250039935112,-0.716467976570129,-1125.90002441406,14.1000003814697,-916.500061035156,-2.86611043682824,0.0682580128677768,0.265508420984326,DLL
151.633333333333,0.799717128276825,-2.52416324615479,8.64077377319336,-1.69970595836639,0.472563982009888,-0.365855991840363,-1125.90002441406,20.7000007629395,-904.500061035156,-2.86592749854538,0.0848795676595412,0.283708121347457,DLL
151.666666666667,0.0059814294800162,-2.82981443405151,9.47099590301514,-0.777444005012512,0.777444005012512,0.663114011287689,-1128.30004882812,14.7000007629395,-921.300048828125,-2.86711701725075,0.0163140988212317,0.29015492915373,DLL
151.7,-0.327184200286865,-2.87706780433655,9.79638576507568,-0.144817993044853,0.434453994035721,0.358233988285065,-1125.90002441406,22.5,-918.900024414062,-2.86768499423149,-0.0246715303586418,0.286630644284133,DLL
151.733333333333,-1.35060679912567,-2.73650407791138,10.0978498458862,1.19665396213531,1.51677799224854,-0.0304879993200302,-1130.70007324219,8.10000038146973,-928.500061035156,-2.86775125441921,-0.11073473557551,0.267269546519288,DLL
151.766666666667,-1.14484560489655,-2.00437712669373,10.0129137039185,2.16464805603027,1.50915598869324,-0.0685980021953583,-1130.70007324219,17.1000003814697,-914.100036621094,-2.87297300013589,-0.113680751591071,0.205438217738568,DLL
151.8,-1.43733751773834,-1.87278568744659,9.39981651306152,2.62196803092957,-0.0838419944047928,1.34147191047668,-1130.70007324219,16.5,-921.300048828125,-2.87663601445153,-0.142020284131712,0.194538339262449,DLL
151.833333333333,-1.42956173419952,-1.37453258037567,9.19465351104736,2.15702605247498,-0.213415995240211,1.83690190315247,-1125.90002441406,13.5000009536743,-935.700012207031,-2.88673371285998,-0.151069490627607,0.152099859840472,DLL
151.866666666667,-1.13706982135773,-0.926523447036743,8.80765533447266,1.95885396003723,-0.480185985565186,2.45428395271301,-1118.70007324219,18.3000011444092,-918.900024414062,-2.89803617088801,-0.131641864560758,0.109929164090771,DLL
151.9,-0.901401460170746,-1.20107114315033,9.23293495178223,1.34147191047668,-0.487807989120483,3.10977602005005,-1125.90002441406,21.9000015258789,-923.700012207031,-2.90332556278527,-0.103436944920137,0.123090696670663,DLL
151.933333333333,-0.991122901439667,-0.907382905483246,8.99726676940918,0.221037998795509,-1.50153398513794,3.87959790229797,-1118.70007324219,12.9000005722046,-923.700012207031,-2.91478163085345,-0.106579701472772,0.103885264774777,DLL
151.966666666667,-1.97207736968994,-0.805698573589325,9.02298641204834,-0.327746003866196,-0.914639949798584,6.10522174835205,-1125.90002441406,9.30000019073486,-921.300048828125,-2.93084659327423,-0.19213667543623,0.09118668053724,DLL
152.0,-2.03847122192383,-0.965402781963348,9.87055492401123,-1.33385002613068,-0.594515979290009,9.35219383239746,-1121.10009765625,16.5,-923.700012207031,-2.95177318829894,-0.200978157397944,0.0954636101521299,DLL
152.033333333333,-2.20654940605164,-1.1418548822403,8.91711521148682,-1.73019397258759,-2.17227005958557,13.7653312683105,-1125.90002441406,19.5,-921.300048828125,-2.98252688770022,-0.233524715754785,0.120185649690425,DLL
152.066666666667,-1.90209460258484,-1.59524726867676,9.46381855010986,-1.97409796714783,-2.56099200248718,15.6936979293823,-1125.90002441406,25.5000019073486,-914.100036621094,-3.01159953961185,-0.202911568904358,0.155554311745947,DLL
152.1,-0.848764896392822,-2.01035857200623,9.34658241271973,-1.6844619512558,-4.10825777053833,16.6083374023438,-1125.90002441406,22.5,-916.500061035156,-3.0486950478146,-0.105261698295011,0.202132902964153,DLL
152.133333333333,1.04854464530945,-2.58218312263489,9.4075927734375,-1.91312193870544,-4.87045812606812,14.4360675811768,-1137.90002441406,26.1000003814697,-914.100036621094,-3.08377328168134,0.0682986512784175,0.258300276095424,DLL
152.166666666667,1.36795294284821,-1.82074725627899,9.14740085601807,-1.70732796192169,-4.73326206207275,9.42841339111328,-1140.30004882812,22.5,-909.300048828125,-3.10419122528504,0.136312608290181,0.211153466170947,DLL
152.2,1.25849282741547,-1.74717557430267,9.0493049621582,-1.56251001358032,-3.23172783851624,6.96650791168213,-1145.10009765625,21.3000011444092,-909.300048828125,-3.11902490081536,0.138290789776107,0.19845800893478,DLL
152.233333333333,0.506627082824707,-1.73222208023071,9.210205078125,-1.28049600124359,-1.36433792114258,5.26680183410645,-1142.70007324219,30.3000011444092,-916.500061035156,-3.1314523504728,0.0686378242885121,0.190609968814849,DLL
152.266666666667,0.232677608728409,-1.68137991428375,9.10134315490723,-1.05945801734924,-0.693601965904236,4.64179801940918,-1142.70007324219,30.9000015258789,-894.900024414062,3.14098085243763,0.0331297381282949,0.185990957750742,DLL
152.3,-0.650779545307159,-1.36197149753571,9.15398025512695,-0.426831990480423,-0.571649968624115,3.24697184562683,-1140.30004882812,25.5000019073486,-899.700012207031,3.13288237316087,-0.0505402990831439,0.155543105043675,DLL
152.333333333333,-1.19748222827911,-1.26925933361053,10.4728851318359,-0.0685980021953583,-0.304879993200302,4.20734405517578,-1128.30004882812,27.9000015258789,-911.700012207031,3.12106553673005,-0.10082669153712,0.127307491538597,DLL
152.366666666667,-0.851755619049072,-1.20346367359161,10.1044292449951,0.388722002506256,-0.823175966739655,4.54271173477173,-1137.90002441406,31.5000019073486,-926.100036621094,3.10981663010047,-0.086631276267901,0.119174759085922,DLL
152.4,-0.425877809524536,-1.43075799942017,10.5027923583984,-0.0304879993200302,-1.39482593536377,3.32319188117981,-1140.30004882812,29.1000003814697,-904.500061035156,3.10268772467265,-0.0481871914263233,0.131877351519732,DLL
152.433333333333,-0.14056359231472,-1.38828980922699,9.62471866607666,-0.571649968624115,-2.32470989227295,2.01982998847961,-1157.10009765625,43.5,-899.700012207031,3.0976326361109,-0.018432449111272,0.141667923745941,DLL
152.466666666667,0.320006489753723,-1.4660484790802,8.40091800689697,-0.899396002292633,-1.57775402069092,1.92074394226074,-1140.30004882812,30.3000011444092,-897.300048828125,3.09210608433791,0.0299305341981146,0.168904260733561,DLL
152.5,0.186620607972145,-1.48758161067963,8.9117317199707,-1.15854394435883,-1.21189796924591,1.75305998325348,-1145.10009765625,30.9000015258789,-909.300048828125,3.08762751407051,0.023687465536093,0.167773119886066,DLL
152.533333333333,-0.560459971427917,-1.39845824241638,9.30650615692139,-0.967993974685669,-0.87652999162674,1.78354799747467,-1140.30004882812,30.9000015258789,-914.100036621094,3.08296119691131,-0.0428661100736684,0.154035358104384,DLL
152.566666666667,-0.223705470561981,-1.65506160259247,9.26822566986084,-0.503051996231079,0.0304879993200302,1.57775402069092,-1140.30004882812,35.1000022888184,-906.900024414062,3.08001082065997,-0.0280156087866661,0.172773335892103,DLL
152.6,-0.56464695930481,-1.58388257026672,9.93874359130859,-0.152439996600151,-0.0228659994900227,0.716467976570129,-1130.70007324219,38.1000022888184,-894.900024414062,3.07773164502704,-0.0514828850384423,0.160690532396608,DLL
152.633333333333,0.198583468794823,-2.30404663085938,9.25387001037598,-1.31098401546478,-1.49391198158264,0.289635986089706,-1147.5,34.5,-892.500061035156,3.0778329488741,0.0081485177814304,0.229045829614147,DLL
152.666666666667,-0.084936298429966,-2.06299519538879,9.25566387176514,-2.15702605247498,-1.6615959405899,-0.792688012123108,-1140.30004882812,36.3000030517578,-897.300048828125,3.07877748202945,-0.0030055988458769,0.224274673523055,DLL
152.7,-0.285314202308655,-2.32139277458191,9.0134162902832,-1.33385002613068,0.792688012123108,-0.327746003866196,-1147.5,36.3000030517578,-890.100036621094,3.08032848854022,-0.0266988519150873,0.249035250822093,DLL
152.733333333333,-0.377428203821182,-2.71556901931763,9.38486289978027,-1.31098401546478,1.50915598869324,-0.937505960464478,-1152.30004882812,41.1000022888184,-880.500061035156,3.08432880617014,-0.0382172143815877,0.277781013504482,DLL
152.766666666667,0.212938904762268,-3.2245888710022,7.57249021530151,-2.86587190628052,0.396344006061554,-1.50915598869324,-1142.70007324219,34.5,-897.300048828125,3.08934918073714,0.0145328397599049,0.384373413842288,DLL
152.8,-0.356493204832077,-3.15939116477966,9.01162242889404,-2.94971394538879,-0.137196004390717,-0.693601965904236,-1140.30004882812,35.7000007629395,-880.500061035156,3.09051984146184,-0.0269593752761413,0.350367377924683,DLL
152.833333333333,-0.328978627920151,-3.61697053909302,9.57387638092041,-0.67835795879364,0.0304879993200302,-0.0304879993200302,-1147.5,35.1000022888184,-897.300048828125,3.09086019713658,-0.0312913019557165,0.360385797240915,DLL
152.866666666667,-0.0358885787427425,-3.87835907936096,9.3477783203125,0.0228659994900227,0.106707997620106,-0.83841997385025,-1140.30004882812,33.3000030517578,-887.700012207031,3.0932804711361,-0.0088555174994053,0.386646563656572,DLL
152.9,-0.39238178730011,-3.36694669723511,8.95659255981445,0.510673999786377,-0.632625997066498,-1.17378795146942,-1135.5,42.3000030517578,-899.700012207031,3.09487070998585,-0.0334576473072452,0.364032557218818,DLL
152.933333333333,-1.55277919769287,-2.71556901931763,9.10194206237793,0.967993974685669,-0.282013982534409,0.602137982845306,-1149.90002441406,31.5000019073486,-892.500061035156,3.08844062957349,-0.13606671551735,0.303769010171382,DLL
152.966666666667,-1.85484135150909,-2.82562732696533,10.1498880386353,0.960371971130371,0.594515979290009,2.43141794204712,-1145.10009765625,36.9000015258789,-899.700012207031,3.07968449640933,-0.168338959269189,0.27624067617321,DLL
153.0,-1.57670485973358,-3.13965249061584,10.4663057327271,1.17378795146942,-0.0152439996600151,2.69056582450867,-1152.30004882812,35.1000022888184,-897.300048828125,3.07579598169076,-0.149380955905731,0.286185666527042,DLL
153.033333333333,-0.909177303314209,-2.98712611198425,9.32445049285889,1.53202199935913,-1.2500079870224,1.47866797447205,-1149.90002441406,36.9000015258789,-882.900024414062,3.07427343286177,-0.102993360320747,0.302834588631079,DLL
153.066666666667,-0.57062840461731,-2.60311818122864,8.81184196472168,2.64483404159546,-0.754577994346619,1.00610399246216,-1140.30004882812,38.1000022888184,-899.700012207031,3.07034686674796,-0.0678385315086353,0.285676888068718,DLL
153.1,-1.08802211284637,-1.75076448917389,9.24130916595459,3.52898597717285,-0.365855991840363,0.579271972179413,-1137.90002441406,31.5000019073486,-897.300048828125,3.06204266369461,-0.106479348358972,0.199767158067513,DLL
153.133333333333,-0.507823407649994,-1.62814521789551,8.55882740020752,1.71494996547699,-1.13567793369293,1.50153398513794,-1145.10009765625,33.3000030517578,-906.900024414062,3.05734332498152,-0.0662085961522301,0.18760595962716,DLL
153.166666666667,0.091515876352787,-1.75495147705078,8.82559967041016,-0.0076219998300075,-1.52439999580383,2.080806016922,-1135.5,36.3000030517578,-887.700012207031,3.05221263429613,-0.0037051478712209,0.194485486302756,DLL
153.2,0.11484345048666,-1.69453907012939,8.63598823547363,0.213415995240211,-0.800309956073761,1.93598794937134,-1137.90002441406,35.7000007629395,-885.300048828125,3.04719502018515,0.0106491824866464,0.193598325024259,DLL
153.233333333333,0.103478737175465,-1.87996339797974,9.37948036193848,0.769822001457214,0.114329993724823,1.6615959405899,-1147.5,38.1000022888184,-885.300048828125,3.04344773608106,0.0101779869913235,0.195913551847522,DLL
153.266666666667,-0.389989227056503,-1.4941611289978,8.80645942687988,0.716467976570129,-0.167683988809586,0.388722002506256,-1159.5,33.9000015258789,-899.700012207031,3.04225460208772,-0.0326590092648562,0.172688123000511,DLL
153.3,-0.580796837806702,-1.48698341846466,9.11211013793945,0.594515979290009,0.266770005226135,0.861285984516144,-1145.10009765625,31.5000019073486,-904.500061035156,3.04003241577795,-0.0573123366185813,0.16308672473288,DLL
153.333333333333,-0.233275756239891,-1.42716908454895,9.34658241271973,0.739333987236023,-0.304879993200302,0.525918006896973,-1142.70007324219,35.1000022888184,-892.500061035156,3.03830529334655,-0.0305519804097027,0.152641614363965,DLL
153.366666666667,-0.535936117172241,-1.36735486984253,10.4710912704468,0.327746003866196,-1.13567793369293,-0.205793991684914,-1149.90002441406,29.7000007629395,-897.300048828125,3.03770219919459,-0.0456538969052067,0.133204539013484,DLL
153.4,0.730332553386688,-1.64848208427429,9.28078651428223,-0.724089980125427,-2.77440786361694,-0.853663980960846,-1140.30004882812,34.5,-909.300048828125,3.03851154381866,0.0564710376686535,0.16821269132661,DLL
153.433333333333,0.994113624095917,-2.107257604599,9.03494930267334,-1.65397393703461,-1.82927989959717,-0.243903994560242,-1152.30004882812,33.3000030517578,-882.900024414062,3.03437656492533,0.100988092079755,0.221301012124983,DLL
153.466666666667,1.90448725223541,-3.33046007156372,8.14012813568115,-2.9116039276123,-0.754577994346619,0.243903994560242,-1149.90002441406,32.7000007629395,-890.100036621094,3.01433643783793,0.191693658767931,0.358198976980153,DLL
153.5,0.495860517024994,-3.5033233165741,8.97274303436279,-2.59148001670837,1.22714197635651,-0.83841997385025,-1157.10009765625,38.7000007629395,-892.500061035156,3.01594629972663,0.0786178057513349,0.372978678026106,DLL
153.533333333333,0.205761179327965,-3.7072901725769,10.3825654983521,-0.518296003341675,1.63872992992401,-1.47104597091675,-1147.5,40.5,-897.300048828125,3.02177384203376,0.0293217828285644,0.349618265793012,DLL
153.566666666667,0.227892473340034,-3.28799200057983,9.75272083282471,0.777444005012512,0.846041977405548,-2.45428395271301,-1159.5,35.1000022888184,-899.700012207031,3.02825041468953,0.023602900740102,0.328919307046076,DLL
153.6,0.768015563488007,-2.93269491195679,9.92917346954346,1.98934197425842,1.10518991947174,-4.36740589141846,-1154.70007324219,41.1000022888184,-892.500061035156,3.03998448592405,0.0642579436650489,0.29255918942311,DLL
153.633333333333,0.82364284992218,-2.37941265106201,8.66589546203613,2.77440786361694,1.6920839548111,-7.86590385437012,-1154.70007324219,29.1000003814697,-899.700012207031,3.05977205075788,0.0866641096515174,0.268186114957103,DLL
153.666666666667,-0.516795516014099,-1.61378967761993,9.75032901763916,3.69666981697083,3.69666981697083,-10.2896995544434,-1154.70007324219,31.5000019073486,-899.700012207031,3.08717995863926,-0.0262028748714209,0.179788356910745,DLL
153.7,-0.0161498598754406,-1.58747148513794,9.04751014709473,3.07928800582886,3.7728898525238,-10.9070816040039,-1161.90002441406,30.9000015258789,-899.700012207031,3.11499092358151,-0.008743660380637,0.170604275132011,DLL
153.733333333333,-0.539524972438812,-1.29916656017303,9.14979267120361,2.46952795982361,3.10977602005005,-11.1814737319946,-1147.5,26.1000003814697,-904.500061035156,3.14092807249729,-0.0502221029389162,0.144135516659701,DLL
153.766666666667,-1.65266907215118,-1.23995041847229,9.54755783081055,3.01068997383118,3.55947399139404,-8.78054428100586,-1152.30004882812,25.5000019073486,-914.100036621094,-3.11941743452615,-0.15455824331376,0.12876936249365,DLL
153.8,-1.0515353679657,-1.8045973777771,9.23353290557861,2.78202986717224,3.53660798072815,-7.10370397567749,-1145.10009765625,20.1000003814697,-906.900024414062,-3.09321886134499,-0.122459548077036,0.179077933794459,DLL
153.833333333333,-1.23277270793915,-1.746577501297,7.98221778869629,2.28659987449646,2.74391984939575,-6.85217761993408,-1137.90002441406,20.7000007629395,-926.100036621094,-3.07056056146362,-0.147129319933442,0.207447056544704,DLL
153.866666666667,-1.27105379104614,-1.83211195468903,9.57148361206055,1.62348592281342,4.00917196273804,-4.83997011184692,-1133.10009765625,23.1000003814697,-911.700012207031,-3.0585427189083,-0.136960054431068,0.190967102094537,DLL
153.9,-1.49954438209534,-1.56653642654419,10.9502029418945,1.70732796192169,2.56099200248718,-4.94667768478394,-1140.30004882812,16.5,-911.700012207031,-3.05141592303691,-0.137601663407663,0.150580407378707,DLL
153.933333333333,-0.340343356132507,-1.50732028484344,9.36811542510986,2.05031800270081,1.49391198158264,-4.5808219909668,-1130.70007324219,20.7000007629395,-935.700012207031,-3.03957532815888,-0.0574670376993257,0.155494442258791,DLL
153.966666666667,-0.223705470561981,-1.49954438209534,9.75810432434082,2.46190595626831,1.18903195858002,-4.20734405517578,-1130.70007324219,12.9000005722046,-918.900024414062,-3.0289722786964,-0.0296416411777775,0.149735737441236,DLL
154.0,-0.816465139389038,-0.976767480373383,9.69290637969971,2.46190595626831,0.426831990480423,-3.62807202339172,-1133.10009765625,16.5,-921.300048828125,-3.02155933168326,-0.0751066050561733,0.104935752986572,DLL
154.033333333333,-0.415709376335144,-0.412718653678894,8.29863548278809,1.56251001358032,-0.266770005226135,-1.6768399477005,-1137.90002441406,13.5000009536743,-921.300048828125,-3.0205245705165,-0.0545202154438066,0.0587828038197155,DLL
154.066666666667,-0.429466664791107,-0.724949300289154,8.85610485076904,0.396344006061554,-0.632625997066498,-0.769822001457214,-1130.70007324219,11.7000007629395,-923.700012207031,-3.01789207154801,-0.0485976781670821,0.076563026920426,DLL
154.1,-0.671116411685944,-1.26925933361053,10.0625591278076,-0.449698001146317,-0.548784017562866,-1.42531394958496,-1133.10009765625,16.5,-914.100036621094,-3.01261460557579,-0.0616000601762942,0.116340254042071,DLL
154.133333333333,0.111254595220089,-2.58337950706482,10.2892551422119,-1.37195992469788,-0.0609759986400604,-3.01831197738647,-1137.90002441406,15.9000005722046,-923.700012207031,-3.00244203524174,-0.003298992117723,0.221848566580943,DLL
154.166666666667,-0.836802005767822,-1.94396460056305,9.33043193817139,0.0838419944047928,1.87501192092896,-3.7957558631897,-1128.30004882812,18.3000011444092,-923.700012207031,-2.99346102802708,-0.0720139673393532,0.208918776951099,DLL
154.2,-1.21303391456604,-1.94874978065491,9.37349891662598,0.907018005847931,2.4847719669342,-3.04117798805237,-1125.90002441406,18.9000015258789,-926.100036621094,-2.98514951928032,-0.118979451386485,0.204912461536272,DLL
154.233333333333,-1.13886415958405,-2.05342483520508,8.96317195892334,0.556405961513519,1.10518991947174,-2.73629784584045,-1125.90002441406,17.7000007629395,-928.500061035156,-2.9764193177147,-0.123064651272068,0.220837804861963,DLL
154.266666666667,-1.37513065338135,-2.41051626205444,8.23283958435059,-0.0076219998300075,0.754577994346619,-1.47104597091675,-1123.5,13.5000009536743,-926.100036621094,-2.96569132487163,-0.152259769727138,0.272207119508535,DLL
154.3,-1.62934148311615,-2.47810626029968,9.07801628112793,0.106707997620106,1.15854394435883,-1.59299790859222,-1137.90002441406,17.1000003814697,-921.300048828125,-2.96202485752758,-0.168786914207777,0.267854574385002,DLL
154.333333333333,-1.74597930908203,-2.42846035957336,10.1409158706665,0.617381989955902,0.327746003866196,-1.10518991947174,-1104.30004882812,17.7000007629395,-930.900024414062,-2.9636417653823,-0.166556704489439,0.241065522164315,DLL
154.366666666667,-1.09998488426208,-2.42905855178833,8.75561714172363,1.20427596569061,-1.22714197635651,-0.78506600856781,-1121.10009765625,11.7000007629395,-930.900024414062,-2.95896209936768,-0.127851300425564,0.263122751088359,DLL
154.4,-1.81416761875153,-2.25380277633667,9.03913688659668,1.79117000102997,-0.487807989120483,-0.716467976570129,-1113.90002441406,9.90000057220459,-918.900024414062,-2.95966026715508,-0.179177041252468,0.245567131758308,DLL
154.433333333333,-1.96669411659241,-1.85484135150909,9.87234973907471,1.79117000102997,-0.350611984729767,0.0685980021953583,-1118.70007324219,9.30000019073486,-923.700012207031,-2.96881883700237,-0.190539912032178,0.193150614390865,DLL
154.466666666667,-1.57491040229797,-1.62934148311615,10.0559797286987,2.0655620098114,-1.44055795669556,1.80641400814056,-1123.5,11.1000003814697,-911.700012207031,-2.97771127896326,-0.159342013891704,0.163796949762535,DLL
154.5,-0.897812604904175,-1.71786665916443,9.29932880401611,2.53812599182129,-1.60061991214752,2.94971394538879,-1133.10009765625,8.70000076293945,-930.900024414062,-2.98347128327096,-0.103284659324525,0.175435043417857,DLL
154.533333333333,-0.719565987586975,-1.60182690620422,10.6630945205688,2.40092992782593,-1.36433792114258,3.44514393806458,-1123.5,8.10000038146973,-923.700012207031,-2.99347312115162,-0.0729089917842191,0.150636982706195,DLL
154.566666666667,-0.115441590547562,-1.21662282943726,9.91541576385498,2.65245604515076,-1.37958192825317,3.68142580986023,-1130.70007324219,9.90000057220459,-918.900024414062,-3.00382142083703,-0.0212505576990261,0.123172622589743,DLL
154.6,0.157909750938416,-1.31890523433685,9.19585037231445,3.05642199516296,-0.190549999475479,4.23783206939697,-1128.30004882812,9.90000057220459,-928.500061035156,-3.01344628296498,0.0087814569804776,0.134295596207805,DLL
154.633333333333,-0.106469452381134,-1.45707631111145,9.23532772064209,2.56099200248718,0.594515979290009,3.86435389518738,-1125.90002441406,9.30000019073486,-923.700012207031,-3.02206753605322,-0.0089095884313798,0.148429459925256,DLL
154.666666666667,-0.254808902740479,-1.07007777690887,8.46013450622559,1.92836594581604,0.175305992364883,3.01831197738647,-1118.70007324219,10.5,-916.500061035156,-3.02918675519171,-0.0264583416601125,0.127606741649276,DLL
154.7,-0.388792932033539,-0.684275567531586,8.63359546661377,2.22562384605408,-0.0152439996600151,3.3689239025116,-1123.5,11.1000003814697,-923.700012207031,-3.03815622246943,-0.0416132771165722,0.0856084635513823,DLL
154.733333333333,-0.0227294322103262,-0.721958577632904,9.31966590881348,2.4923939704895,-0.884151995182037,3.27745985984802,-1125.90002441406,3.90000009536743,-928.500061035156,-3.04641967118365,-0.0085333893578768,0.0751252448330824,DLL
154.766666666667,0.220714762806892,0.0311034340411425,8.99188327789307,1.47104597091675,-1.69970595836639,1.55488801002502,-1123.5,9.30000019073486,-911.700012207031,-3.05008950686895,0.0213911159286463,0.0076347259282563,DLL
154.8,-0.535936117172241,0.591563403606415,9.1450080871582,1.21951997280121,-1.28811800479889,1.40244793891907,-1130.70007324219,4.5,-916.500061035156,-3.05392384022948,-0.0413711589328065,-0.0526043016016736,DLL
154.833333333333,-1.10477006435394,0.754856407642365,9.61155986785889,0.990859985351562,-0.525918006896973,1.88263392448425,-1135.5,13.5000009536743,-918.900024414062,-3.05955537738728,-0.0985202342477914,-0.0747374493804327,DLL
154.866666666667,-1.40503787994385,0.510215938091278,9.91481781005859,0.434453994035721,0.121951997280121,2.4923939704895,-1135.5,8.70000076293945,-911.700012207031,-3.06353814158845,-0.133486445904361,-0.0564257546545081,DLL
154.9,-1.41939330101013,0.112450875341892,10.0739240646362,-0.472563982009888,0.182927995920181,1.82927989959717,-1128.30004882812,10.5,-923.700012207031,-3.06292710777136,-0.138858275509253,-0.0199866932068494,DLL
154.933333333333,-1.97028291225433,0.0921140164136887,10.4214448928833,-0.769822001457214,0.823175966739655,1.02134799957275,-1130.70007324219,11.1000003814697,-935.700012207031,-3.06407852337978,-0.178884342670802,-0.0101220939523433,ST
154.966666666667,-1.95951640605927,-0.14056359231472,10.4477634429932,-0.899396002292633,1.02134799957275,0.388722002506256,-1133.10009765625,5.10000038146973,-933.300048828125,-3.0616991057192,-0.185604391510706,0.0101473450041594,ST
155.0,-1.80758810043335,-0.225499898195267,9.77724456787109,-1.31098401546478,0.358233988285065,0.228659987449646,-1133.10009765625,4.5,-921.300048828125,-3.06053961387333,-0.183844375704801,0.0222281027665938,ST
155.033333333333,-1.24353921413422,-0.613694667816162,9.40819072723389,-1.61586391925812,-0.121951997280121,-0.0304879993200302,-1130.70007324219,9.30000019073486,-918.900024414062,-3.05515908566704,-0.141621494081769,0.0588032593656641,ST
155.066666666667,-0.540721237659454,-0.79373574256897,8.93625640869141,-1.6768399477005,-1.07470202445984,-0.426831990480423,-1135.5,5.10000038146973,-916.500061035156,-3.0518617794892,-0.0731766605994281,0.0857617808543429,ST
155.1,0.126208171248436,-0.779978454113007,8.60667896270752,-1.44055795669556,-2.05031800270081,-0.403965979814529,-1123.5,10.5,-926.100036621094,-3.05122369208299,0.0028763726822122,0.0917179338651769,ST
155.133333333333,0.208751901984215,-0.60950767993927,8.06057453155518,-0.731711983680725,-1.63872992992401,0.106707997620106,-1125.90002441406,12.9000005722046,-902.100036621094,-3.05163589405641,0.0240523405395294,0.0794295287656079,ST
155.166666666667,0.418101936578751,-1.1155366897583,8.67606353759766,-1.08232402801514,-0.533540010452271,-0.25152599811554,-1135.5,12.9000005722046,-935.700012207031,-3.05245892898883,0.0437630375970099,0.119600960852977,ST
155.2,-0.102880589663982,-0.776389598846436,9.13543796539307,-1.45580196380615,-0.571649968624115,-0.243903994560242,-1135.5,13.5000009536743,-921.300048828125,-3.05139211165491,0.0006922279603629,0.0938298431734668,ST
155.233333333333,-0.102880589663982,-1.22499680519104,9.0851936340332,-2.13416004180908,0.0685980021953583,0.0076219998300075,-1135.5,11.1000003814697,-906.900024414062,-3.05125474796021,-0.0094453727592672,0.130830227746335,ST
155.266666666667,-0.802109718322754,-1.30694234371185,9.72042179107666,-1.94360995292664,0.564027965068817,-0.289635986089706,-1133.10009765625,17.1000003814697,-923.700012207031,-3.05033521794659,-0.0702385236772779,0.136042675302637,ST
155.3,-0.958225011825562,-1.36974740028381,10.5458583831787,-1.36433792114258,0.0990860015153885,-0.663114011287689,-1133.10009765625,8.10000038146973,-923.700012207031,-3.04921133495539,-0.0865856677876255,0.132380711281221,ST
155.333333333333,-0.346324771642685,-1.59046220779419,9.93276214599609,-0.754577994346619,-0.823175966739655,-1.58537602424622,-1133.10009765625,15.3000001907349,-918.900024414062,-3.0443162106503,-0.0422381064947767,0.155283181116808,ST
155.366666666667,-0.182433605194092,-1.91345942020416,10.1558694839478,-1.11281192302704,-1.04421401023865,-1.47104597091675,-1130.70007324219,15.3000001907349,-916.500061035156,-3.04034777280617,-0.0199190379843697,0.182706081774595,ST
155.4,0.168078169226646,-2.27473783493042,9.51884746551514,-1.05945801734924,0.3125019967556,-1.89025592803955,-1135.5,18.3000011444092,-914.100036621094,-3.03572813234959,0.0098093931417338,0.225599913329243,ST
155.433333333333,-0.880466461181641,-2.00019001960754,10.0613632202148,0.205793991684914,2.43903994560242,-2.33233189582825,-1133.10009765625,17.7000007629395,-926.100036621094,-3.02979718205692,-0.0701851499717852,0.20175352313007,ST
155.466666666667,-1.84048593044281,-1.77588653564453,10.3167695999146,0.891773998737335,2.5152599811554,-1.44055795669556,-1140.30004882812,11.1000003814697,-923.700012207031,-3.02800145049487,-0.158650331710032,0.175235588142004,ST
155.5,-1.7483719587326,-0.964804589748383,10.0314559936523,1.53964400291443,0.724089980125427,-0.571649968624115,-1118.70007324219,14.1000003814697,-928.500061035156,-3.0365898343523,-0.170122892315466,0.109925438109977,ST
155.533333333333,-1.4301598072052,-1.08323693275452,9.71683216094971,1.53202199935913,-1.28811800479889,-0.632625997066498,-1128.30004882812,16.5,-933.300048828125,-3.03500717938855,-0.147753512809241,0.108743827471757,ST
155.566666666667,-1.33026993274689,-0.983347058296204,9.25925350189209,1.60824191570282,-0.282013982534409,-1.12043392658234,-1125.90002441406,9.30000019073486,-916.500061035156,-3.03238525510677,-0.142307400094325,0.104190786548555,ST
155.6,-1.18312680721283,-0.668723821640015,8.74485015869141,1.64635193347931,0.739333987236023,-1.47104597091675,-1133.10009765625,16.5,-906.900024414062,-3.03173271610567,-0.136599166159501,0.0799359586404008,ST
155.633333333333,-1.49894630908966,-0.889438569545746,9.13603591918945,0.914639949798584,0.685979962348938,-0.670735955238342,-1128.30004882812,14.1000003814697,-930.900024414062,-3.0279288642702,-0.157650817031568,0.0924677644849666,ST
155.666666666667,-1.28600740432739,-0.869101762771606,8.74604606628418,0.266770005226135,-0.0685980021953583,-0.861285984516144,-1113.90002441406,8.10000038146973,-926.100036621094,-3.02512817967893,-0.147569511911787,0.097531703542946,ST
155.7,-1.20525813102722,-0.822446584701538,9.44886493682861,0.190549999475479,-0.800309956073761,-0.564027965068817,-1116.30004882812,3.90000009536743,-914.100036621094,-3.02512259129231,-0.128961573700661,0.0885534637676264,ST
155.733333333333,-0.805698573589325,-1.20286548137665,9.34837627410889,0.701223969459534,-0.640248000621796,-0.403965979814529,-1130.70007324219,9.30000019073486,-916.500061035156,-3.02078523692916,-0.0931542828740533,0.119130727745609,ST
155.766666666667,-0.672312676906586,-1.01445043087006,9.22934627532959,1.07470202445984,-0.419209986925125,-0.602137982845306,-1118.70007324219,7.50000047683716,-928.500061035156,-3.02001634919834,-0.0753139591879409,0.109722606060191,ST
155.8,-0.991721034049988,-0.689060688018799,9.72879505157471,1.37195992469788,-0.6250039935112,0.0609759986400604,-1118.70007324219,6.90000009536743,-926.100036621094,-3.02283646171745,-0.0952423062312154,0.0766643199487183,ST
155.833333333333,-0.914560616016388,-0.846970438957214,9.51585674285889,1.57775402069092,-0.46494197845459,0.556405961513519,-1116.30004882812,14.1000003814697,-923.700012207031,-3.02314784081826,-0.0948193127620055,0.0840545996310423,ST
155.866666666667,-0.353502482175827,-1.25669836997986,9.42792987823486,0.815553963184357,-0.358233988285065,0.0762199983000755,-1123.5,14.1000003814697,-926.100036621094,-3.02058299823365,-0.0483159239515072,0.121632685375922,ST
155.9,-0.613096535205841,-1.63711726665497,9.39622783660889,0.190549999475479,-0.487807989120483,-0.144817993044853,-1121.10009765625,9.90000057220459,-935.700012207031,-3.01819729248374,-0.0603021802271485,0.161976861839521,ST
155.933333333333,-0.410326063632965,-1.6664263010025,9.27001953125,-0.0609759986400604,-0.807931959629059,-0.403965979814529,-1128.30004882812,10.5,-916.500061035156,-3.0168693361486,-0.0452927931221968,0.175138486271729,ST
155.966666666667,-0.2554070353508,-1.63293027877808,9.40520000457764,0.525918006896973,-1.39482593536377,0.243903994560242,-1123.5,4.5,-930.900024414062,-3.01812256212459,-0.0281494039784742,0.171707037607084,ST
156.0,-0.247033044695854,-1.672407746315,9.69709396362305,1.2500079870224,-1.2576299905777,1.265251994133,-1135.5,14.7000007629395,-921.300048828125,-3.0214762023336,-0.0242848708204077,0.169176318680662,ST
156.033333333333,-0.174657747149467,-1.32967185974121,9.69470119476318,1.10518991947174,-1.50153398513794,1.44055795669556,-1121.10009765625,7.50000047683716,-914.100036621094,-3.02581539346961,-0.0173799350061154,0.141343221187815,ST
156.066666666667,-0.510814070701599,-0.769211888313293,9.234130859375,1.34909391403198,-2.26373386383057,2.15702605247498,-1125.90002441406,12.3000001907349,-921.300048828125,-3.0327648688869,-0.0446831391926881,0.0928766324892421,ST
156.1,-1.05871307849884,-0.324791640043259,8.77715015411377,1.90549993515015,-2.02745199203491,2.72105383872986,-1142.70007324219,2.70000004768372,-914.100036621094,-3.04300397915709,-0.103866791529518,0.0439752834280077,ST
156.133333333333,-1.56414389610291,-0.254210770130157,9.65402793884277,2.0731840133667,-0.807931959629059,2.29422187805176,-1147.5,5.10000038146973,-916.500061035156,-3.0498986721072,-0.148119809263336,0.0265877034614805,ST
156.166666666667,-1.1717621088028,-0.498253107070923,10.4549407958984,1.37195992469788,-1.27287399768829,1.28049600124359,-1130.70007324219,9.30000019073486,-918.900024414062,-3.05056127690239,-0.117168949312304,0.0412508837055413,ST
156.2,-0.995309889316559,-0.202770471572876,9.97463226318359,0.594515979290009,-1.98934197425842,0.129574000835419,-1142.70007324219,3.30000019073486,-911.700012207031,-3.05276357322411,-0.100246769119786,0.0236812957547159,ST
156.233333333333,-1.09101283550262,-0.0161498598754406,9.47398662567139,1.30336201190948,-0.693601965904236,1.10518991947174,-1145.10009765625,4.5,-923.700012207031,-3.05705827775339,-0.110805225840211,0.0041569354710511,ST
156.266666666667,-0.249425619840622,-0.853550016880035,9.51406192779541,0.800309956073761,0.228659987449646,0.175305992364883,-1142.70007324219,5.70000028610229,-911.700012207031,-3.05212257194675,-0.0435931009212378,0.0712029105957776,ST
156.3,-0.726145565509796,-0.586180090904236,9.41297626495361,0.182927995920181,0.457319974899292,0.160062000155449,-1145.10009765625,8.70000076293945,-914.100036621094,-3.0528211859203,-0.0707925771831684,0.06374802628842,ST
156.333333333333,-0.946860313415527,-0.589170813560486,9.10194206237793,0.137196004390717,0.83841997385025,0.46494197845459,-1135.5,5.10000038146973,-921.300048828125,-3.05369721368655,-0.0980680164350225,0.0642195504628118,ST
156.366666666667,-0.689060688018799,-1.32907366752625,9.37888145446777,-0.411587983369827,0.632625997066498,0.503051996231079,-1137.90002441406,8.10000038146973,-928.500061035156,-3.04926987974982,-0.0781884949614534,0.127659560269584,ST
156.4,-0.684275567531586,-1.21004319190979,8.61206245422363,-0.571649968624115,0.655492007732391,0.510673999786377,-1142.70007324219,5.10000038146973,-916.500061035156,-3.04956837970005,-0.0794918286767231,0.138234093179363,ST
156.433333333333,-0.808091163635254,-1.47801125049591,9.01521110534668,-0.0609759986400604,0.990859985351562,0.830797970294952,-1137.90002441406,5.10000038146973,-921.300048828125,-3.04957896257374,-0.088368822065335,0.15843247161376,ST
156.466666666667,-0.879270195960999,-1.41400992870331,9.66060733795166,0.121951997280121,-0.0381099991500378,1.27287399768829,-1140.30004882812,8.10000038146973,-930.900024414062,-3.0534127546812,-0.0897398138174686,0.147648339509218,ST
156.5,-0.13398402929306,-1.1837249994278,9.71922492980957,-0.182927995920181,-1.93598794937134,1.40244793891907,-1147.5,7.50000047683716,-906.900024414062,-3.05846266167725,-0.0266098915290991,0.126672241244354,ST
156.533333333333,0.368456065654755,-1.20406174659729,9.60856914520264,-0.289635986089706,-2.88111591339111,1.56251001358032,-1149.90002441406,8.10000038146973,-921.300048828125,-3.06313209585311,0.0303017436756415,0.125476248297068,ST
156.566666666667,0.32239904999733,-1.11493849754333,9.98838901519775,-0.0304879993200302,-3.14788603782654,1.63110792636871,-1137.90002441406,3.30000019073486,-921.300048828125,-3.06774951082849,0.0360340905713512,0.113707156872794,ST
156.6,0.830820560455322,-1.29737210273743,9.24489784240723,0.426831990480423,-1.86738991737366,1.75305998325348,-1157.10009765625,12.3000001907349,-923.700012207031,-3.07350846346446,0.0804062884165777,0.13381175102453,ST
156.633333333333,0.571226537227631,-1.17236018180847,8.99726676940918,0.800309956073761,-0.228659987449646,1.6692179441452,-1147.5,8.70000076293945,-916.500061035156,-3.07719651512037,0.0664186758012012,0.129479363452962,ST
156.666666666667,0.344530344009399,-1.48100197315216,9.93694877624512,-0.137196004390717,-0.274392008781433,1.2576299905777,-1147.5,12.9000005722046,-911.700012207031,-3.0812315351695,0.039816116634303,0.145148700493157,ST
156.7,-1.01445043087006,-1.50911474227905,10.302414894104,-0.335367977619171,0.129574000835419,0.945127964019775,-1149.90002441406,11.7000007629395,-911.700012207031,-3.0833461452756,-0.069816431328434,0.145871714627587,ST
156.733333333333,-1.5180869102478,-1.67898726463318,11.1864700317383,-1.05945801734924,0.449698001146317,0.114329993724823,-1154.70007324219,11.1000003814697,-909.300048828125,-3.08330945373972,-0.121227264231671,0.149833580206604,ST
156.766666666667,-0.891831159591675,-1.52526462078094,10.9585771560669,-0.282013982534409,-1.02134799957275,0.0838419944047928,-1159.5,11.7000007629395,-916.500061035156,-3.08482841182336,-0.0872622948047152,0.140979630185578,ST
156.8,-0.590965270996094,-1.85543954372406,7.94632959365845,0.297257989645004,0.609759986400604,-0.533540010452271,-1157.10009765625,14.1000003814697,-914.100036621094,-3.07710316782208,-0.0754447285215664,0.215097175231828,ST
156.833333333333,-1.57790112495422,-0.920542061328888,8.2262601852417,0.487807989120483,2.09605002403259,-0.228659987449646,-1145.10009765625,6.90000009536743,-918.900024414062,-3.0863558785538,-0.173661749479942,0.127516603327913,ST
156.866666666667,-1.65565979480743,-1.11134958267212,10.3658180236816,0.815553963184357,1.85976791381836,1.37958192825317,-1140.30004882812,9.90000057220459,-916.500061035156,-3.09177826214022,-0.163407762059838,0.109295874104941,ST
156.9,-0.215331465005875,-1.01145970821381,8.75741100311279,0.335367977619171,-0.99848198890686,0.99848198890686,-1140.30004882812,10.5,-916.500061035156,-3.09401534396205,-0.0465349922861644,0.113459533504989,ST
156.933333333333,-0.473131090402603,-0.802109718322754,8.20711994171143,0.777444005012512,0.388722002506256,1.33385002613068,-1137.90002441406,3.90000009536743,-921.300048828125,-3.09759548735463,-0.0558751473711779,0.099479607472105,ST
156.966666666667,-0.858933329582214,-1.02880585193634,10.0452127456665,0.236281991004944,0.754577994346619,0.945127964019775,-1137.90002441406,12.3000001907349,-909.300048828125,-3.09954884701833,-0.0808956378379981,0.101173156884782,ST
157.0,-0.153722748160362,-1.20705246925354,9.16833591461182,-0.792688012123108,-1.20427596569061,-0.0990860015153885,-1147.5,9.90000057220459,-930.900024414062,-3.09837131416056,-0.0256673139723126,0.127080582878205,ST
157.033333333333,-0.631040811538696,-1.28241848945618,8.63299751281738,-0.228659987449646,0.442075997591019,0.617381989955902,-1140.30004882812,14.7000007629395,-911.700012207031,-3.09897613576043,-0.0646204622053914,0.144114650040618,ST
157.066666666667,-0.848764896392822,-1.81955087184906,9.45903301239014,-0.0762199983000755,1.39482593536377,0.541162014007568,-1147.5,14.7000007629395,-921.300048828125,-3.09694880533495,-0.0852522323537711,0.180844579376962,ST
157.1,-1.18551933765411,-1.80100846290588,10.2330303192139,0.129574000835419,0.960371971130371,1.20427596569061,-1145.10009765625,12.3000001907349,-923.700012207031,-3.0997934126353,-0.109507149255058,0.175234060005711,ST
157.133333333333,-0.810483753681183,-1.87039303779602,9.40340518951416,0.617381989955902,-0.518296003341675,1.65397393703461,-1137.90002441406,1.5,-921.300048828125,-3.10203277354655,-0.0891284652645138,0.191007881523627,ST
157.166666666667,-0.37025049328804,-2.09948182106018,9.76468372344971,-0.190549999475479,-0.716467976570129,1.88263392448425,-1147.5,13.5000009536743,-909.300048828125,-3.10574964039393,-0.045895803855867,0.208193088575528,ST
157.2,0.112450875341892,-1.75435328483582,10.5877285003662,0.0838419944047928,-1.84452390670776,2.09605002403259,-1142.70007324219,8.70000076293945,-918.900024414062,-3.11257807841421,0.0030962361736395,0.171429422955538,ST
157.233333333333,0.269164323806763,-1.67300593852997,7.42534685134888,1.63110792636871,-1.6768399477005,3.16313004493713,-1154.70007324219,8.10000038146973,-926.100036621094,-3.12168087884691,0.0310589317402172,0.210410695909758,ST
157.266666666667,-1.30275535583496,-0.728538155555725,10.4178562164307,2.5000159740448,-0.144817993044853,3.65093803405762,-1147.5,14.1000003814697,-916.500061035156,3.13840447440734,-0.122713341976107,0.0663404594448657,ST
157.3,-0.452794224023819,0.0921140164136887,9.10433387756348,0.823175966739655,1.39482593536377,1.33385002613068,-1147.5,2.70000004768372,-909.300048828125,3.11756919079172,-0.0657130295364804,0.0040321448597398,ST
157.333333333333,-0.768613696098328,-0.111852735280991,9.18328857421875,1.21189796924591,1.03659200668335,0.731711983680725,-1149.90002441406,9.30000019073486,-916.500061035156,3.11645611489249,-0.0813650621113757,0.0087698922913895,ST
157.366666666667,-0.853550016880035,-0.105871304869652,9.22216796875,-0.0762199983000755,0.495429992675781,0.0228659994900227,-1145.10009765625,9.30000019073486,-928.500061035156,3.11659833026073,-0.0911730228976214,0.0111330861736892,ST
157.4,-0.785361707210541,-0.250621914863586,9.40639591217041,-1.41006994247437,0.0914639979600906,-0.0076219998300075,-1164.30004882812,17.7000007629395,-911.700012207031,3.11759593469575,-0.0849911348827407,0.0254809176921713,ST
157.433333333333,-0.605918824672699,-0.758445262908936,10.0278673171997,-1.79879200458527,0.0609759986400604,0.152439996600151,-1166.70007324219,2.70000004768372,-923.700012207031,3.12014918705899,-0.065002775008129,0.0685397703175235,ST
157.466666666667,-0.32838049530983,-1.10895705223083,8.94283580780029,-1.65397393703461,0.205793991684914,-0.190549999475479,-1142.70007324219,15.9000005722046,-916.500061035156,3.12290163540362,-0.0424626460040572,0.114653518755,ST
157.5,-0.287706762552261,-1.77229762077332,9.97642707824707,-1.60824191570282,0.960371971130371,-1.17378795146942,-1149.90002441406,17.7000007629395,-909.300048828125,3.12766191120252,-0.03232333479903,0.165795413973325,ST
157.533333333333,-0.297277063131332,-1.37871956825256,10.0326519012451,-1.03659200668335,-0.350611984729767,-1.39482593536377,-1140.30004882812,10.5,-909.300048828125,3.12996534563747,-0.0291718047787426,0.143958706614103,ST
157.566666666667,-0.109460160136223,-1.40982294082642,8.67905426025391,-0.0762199983000755,-1.05945801734924,-0.724089980125427,-1140.30004882812,14.7000007629395,-930.900024414062,3.13162481373157,-0.0137755933661003,0.158111334101965,ST
157.6,-0.13398402929306,-1.24174475669861,9.20242977142334,-0.434453994035721,-0.846041977405548,-0.3125019967556,-1133.10009765625,12.3000001907349,-918.900024414062,3.13181357310789,-0.0130374577703039,0.138785669136966,ST
157.633333333333,-0.13099330663681,-1.33326065540314,8.76997184753418,0.114329993724823,-0.792688012123108,0.282013982534409,-1142.70007324219,8.70000076293945,-923.700012207031,3.13103815141615,-0.0133812714821114,0.148268457545904,ST
157.666666666667,-0.643601834774017,-1.49296486377716,8.42663860321045,0.495429992675781,0.571649968624115,0.533540010452271,-1137.90002441406,8.70000076293945,-918.900024414062,3.13087859095237,-0.0635308216877284,0.16917052845443,ST
157.7,-0.815268874168396,-1.41999137401581,11.4945135116577,-0.25152599811554,-0.396344006061554,0.0381099991500378,-1157.10009765625,9.90000057220459,-926.100036621094,3.12820547444962,-0.0683929046168675,0.132584096723002,ST
157.733333333333,-0.751865744590759,-1.49356305599213,9.97523021697998,0.335367977619171,-3.04117798805237,0.403965979814529,-1154.70007324219,9.90000057220459,-914.100036621094,3.12721465063984,-0.0690772839523495,0.144841635484421,ST
157.766666666667,-1.44989860057831,-1.27524077892303,11.1278514862061,0.472563982009888,0.0304879993200302,0.746955990791321,-1159.5,17.1000003814697,-916.500061035156,3.12292346899291,-0.119523499055916,0.118177621634944,ST
157.8,-1.6783891916275,-0.634629666805267,10.378378868103,1.27287399768829,1.18140995502472,1.97409796714783,-1166.70007324219,11.7000007629395,-918.900024414062,3.11236847250369,-0.154297440423192,0.0697930769130918,ST
157.833333333333,-0.483299523591995,-0.689060688018799,8.09825801849365,1.17378795146942,-0.0152439996600151,1.54726600646973,-1147.5,12.3000001907349,-918.900024414062,3.11016163170041,-0.0765129917192937,0.0803126028077018,ST
157.866666666667,-1.59106028079987,-0.674107134342194,7.29614782333374,1.82927989959717,1.98934197425842,1.31860601902008,-1152.30004882812,8.10000038146973,-911.700012207031,3.1088860336246,-0.192245155391934,0.0871150370143937,ST
157.9,-1.77110135555267,-0.674705266952515,10.3963232040405,1.19665396213531,2.25611186027527,0.716467976570129,-1152.30004882812,14.7000007629395,-928.500061035156,3.10442400732752,-0.17595738259986,0.0669138403508582,ST
157.933333333333,-0.28112718462944,-0.372643083333969,8.21489524841309,0.472563982009888,-2.32470989227295,0.213415995240211,-1157.10009765625,11.1000003814697,-921.300048828125,3.10157102299752,-0.0562528573744158,0.048448959139982,ST
157.966666666667,-0.646592557430267,-0.324193477630615,9.16594314575195,0.967993974685669,-0.907018005847931,0.693601965904236,-1137.90002441406,11.7000007629395,-918.900024414062,3.09929840363299,-0.0663126035735569,0.0365827689509065,ST
158.0,1.11254596710205,-0.350511789321899,10.5859346389771,0.693601965904236,-2.82013988494873,0.907018005847931,-1142.70007324219,9.90000057220459,-902.100036621094,3.09699264096391,0.073940335881546,0.032890364396001,ST
158.033333333333,2.01693820953369,-1.0975923538208,8.03066730499268,-0.0838419944047928,-2.85824990272522,0.564027965068817,-1142.70007324219,11.7000007629395,-916.500061035156,3.08349284443706,0.213495881292789,0.11478442336374,ST
158.066666666667,0.397765070199966,-0.421092659235001,8.87404918670654,-0.289635986089706,0.655492007732391,0.411587983369827,-1149.90002441406,11.1000003814697,-935.700012207031,3.09057273950678,0.0779931289005095,0.0613397453387293,ST
158.1,0.148339450359344,-0.878073871135712,9.89268684387207,-0.6250039935112,1.22714197635651,0.663114011287689,-1157.10009765625,14.1000003814697,-926.100036621094,3.08815560778136,0.0258808817282823,0.0839704608238326,ST
158.133333333333,0.984543323516846,-1.26028728485107,6.84395170211792,-1.02897000312805,-0.3125019967556,0.0152439996600151,-1147.5,12.3000001907349,-914.100036621094,3.08234632667076,0.119197244004307,0.164739395599588,ST
158.166666666667,-1.3278774023056,-1.4941611289978,12.2810716629028,-0.365855991840363,0.983237981796265,0.564027965068817,-1157.10009765625,6.30000019073486,-928.500061035156,3.08239221754499,-0.0624981384759005,0.13062559945841,ST
158.2,-0.487486511468887,-0.226696193218231,10.7300863265991,1.82165801525116,-0.868907988071442,0.830797970294952,-1157.10009765625,16.5,-904.500061035156,3.07558517451717,-0.0477791580374859,0.0406083754939256,ST
158.233333333333,-0.278136491775513,-0.130395174026489,11.0213823318481,2.72105383872986,-0.182927995920181,1.60824191570282,-1152.30004882812,9.30000019073486,-918.900024414062,3.07107742636819,-0.0295736901048397,0.0137536704661608,ST
158.266666666667,-0.128002598881721,-0.228490620851517,11.8737363815308,1.52439999580383,-0.564027965068817,1.14329993724823,-1147.5,5.70000028610229,-909.300048828125,3.06854979752953,-0.0138039077244904,0.0159798191177434,ST
158.3,-0.74050098657608,0.756650865077972,9.72161769866943,2.22562384605408,-0.716467976570129,0.884151995182037,-1145.10009765625,16.5,-906.900024414062,3.06365874240212,-0.0629892217156943,-0.0630262550513972,ST
158.333333333333,-0.805698573589325,-0.119628593325615,9.80236721038818,1.40244793891907,2.5076379776001,1.90549993515015,-1159.5,11.1000003814697,-923.700012207031,3.06350055498452,-0.0816376311964838,-0.0051448354103814,ST
158.366666666667,-1.91046869754791,0.219518467783928,10.8293781280518,1.18903195858002,2.30184388160706,1.11281192302704,-1147.5,15.3000001907349,-921.300048828125,3.05954632333434,-0.159017963393729,-0.0190596984984959,ST
158.4,-0.570030272006989,-0.128002598881721,9.45843505859375,-0.800309956073761,-0.175305992364883,0.0685980021953583,-1135.5,7.50000047683716,-918.900024414062,3.06241161526314,-0.0799011591257043,0.0081132919919783,ST
158.433333333333,-2.42546963691711,0.174059599637985,10.6355800628662,-0.335367977619171,0.221037998795509,0.571649968624115,-1147.5,8.10000038146973,-923.700012207031,3.0583754258239,-0.195334690611705,-0.0109660141611931,ST
158.466666666667,-1.31172752380371,-0.671714544296265,11.4998970031738,0.0076219998300075,0.853663980960846,-0.609759986400604,-1142.70007324219,14.7000007629395,-914.100036621094,3.06883674265818,-0.131165978854305,0.0446359192921071,ST
158.5,-0.802707850933075,-0.0376830063760281,6.99588012695312,-1.41006994247437,-1.50915598869324,-2.54574799537659,-1142.70007324219,8.70000076293945,-918.900024414062,3.07105586421497,-0.114615382400675,0.014079724367999,ST
158.533333333333,-1.48997414112091,-0.425877809524536,10.5626068115234,-1.44055795669556,0.274392008781433,-0.282013982534409,-1149.90002441406,6.30000019073486,-914.100036621094,3.07431968768656,-0.136152523641372,0.0380336165948588,ST
158.566666666667,-1.43374872207642,0.259594053030014,6.20872402191162,1.53964400291443,1.53964400291443,0.335367977619171,-1140.30004882812,12.3000001907349,-916.500061035156,3.06283286474034,-0.210713229393765,-0.0276726802052412,ST
158.6,-1.36316788196564,-0.693845868110657,8.76758003234863,1.15092194080353,3.7881338596344,1.31860601902008,-1145.10009765625,12.3000001907349,-930.900024414062,3.07643966924168,-0.170206304427796,0.0569632640929501,ST
158.633333333333,-1.13288283348083,-0.991721034049988,9.52781963348389,-0.0990860015153885,1.02134799957275,-0.335367977619171,-1137.90002441406,8.70000076293945,-916.500061035156,3.0829632120259,-0.129716888113592,0.0945760178267236,ST
158.666666666667,-0.581394970417023,-0.403148353099823,10.5243253707886,-1.95885396003723,-2.19513607025146,-1.265251994133,-1125.90002441406,8.10000038146973,-923.700012207031,3.08090030722123,-0.0670463556575531,0.0524574853346178,ST
158.7,0.562852561473846,-0.254210770130157,9.7060661315918,-2.02745199203491,-3.68142580986023,-0.815553963184357,-1140.30004882812,15.3000001907349,-914.100036621094,3.08213441959028,0.03938939833674,0.0340669868594349,ST
158.733333333333,1.2578946352005,-1.00906717777252,9.28736591339111,-0.335367977619171,-2.080806016922,0.602137982845306,-1145.10009765625,13.5000009536743,-926.100036621094,3.07567054762131,0.118794022546545,0.0945986061167562,ST
158.766666666667,2.5295467376709,-0.0645994395017624,6.55086183547974,-0.0381099991500378,-1.94360995292664,-1.07470202445984,-1152.30004882812,13.5000009536743,-904.500061035156,3.09367283704108,0.329202988177132,0.0249199425104357,ST
158.8,-0.186022460460663,-0.0963010191917419,7.76628828048706,1.89025592803955,1.265251994133,2.0731840133667,-1140.30004882812,9.90000057220459,-918.900024414062,3.09022737182154,0.0384855552420626,0.0123772631345604,ST
158.833333333333,-1.16877138614655,-1.49296486377716,10.8150234222412,0.358233988285065,2.82013988494873,0.83841997385025,-1152.30004882812,12.9000005722046,-928.500061035156,3.09099468715678,-0.0847587914613708,0.114117944925062,ST
158.866666666667,-0.180639177560806,-1.33146619796753,12.6902008056641,-2.29422187805176,-0.967993974685669,-1.86738991737366,-1140.30004882812,4.5,-933.300048828125,3.09459048637506,-0.0259095815390953,0.109722644246986,ST
158.9,-0.680088579654694,-1.08682572841644,8.45235824584961,-0.78506600856781,-2.27897787094116,-2.57623600959778,-1147.5,8.10000038146973,-911.700012207031,3.10101037126913,-0.0668796460455073,0.126144953499048,ST
158.933333333333,-1.01803934574127,-1.30754053592682,12.3002119064331,-0.602137982845306,2.81251788139343,-0.800309956073761,-1142.70007324219,16.5,-911.700012207031,3.10241607447573,-0.0830490517306363,0.110723241962653,ST
158.966666666667,0.260192185640335,-0.48150509595871,8.6742696762085,0.259148001670837,-1.89787793159485,-0.617381989955902,-1140.30004882812,4.5,-938.100036621094,3.1018367006941,0.0098305988656953,0.0662744516573114,ST
159.0,-0.509019672870636,-0.642405569553375,5.94494295120239,1.44055795669556,-1.08232402801514,1.04421401023865,-1135.5,9.90000057220459,-926.100036621094,3.10016811942925,-0.0644218903861559,0.0972044294668998,ST
159.033333333333,-2.900395154953,-0.915158748626709,9.30052471160889,0.960371971130371,4.95429992675781,1.21951997280121,-1140.30004882812,16.5,-926.100036621094,3.09869863053565,-0.259920316790597,0.0964576906814723,ST
159.066666666667,-2.81964588165283,-0.643601834774017,11.1792917251587,0.983237981796265,3.97106194496155,1.21951997280121,-1137.90002441406,14.7000007629395,-926.100036621094,3.08858185972472,-0.254877823375645,0.062670419265573,ST
159.1,-1.39666378498077,-0.899008870124817,11.0991411209106,-0.579271972179413,-2.9192259311676,0.731711983680725,-1137.90002441406,14.1000003814697,-930.900024414062,3.08922639219946,-0.147081498497697,0.0778081922407279,ST
159.133333333333,-3.17494297027588,-0.982748925685883,12.0316457748413,0.190549999475479,-3.16313004493713,0.739333987236023,-1133.10009765625,7.50000047683716,-916.500061035156,3.08751958169308,-0.230641122793435,0.080205867367813,ST
159.166666666667,-0.945664048194885,-0.374437510967255,9.30889892578125,0.236281991004944,-0.792688012123108,-0.0838419944047928,-1123.5,12.9000005722046,-911.700012207031,3.08193799025867,-0.126230934859468,0.0478406071803007,ST
159.2,0.399559497833252,-0.265575468540192,8.3518705368042,-0.0152439996600151,-2.29422187805176,0.205793991684914,-1137.90002441406,15.3000001907349,-930.900024414062,3.08053538772259,0.0157409569977531,0.0350545410868171,ST
159.233333333333,0.0317015759646893,-0.559263706207275,7.46003913879395,-0.647870004177094,-2.99544596672058,0.937505960464478,-1149.90002441406,14.1000003814697,-933.300048828125,3.077446804246,0.0105045795010152,0.0686760151339864,ST
159.266666666667,-0.851157426834106,-0.151330173015594,7.73219442367554,0.350611984729767,1.04421401023865,1.35671591758728,-1157.10009765625,16.5,-923.700012207031,3.07267209020434,-0.0897155997608082,0.0278226695502858,ST
159.3,-0.688462555408478,-0.525767683982849,10.4489593505859,0.983237981796265,0.411587983369827,0.990859985351562,-1147.5,20.1000003814697,-930.900024414062,3.07184546818251,-0.0706452925692463,0.044756851075177,ST
159.333333333333,0.381615221500397,-1.05273163318634,11.4233341217041,0.167683988809586,-3.20886182785034,1.19665396213531,-1145.10009765625,14.7000007629395,-933.300048828125,3.06953851947025,0.0179020094999515,0.0826931331800721,ST
159.366666666667,1.27165198326111,-0.100488021969795,9.19764423370361,-0.282013982534409,-5.25918006896973,-0.99848198890686,-1149.90002441406,17.1000003814697,-921.300048828125,3.07515692819491,0.120676008406066,0.0258744541406303,ST
159.4,0.164489313960075,0.0759641602635384,9.99078178405762,0.746955990791321,-1.41769194602966,1.41769194602966,-1159.5,16.5,-926.100036621094,3.07393780242963,0.0394650191830273,-0.0017817638355481,ST
159.433333333333,1.46425402164459,-0.242846041917801,7.2267632484436,0.25152599811554,0.556405961513519,0.693601965904236,-1159.5,11.1000003814697,-923.700012207031,3.06919374115277,0.170254655247733,0.0268889841643603,ST
159.466666666667,-0.337352633476257,-0.24882747232914,10.0577735900879,0.358233988285065,1.08232402801514,1.05945801734924,-1152.30004882812,12.3000001907349,-914.100036621094,3.06679577538005,0.0015036851132948,0.0247207173820336,ST
159.5,-1.27942776679993,-0.320604622364044,11.8755302429199,0.327746003866196,-0.121951997280121,1.18140995502472,-1149.90002441406,18.3000011444092,-911.700012207031,3.06399368582649,-0.0876969874004859,0.0260210105115756,ST
159.533333333333,-0.971982300281525,-0.270958751440048,11.0728225708008,1.02134799957275,0.457319974899292,1.32622802257538,-1166.70007324219,11.1000003814697,-916.500061035156,3.06075762267224,-0.0882615150756582,0.0231125101812218,ST
159.566666666667,0.318212062120438,0.009570287540555,9.66120529174805,0.0152439996600151,-0.121951997280121,-0.426831990480423,-1140.30004882812,12.3000001907349,-909.300048828125,3.06103576345412,0.0114203136924087,0.0033097767160032,ST
159.6,0.875681281089783,0.154320880770683,8.06655597686768,-0.213415995240211,-1.02897000312805,-0.952749967575073,-1157.10009765625,15.3000001907349,-921.300048828125,3.06434707563924,0.0922930430036256,-0.0148754218773685,ST
159.633333333333,-0.114245310425758,0.195592746138573,8.75920581817627,0.198172003030777,0.701223969459534,-1.49391198158264,-1147.5,14.7000007629395,-928.500061035156,3.0680459261297,0.0072068099427651,-0.0211861313087875,ST
159.666666666667,-0.753660142421722,-0.07656230032444,10.5494480133057,0.442075997591019,1.49391198158264,-1.19665396213531,-1152.30004882812,9.30000019073486,-914.100036621094,3.07135017220857,-0.0575750827777861,0.000942471099583,ST
159.7,-0.881064593791962,0.128600731492043,10.5931119918823,0.480185985565186,1.07470202445984,-0.754577994346619,-1154.70007324219,8.10000038146973,-916.500061035156,3.07239396601781,-0.0793620332233884,-0.0100941299391453,ST
159.733333333333,-0.604124426841736,-0.341539651155472,10.7091522216797,-0.137196004390717,1.20427596569061,-1.46342396736145,-1169.10009765625,12.3000001907349,-921.300048828125,3.07815499508078,-0.0626347373233078,0.0237654974358164,ST
159.766666666667,-0.956430613994598,-0.305052906274796,10.2754983901978,-0.503051996231079,1.61586391925812,-2.13416004180908,-1137.90002441406,14.7000007629395,-906.900024414062,3.08365238315802,-0.0892529334991136,0.0295125568844839,ST
159.8,-0.639414846897125,-0.218322187662125,9.06964206695557,-0.67835795879364,1.6615959405899,-3.11739802360535,-1140.30004882812,12.3000001907349,-921.300048828125,3.09117059681471,-0.0758217883568156,0.0263342402782683,ST
159.833333333333,-1.11792922019958,-0.33137121796608,8.32854270935059,-0.106707997620106,1.71494996547699,-2.35519790649414,-1142.70007324219,14.1000003814697,-916.500061035156,3.0985351991997,-0.12666528860369,0.0381877512624393,ST
159.866666666667,-0.771006286144257,-0.87687760591507,9.30531024932861,-0.632625997066498,1.37195992469788,-2.59910202026367,-1145.10009765625,8.10000038146973,-930.900024414062,3.10953314652756,-0.092948291963196,0.0840356470585761,ST
159.9,-0.0,-0.78775429725647,9.52542686462402,-1.27287399768829,-0.853663980960846,-2.90398192405701,-1128.30004882812,11.7000007629395,-923.700012207031,3.11609587095114,-0.0161108153828598,0.0847892855309523,ST
159.933333333333,0.646592557430267,-0.830222427845001,8.75621509552002,-0.78506600856781,-2.18751406669617,-2.75916385650635,-1147.5,8.10000038146973,-918.900024414062,3.12183100888367,0.0587082822025114,0.0935619529881961,ST
159.966666666667,1.43075799942017,-0.762034118175507,7.19506168365479,-0.0914639979600906,-1.58537602424622,-2.58385801315308,-1135.5,14.1000003814697,-918.900024414062,3.12634316029566,0.170195804395565,0.102789952252124,ST
160.0,0.778183996677399,-1.00727272033691,9.27540302276611,0.0076219998300075,-0.815553963184357,-0.800309956073761,-1145.10009765625,16.5,-933.300048828125,3.12752559743642,0.099127986748954,0.107153644956446,ST
160.033333333333,-0.425877809524536,-1.58926582336426,11.0345411300659,-0.129574000835419,0.167683988809586,-0.685979962348938,-1137.90002441406,13.5000009536743,-928.500061035156,3.127980964913,-0.013692949914966,0.136836354848919,ST
160.066666666667,-0.788352429866791,-1.24174475669861,11.0979442596436,-0.221037998795509,0.564027965068817,-1.50153398513794,-1159.5,16.5,-933.300048828125,3.13082871199644,-0.0595560543544325,0.116970798824416,ST
160.1,-1.69513714313507,-1.47083353996277,11.5190372467041,0.548784017562866,1.49391198158264,-0.83841997385025,-1142.70007324219,8.70000076293945,-928.500061035156,3.13396649180117,-0.129648226533586,0.124359466797781,ST
160.133333333333,-1.45767438411713,-1.09340536594391,9.42134952545166,0.396344006061554,2.10367202758789,-1.29574000835419,-1128.30004882812,14.1000003814697,-933.300048828125,3.13658977675222,-0.150587713888237,0.11707836173369,ST
160.166666666667,-1.84108412265778,-0.722556710243225,8.7340841293335,0.320124000310898,1.42531394958496,0.0457319989800453,-1133.10009765625,13.5000009536743,-926.100036621094,3.13190035323153,-0.199672056526745,0.08795907306899,ST
160.2,-1.82971930503845,-1.25310957431793,9.64146614074707,0.243903994560242,1.93598794937134,0.472563982009888,-1128.30004882812,12.9000005722046,-933.300048828125,3.13773562876214,-0.191556879247667,0.120539084451634,ST
160.233333333333,-1.45169293880463,-1.01325416564941,9.13125038146973,0.243903994560242,1.17378795146942,0.175305992364883,-1128.30004882812,14.1000003814697,-938.100036621094,3.13626459855739,-0.165391517956617,0.112175970128403,ST
160.266666666667,-1.48279643058777,-1.06110560894012,9.0253791809082,0.754577994346619,0.739333987236023,0.289635986089706,-1123.5,8.70000076293945,-921.300048828125,3.13654073050791,-0.16354818152207,0.114955677608269,ST
160.3,-0.931308627128601,-0.723154842853546,9.39802265167236,1.00610399246216,-0.3125019967556,0.282013982534409,-1130.70007324219,10.5,-935.700012207031,3.13176794452993,-0.111221907807388,0.0829885286841234,ST
160.333333333333,-0.375035643577576,-0.641807436943054,9.63309288024902,0.92988395690918,-2.36281991004944,0.46494197845459,-1118.70007324219,14.7000007629395,-933.300048828125,3.12919477577867,-0.0484298160564896,0.0680674917087408,ST
160.366666666667,0.579600512981415,-0.350511789321899,8.47389125823975,0.731711983680725,-3.07166600227356,0.67835795879364,-1113.90002441406,11.1000003814697,-938.100036621094,3.1271059110521,0.0530247040886423,0.0448179672454467,ST
160.4,-0.407335370779037,-0.160900458693504,8.64974594116211,1.51677799224854,-0.830797970294952,1.53202199935913,-1116.30004882812,10.5,-938.100036621094,3.12377909626489,-0.0257601330151201,0.0217931634657158,ST
160.433333333333,-0.161498606204987,-0.632237136363983,10.0697364807129,0.282013982534409,-0.0533539988100529,1.47104597091675,-1137.90002441406,11.7000007629395,-921.300048828125,3.12110752935828,-0.0179871413751915,0.054023209852731,ST
160.466666666667,0.581394970417023,-0.467149674892426,9.27301025390625,-0.655492007732391,-2.11129403114319,0.228659987449646,-1128.30004882812,14.1000003814697,-916.500061035156,3.12033776794528,0.0511540979733326,0.0519561847688815,ST
160.5,0.1214230209589,-0.765622973442078,8.69101715087891,-0.472563982009888,-1.45580196380615,0.0609759986400604,-1123.5,11.1000003814697,-923.700012207031,3.11892104902397,0.0234464772539178,0.0813027940047101,ST
160.533333333333,-1.1035737991333,-0.961813926696777,10.5823450088501,-0.426831990480423,1.04421401023865,-0.0228659994900227,-1128.30004882812,12.3000001907349,-914.100036621094,3.11937537422752,-0.0792910322515319,0.0893736045224371,ST
160.566666666667,-1.09220910072327,-0.577207982540131,10.9059410095215,0.487807989120483,0.37347799539566,0.3125019967556,-1130.70007324219,12.3000001907349,-918.900024414062,3.11620791437966,-0.0961302624233507,0.0595294180476975,ST
160.6,-0.30923992395401,-0.556871116161346,8.63120269775391,0.602137982845306,-1.05945801734924,0.480185985565186,-1130.70007324219,9.90000057220459,-926.100036621094,3.11520549364837,-0.0450517275019699,0.0626496037395575,ST
160.633333333333,-1.38649535179138,-0.351708054542542,9.5391845703125,1.02134799957275,-0.0152439996600151,0.922261953353882,-1135.5,11.1000003814697,-933.300048828125,3.11141559756513,-0.124271162573412,0.0405667484485489,ST
160.666666666667,-0.726743698120117,-0.330773055553436,11.087776184082,0.403965979814529,-0.899396002292633,-0.243903994560242,-1118.70007324219,11.7000007629395,-909.300048828125,3.11108103534802,-0.0760229713537992,0.0314475053758084,ST
160.7,-0.856540739536285,0.109460160136223,9.92498588562012,0.685979962348938,-1.83690190315247,0.121951997280121,-1140.30004882812,11.1000003814697,-928.500061035156,3.10812076625482,-0.0815109139166223,-0.0034296059893093,ST
160.733333333333,-0.858933329582214,0.226696193218231,8.97932243347168,0.67835795879364,-0.304879993200302,0.121951997280121,-1125.90002441406,9.90000057220459,-930.900024414062,3.10639199046573,-0.0921264891393435,-0.021800545396051,ST
160.766666666667,-0.831418752670288,0.202172324061394,8.22685813903809,0.655492007732391,0.983237981796265,-0.0152439996600151,-1123.5,13.5000009536743,-923.700012207031,3.1062190160512,-0.100334211669459,-0.0249262254274098,ST
160.8,-0.741697311401367,-0.0197387188673019,9.02478122711182,0.25152599811554,0.868907988071442,-0.274392008781433,-1137.90002441406,10.5,-930.900024414062,3.10886907102846,-0.0869170975956858,-0.0035850689926316,ST
160.833333333333,-0.254210770130157,-0.222509190440178,9.98719310760498,-0.449698001146317,-0.541162014007568,-1.59299790859222,-1133.10009765625,14.7000007629395,-916.500061035156,3.11414482925601,-0.0349547160831561,0.0187214788802942,ST
160.866666666667,-0.632835268974304,-0.367857933044434,9.89448070526123,-0.0762199983000755,-0.137196004390717,-1.30336201190948,-1128.30004882812,5.70000028610229,-928.500061035156,3.11792157576629,-0.0581029701635188,0.033856332699496,ST
160.9,-0.753660142421722,-1.05213344097137,10.4202489852905,-0.724089980125427,1.02134799957275,-0.807931959629059,-1137.90002441406,9.30000019073486,-938.100036621094,3.12342145120876,-0.0706168772036492,0.0890478110041129,ST
160.933333333333,-0.0873288735747337,-0.997104346752167,9.77066516876221,-1.74543797969818,-0.137196004390717,-1.37958192825317,-1121.10009765625,12.3000001907349,-933.300048828125,3.12694456175483,-0.0209629463221597,0.101665868316422,ST
160.966666666667,0.593357801437378,-1.08144247531891,8.417067527771,-2.23324584960938,-0.487807989120483,-1.29574000835419,-1121.10009765625,7.50000047683716,-945.300048828125,3.12978813264958,0.0564184682608371,0.126900718153153,ST
161.0,-0.938486337661743,-0.666929423809052,8.54686450958252,-0.388722002506256,0.967993974685669,0.243903994560242,-1123.5,15.9000005722046,-923.700012207031,3.12900742024911,-0.0789222533200892,0.087879173072138,ST
161.033333333333,-1.47083353996277,-1.3218959569931,9.12885761260986,0.327746003866196,2.53812599182129,1.22714197635651,-1137.90002441406,7.50000047683716,-938.100036621094,3.13186409534875,-0.145883284204254,0.131826318241281,ST
161.066666666667,-0.995309889316559,-1.09998488426208,10.6810388565063,-0.480185985565186,0.365855991840363,-0.0304879993200302,-1128.30004882812,6.90000009536743,-938.100036621094,3.12897981464632,-0.101932318898228,0.108211890671001,ST
161.1,-0.675901532173157,-0.623264968395233,10.2713108062744,-0.25152599811554,-2.58385801315308,0.175305992364883,-1123.5,12.3000001907349,-928.500061035156,3.12470669465657,-0.0688835668484437,0.0699365301410266,ST
161.133333333333,-0.129198879003525,-0.241051614284515,9.50568771362305,-0.198172003030777,-2.0655620098114,0.335367977619171,-1133.10009765625,11.7000007629395,-926.100036621094,3.12206142996091,-0.0218895619214427,0.0345842756098889,ST
161.166666666667,0.137572884559631,-0.0376830063760281,9.47757530212402,0.426831990480423,-0.87652999162674,1.04421401023865,-1140.30004882812,8.10000038146973,-933.300048828125,3.11944906941442,0.008370607094785,0.0095472594576722,ST
161.2,0.363670915365219,-0.273351341485977,10.254563331604,-0.0381099991500378,-0.259148001670837,0.952749967575073,-1128.30004882812,8.10000038146973,-928.500061035156,3.11669015013345,0.0315269595475648,0.024043708341523,TR
161.233333333333,1.35479378700256,0.0047851437702775,8.72630786895752,-1.47866797447205,-2.00458598136902,-0.945127964019775,-1128.30004882812,14.7000007629395,-928.500061035156,3.12084405685788,0.136356543326143,0.0056609584057658,TR
161.266666666667,0.1722651720047,0.296080768108368,8.82619762420654,-0.198172003030777,0.274392008781433,-0.525918006896973,-1128.30004882812,11.1000003814697,-938.100036621094,3.12498116378765,0.0400197307934998,-0.0263458824786882,TR
161.3,-0.814072608947754,-0.1722651720047,10.0003519058228,0.609759986400604,2.98020195960999,-0.480185985565186,-1130.70007324219,13.5000009536743,-933.300048828125,3.12645748682732,-0.0623761765909486,0.0080609609891916,TR
161.333333333333,-1.01265609264374,-0.126208171248436,9.73058986663818,-0.289635986089706,1.97409796714783,-1.49391198158264,-1140.30004882812,15.9000005722046,-926.100036621094,3.13046307717081,-0.0991177697050199,0.0126944417751891,TR
161.366666666667,-1.28899812698364,-0.0041870009154081,9.52363204956055,-1.46342396736145,0.472563982009888,-1.95123195648193,-1121.10009765625,5.10000038146973,-942.900024414062,3.13371823711887,-0.128031837404717,0.0052823864416272,TR
161.4,-1.72384798526764,-0.598741114139557,11.1368236541748,-1.76068198680878,0.579271972179413,-1.89787793159485,-1133.10009765625,11.7000007629395,-926.100036621094,-3.1399344348518,-0.148998494153452,0.0467536681455142,TR
161.433333333333,-0.786558032035828,-0.642405569553375,10.0380353927612,-1.72257196903229,0.579271972179413,-2.40092992782593,-1123.5,12.3000001907349,-923.700012207031,-3.13286838168213,-0.0929677370449039,0.0632613183889451,TR
161.466666666667,-0.13099330663681,-0.233873903751373,9.00444412231445,-0.960371971130371,-0.259148001670837,-2.78965187072754,-1125.90002441406,13.5000009536743,-923.700012207031,-3.12836253833672,-0.0298302389225919,0.0350150658795679,TR
161.5,1.5503865480423,-0.204564899206161,8.87345123291016,-0.449698001146317,-0.663114011287689,-4.03203773498535,-1113.90002441406,17.1000003814697,-945.300048828125,-3.11798169527104,0.137620994148965,0.0254543253127259,TR
161.533333333333,1.62276184558868,0.464158952236176,8.90874099731445,1.42531394958496,-0.495429992675781,-4.92381191253662,-1121.10009765625,15.9000005722046,-940.500061035156,-3.09725298369871,0.172073093825652,-0.0394223674612502,TR
161.566666666667,1.59464919567108,0.0855344459414482,7.09756469726562,1.6768399477005,1.04421401023865,-5.49546194076538,-1123.5,16.5,-940.500061035156,-3.08902967663407,0.209478553413964,-0.0214789021322207,TR
161.6,-0.200377896428108,0.0675901547074318,10.4561376571655,0.480185985565186,3.13264203071594,-7.85828161239624,-1130.70007324219,9.90000057220459,-933.300048828125,-3.07250043446928,0.0227302205621052,-0.0111570179564895,TR
161.633333333333,-1.12989211082458,0.992319166660309,10.7875080108643,0.67835795879364,2.0579400062561,-7.16468000411987,-1128.30004882812,15.3000001907349,-926.100036621094,-3.05682204098101,-0.0861841451749308,-0.0785899767220743,TR
161.666666666667,-1.6263507604599,0.510814070701599,11.9162044525146,0.914639949798584,3.10977602005005,-4.83997011184692,-1111.5,-0.900000035762787,-914.100036621094,-3.0421955628269,-0.131593902446141,-0.0497946266344928,TR
161.7,-1.41939330101013,1.23755776882172,12.5747594833374,1.47866797447205,2.33995389938354,-5.57168197631836,-1111.5,9.30000019073486,-921.300048828125,-3.03409791909081,-0.119529582697327,-0.0901010087667121,TR
161.733333333333,0.562852561473846,0.96659904718399,8.34529113769531,0.335367977619171,0.342989981174469,-5.8536958694458,-1101.90002441406,13.5000009536743,-921.300048828125,-3.02042984743775,0.0340523780996807,-0.111459315321143,TR
161.766666666667,-0.499449372291565,0.896018147468567,10.5261201858521,-0.579271972179413,1.58537602424622,-5.38875389099121,-1101.90002441406,9.90000057220459,-914.100036621094,-3.00732094741574,-0.0366431566751026,-0.0884570864126742,TR
161.8,0.534739792346954,0.117236025631428,8.79868316650391,-1.28811800479889,0.129574000835419,-5.0152759552002,-1101.90002441406,4.5,-935.700012207031,-2.99591560199788,0.0405293371834163,-0.0268177770980186,TR
161.833333333333,0.461168229579926,-0.470738530158997,9.20781326293945,-1.30336201190948,0.503051996231079,-5.04576396942139,-1094.70007324219,8.70000076293945,-921.300048828125,-2.9863376065055,0.0477058422486119,0.0386996464205125,TR
161.866666666667,-0.750669419765472,0.453392386436462,9.97463226318359,0.335367977619171,1.97409796714783,-5.54119396209717,-1089.90002441406,12.9000005722046,-923.700012207031,-2.97371667776591,-0.053026380778497,-0.02872543980782,TR
161.9,-1.12570512294769,-0.528160214424133,10.2300395965576,0.182927995920181,2.5152599811554,-4.34454011917114,-1094.70007324219,2.70000004768372,-914.100036621094,-2.95871189178467,-0.101557368030074,0.0355752805607169,TR
161.933333333333,-1.58627510070801,-0.142358019948006,10.768367767334,-0.403965979814529,2.56099200248718,-5.80796384811401,-1092.30004882812,6.90000009536743,-916.500061035156,-2.94697082941118,-0.141187039547826,0.0191154205958924,TR
161.966666666667,-2.38599228858948,-0.136974737048149,11.047700881958,0.282013982534409,2.82013988494873,-4.19210004806519,-1082.70007324219,6.90000009536743,-921.300048828125,-2.93802690143327,-0.202109371265829,0.0144523634249894,TR
162.0,-2.23406410217285,0.269762486219406,10.7510213851929,0.3125019967556,2.56099200248718,-3.92532992362976,-1082.70007324219,2.10000014305115,-938.100036621094,-2.93531522129921,-0.207903776939218,-0.016419945237613,TR
162.033333333333,-2.07794857025146,0.182433605194092,10.027268409729,-0.0838419944047928,1.32622802257538,-3.38416790962219,-1073.10009765625,7.50000047683716,-914.100036621094,-2.92784006818706,-0.206955990692229,-0.0167333153935394,TR
162.066666666667,-0.37025049328804,0.195592746138573,9.90464973449707,0.106707997620106,-0.823175966739655,-3.97868394851685,-1068.30004882812,9.90000057220459,-914.100036621094,-2.91896130415173,-0.0706234833283064,-0.0186200053005135,TR
162.1,0.872690618038177,0.0933103039860725,9.15577411651611,0.381099998950958,-3.08691000938416,-3.07166600227356,-1063.5,1.5,-914.100036621094,-2.91175174364591,0.065754719568749,-0.012508018637748,TR
162.133333333333,1.24712812900543,0.421092659235001,7.82789707183838,0.87652999162674,-2.21037983894348,-2.33233189582825,-1075.5,6.90000009536743,-918.900024414062,-2.90288548153234,0.14218262380979,-0.0469623103916165,TR
162.166666666667,-0.137572884559631,0.328978627920151,9.87234973907471,0.762199997901917,1.51677799224854,-1.6844619512558,-1080.30004882812,9.30000019073486,-904.500061035156,-2.90007156943543,0.0154308516230664,-0.0372794378311371,TR
162.2,-1.00966536998749,0.423485219478607,11.2157793045044,1.05945801734924,2.23324584960938,-1.98171997070312,-1075.5,2.10000014305115,-916.500061035156,-2.89528049333966,-0.0754006523978602,-0.0390896970542386,TR
162.233333333333,-1.78366231918335,0.230285048484802,11.4460639953613,0.807931959629059,1.76068198680878,-2.30184388160706,-1058.70007324219,5.70000028610229,-921.300048828125,-2.88838305107171,-0.141149153291221,-0.0247367557299,TR
162.266666666667,-1.81596207618713,0.629844546318054,10.9071369171143,1.14329993724823,1.83690190315247,-2.26373386383057,-1068.30004882812,3.90000009536743,-926.100036621094,-2.88673598200043,-0.163855544617058,-0.0536540758893059,TR
162.3,-2.00976037979126,0.798520863056183,10.5877285003662,2.080806016922,2.41617393493652,-1.6844619512558,-1063.5,-0.900000035762787,-926.100036621094,-2.88579968355766,-0.186236968830284,-0.0737204945879469,TR
162.333333333333,-1.88953363895416,1.26567053794861,9.8316764831543,2.0579400062561,2.33233189582825,-1.88263392448425,-1056.30004882812,3.90000009536743,-914.100036621094,-2.88977630799237,-0.191478976299339,-0.119518416962012,TR
162.366666666667,-1.17654716968536,1.07067596912384,9.26523494720459,1.32622802257538,1.28049600124359,-2.08842802047729,-1063.5,11.1000003814697,-935.700012207031,-2.88439547568413,-0.140159555861926,-0.117332765302399,TR
162.4,-0.443822085857391,1.39965450763702,9.43869590759277,0.632625997066498,-0.868907988071442,-3.02593398094177,-1053.90002441406,2.70000004768372,-926.100036621094,-2.87960809854138,-0.0647552858222071,-0.141727759782833,TR
162.433333333333,-0.318810194730759,1.18970632553101,9.16594314575195,1.2500079870224,-0.594515979290009,-2.9116039276123,-1051.5,-0.900000035762787,-926.100036621094,-2.87218394263358,-0.0403104661222976,-0.133160872648569,TR
162.466666666667,0.451597929000854,1.20944511890411,9.59002590179443,0.594515979290009,-0.746955990791321,-3.39941191673279,-1044.30004882812,5.10000038146973,-926.100036621094,-2.86415735738695,0.0295582118746677,-0.127874757573759,TR
162.5,0.0586180128157139,1.18731379508972,10.1151962280273,0.579271972179413,-0.868907988071442,-3.47563195228577,-1061.10009765625,3.30000019073486,-928.500061035156,-2.85590683283884,0.0108883506465528,-0.119844902608681,TR
162.533333333333,-0.77579140663147,1.2357634305954,10.9430255889893,0.617381989955902,0.487807989120483,-4.00917196273804,-1061.10009765625,0.900000035762787,-923.700012207031,-2.84671547235166,-0.0552817030716262,-0.114652132837304,TR
162.566666666667,-0.662742435932159,0.651975810527802,12.2206592559814,-0.533540010452271,0.731711983680725,-4.32167387008667,-1056.30004882812,3.90000009536743,-916.500061035156,-2.83425215667559,-0.0558755526591442,-0.0645884296081577,TR
162.6,0.267369896173477,0.854148149490356,9.66359806060791,-0.792688012123108,-0.556405961513519,-4.68753004074097,-1056.30004882812,6.90000009536743,-928.500061035156,-2.82382508955363,0.0110040882371471,-0.0822234930356679,TR
162.633333333333,-0.491075366735458,0.887046039104462,8.89797496795654,0.205793991684914,0.716467976570129,-4.48935794830322,-1053.90002441406,3.30000019073486,-935.700012207031,-2.81388032097772,-0.0431488197296938,-0.0960541634686732,TR
162.666666666667,-1.00787091255188,0.28411790728569,10.6714687347412,0.945127964019775,2.99544596672058,-4.57319974899292,-1046.70007324219,-0.900000035762787,-954.900024414062,-2.80013351259049,-0.0884544475383738,-0.0415398299791209,TR
162.7,-0.430064797401428,1.00667464733124,9.98779106140137,0.83841997385025,0.274392008781433,-5.24393606185913,-1041.90002441406,5.10000038146973,-928.500061035156,-2.79072388168321,-0.0519330527564788,-0.0906794694717425,TR
162.733333333333,0.0957028716802597,0.897214472293854,9.92438793182373,0.556405961513519,-0.861285984516144,-5.32015609741211,-1041.90002441406,4.5,-926.100036621094,-2.77755893373109,-0.0008431719190897,-0.0909121039403347,TR
162.766666666667,0.309838056564331,1.02043187618256,11.4610176086426,0.564027965068817,-1.13567793369293,-5.0000319480896,-1029.90002441406,6.90000009536743,-928.500061035156,-2.76587046573481,0.0222758140064369,-0.0901113397096336,TR
162.8,-0.0311034340411425,0.602329969406128,12.8983554840088,1.29574000835419,-0.586893975734711,-4.87045812606812,-1034.70007324219,-0.900000035762787,-935.700012207031,-2.7543499582551,0.0023603217347324,-0.0563405437920565,TR
162.833333333333,0.877475738525391,0.97557121515274,8.95599460601807,0.701223969459534,-0.731711983680725,-6.31101608276367,-1037.10009765625,0.900000035762787,-940.500061035156,-2.73805167993407,0.0782692892317903,-0.0993698708677005,TR
162.866666666667,0.0837400183081627,0.224901750683784,10.9208946228027,-0.381099998950958,0.266770005226135,-4.85521411895752,-1032.30004882812,6.90000009536743,-921.300048828125,-2.72908146541244,0.0187533534632272,-0.0335185167282262,TR
162.9,0.592759668827057,0.0903195887804031,8.80047798156738,-0.289635986089706,1.92074394226074,-5.33540010452271,-1025.10009765625,3.90000009536743,-930.900024414062,-2.71685145324414,0.0556832521254647,-0.0143335990721843,TR
162.933333333333,-1.10477006435394,-0.265575468540192,11.0698318481445,1.02134799957275,4.53508996963501,-4.93905591964722,-1027.5,2.10000014305115,-918.900024414062,-2.7051653375615,-0.0743845469325274,0.0149651334405104,TR
162.966666666667,-1.66283750534058,-0.381615221500397,11.8755302429199,0.87652999162674,3.61282801628113,-5.34302186965942,-1013.10003662109,-2.10000014305115,-911.700012207031,-2.69116585220548,-0.130879416551731,0.0282650709733232,TR
163.0,-1.275838971138,-0.0023925718851387,9.99556732177734,1.31098401546478,1.15854394435883,-4.2302098274231,-1017.90002441406,8.70000076293945,-923.700012207031,-2.68410653351652,-0.129288978592706,0.0048263489235242,TR
163.033333333333,-0.154320880770683,0.080151155591011,9.44647216796875,-0.0762199983000755,-0.137196004390717,-4.31405210494995,-1010.70001220703,-3.90000009536743,-928.500061035156,-2.67506587828937,-0.0389453498191552,-0.0052718377903741,TR
163.066666666667,0.597544848918915,0.450401663780212,8.13594055175781,0.533540010452271,-1.43293595314026,-2.98020195960999,-1013.10003662109,7.50000047683716,-916.500061035156,-2.66784704501755,0.0524298300797629,-0.046007985597671,TR
163.1,0.388792932033539,0.584983825683594,8.08569622039795,2.01982998847961,0.640248000621796,-2.21037983894348,-1013.10003662109,-2.70000004768372,-921.300048828125,-2.66188994440863,0.0477536007337071,-0.0699059478221524,TR
163.133333333333,-0.453990519046783,0.413914948701859,8.58155727386475,2.97257995605469,2.77440786361694,-1.6692179441452,-1005.90002441406,2.70000004768372,-909.300048828125,-2.65857097885985,-0.0365133192551247,-0.0567270583062865,TR
163.166666666667,-1.61259341239929,0.289501190185547,11.9867849349976,2.99544596672058,3.51374197006226,-2.02745199203491,-998.700012207031,8.70000076293945,-930.900024414062,-2.6520385436782,-0.119114170292312,-0.0347261774955099,TR
163.2,-1.50313329696655,0.556272983551025,10.6182336807251,2.53050398826599,1.60824191570282,-2.19513607025146,-1001.10003662109,0.900000035762787,-914.100036621094,-2.64864596732742,-0.138521970698079,-0.051922672874674,TR
163.233333333333,-2.1269965171814,0.510215938091278,12.5855264663696,2.0579400062561,1.76068198680878,-2.17989206314087,-993.900024414062,-6.90000009536743,-928.500061035156,-2.6417902098337,-0.164826256886921,-0.0450425614336363,TR
163.266666666667,-1.11194777488708,0.797922730445862,10.828182220459,1.96647596359253,1.2576299905777,-2.02745199203491,-984.300048828125,-1.5,-930.900024414062,-2.64023469514391,-0.116643808394428,-0.0702217408558771,TR
163.3,0.544310092926025,0.896018147468567,8.69580268859863,0.807931959629059,-0.685979962348938,-2.69818782806396,-986.700012207031,1.5,-916.500061035156,-2.63504252078045,0.0265862392196778,-0.0971891660712387,TR
163.333333333333,1.55397546291351,1.32428848743439,7.5072922706604,0.830797970294952,-2.46952795982361,-2.40855193138123,-996.300048828125,0.900000035762787,-928.500061035156,-2.62285487476514,0.168711371325713,-0.160323510656826,TR
163.366666666667,1.19568777084351,1.27284824848175,6.91513109207153,0.990859985351562,-1.73781597614288,-2.15702605247498,-1001.10003662109,7.50000047683716,-926.100036621094,-2.61448692497462,0.17037030610939,-0.179618619877516,TR
163.4,-0.522776961326599,0.908579170703888,10.1086158752441,1.37958192825317,1.80641400814056,-2.14178204536438,-981.900024414062,-2.10000014305115,-914.100036621094,-2.61610965991084,-0.0093560932769536,-0.110001838980464,TR
163.433333333333,-0.974374890327454,0.51440292596817,11.3372020721436,1.97409796714783,1.84452390670776,-2.32470989227295,-977.100036621094,-4.5,-914.100036621094,-2.60893292315375,-0.0731102764802186,-0.0610425037936135,TR
163.466666666667,-1.16817319393158,0.566441416740417,12.2804737091064,1.2500079870224,0.99848198890686,-3.10977602005005,-989.100036621094,-7.50000047683716,-921.300048828125,-2.60082158651033,-0.092009737548461,-0.0504886762435043,TR
163.5,-1.07904994487762,0.879270195960999,12.1991262435913,1.20427596569061,-0.92988395690918,-3.40703392028809,-984.300048828125,-2.70000004768372,-911.700012207031,-2.59361403785523,-0.0876369135602063,-0.0696540765577718,TR
163.533333333333,-0.757248997688293,0.805100440979004,10.5709810256958,0.914639949798584,-0.228659987449646,-3.95581793785095,-986.700012207031,-6.30000019073486,-930.900024414062,-2.58454866113847,-0.0744921151582965,-0.0756589368215936,TR
163.566666666667,0.564048826694489,0.916953146457672,8.2920560836792,-0.236281991004944,-0.182927995920181,-4.57319974899292,-984.300048828125,-11.7000007629395,-923.700012207031,-2.57451334227756,0.0384670281239527,-0.10284596352685,TR
163.6,0.73451954126358,0.831418752670288,7.26923131942749,-0.0304879993200302,-0.266770005226135,-4.6341757774353,-972.300048828125,0.900000035762787,-918.900024414062,-2.56326468374457,0.0873116933351162,-0.112064606322338,TR
163.633333333333,0.810483753681183,0.543113827705383,7.5850510597229,-0.304879993200302,0.152439996600151,-4.34454011917114,-977.100036621094,-0.900000035762787,-909.300048828125,-2.55584289379077,0.102047975023863,-0.0789010068877544,TR
163.666666666667,-0.001794428913854,0.0400755777955055,10.1498880386353,0.144817993044853,0.655492007732391,-3.92532992362976,-965.100036621094,2.70000004768372,-914.100036621094,-2.55052679762959,0.0193330831799779,-0.0195046286493703,TR
163.7,-0.532945394515991,-0.404344648122787,11.816912651062,0.365855991840363,0.868907988071442,-4.26069784164429,-967.500061035156,3.90000009536743,-921.300048828125,-2.54040171489839,-0.0332373944549015,0.022941339283033,TR
163.733333333333,-0.119628593325615,-0.372044920921326,12.5598058700562,-0.342989981174469,0.0457319989800453,-4.60368776321411,-965.100036621094,-4.5,-906.900024414062,-2.52967308319955,-0.0141884123313003,0.0288836624626715,TR
163.766666666667,0.419298231601715,-0.251818180084229,10.3885469436646,-0.289635986089706,-1.27287399768829,-3.7881338596344,-972.300048828125,5.10000038146973,-911.700012207031,-2.52099081917628,0.0312596988429662,0.0255000505391125,TR
163.8,0.310436189174652,-0.604124426841736,9.28138446807861,-0.182927995920181,1.22714197635651,-3.46800994873047,-974.700012207031,0.300000011920929,-911.700012207031,-2.51387152242638,0.0314577595567274,0.0571412511743834,TR
163.833333333333,-0.21712589263916,-0.668723821640015,10.7079553604126,-0.579271972179413,2.71343183517456,-3.44514393806458,-969.900024414062,8.10000038146973,-928.500061035156,-2.50560706172785,-0.0133051151703499,0.0621130228114935,TR
163.866666666667,-0.0556272976100445,-0.531150937080383,7.65264129638672,-0.137196004390717,1.98934197425842,-3.03355598449707,-974.700012207031,2.10000014305115,-918.900024414062,-2.49826466548833,-0.0109589094121452,0.0680928252718056,TR
163.9,-1.24413740634918,-0.21712589263916,7.10833120346069,0.754577994346619,3.15550804138184,-1.79879200458527,-950.700012207031,5.10000038146973,-916.500061035156,-2.4960037240152,-0.144655765941112,0.0374871988230773,TR
163.933333333333,-2.19458651542664,-0.602928102016449,10.2103004455566,1.2423859834671,3.46800994873047,-0.830797970294952,-931.500061035156,3.90000009536743,-911.700012207031,-2.49056517700913,-0.202689950645301,0.0531347072394726,TR
163.966666666667,-1.01445043087006,-1.09938681125641,10.6002893447876,1.05945801734924,0.289635986089706,-0.777444005012512,-936.300048828125,8.10000038146973,-911.700012207031,-2.48216240455557,-0.117018690079184,0.092067319330823,TR
164.0,-0.579002380371094,-0.528160214424133,10.2719097137451,1.08232402801514,-0.983237981796265,-1.02897000312805,-950.700012207031,-5.10000038146973,-916.500061035156,-2.48286661894758,-0.0670271232774392,0.0581577402499171,TR
164.033333333333,-0.69863098859787,-0.0305052921175957,10.2976293563843,1.63872992992401,-0.67835795879364,-0.289635986089706,-948.300048828125,2.70000004768372,-909.300048828125,-2.48509855000941,-0.0666568777776315,0.0118327483239239,TR
164.066666666667,-0.653172135353088,-0.32239904999733,9.8077507019043,2.75154185295105,1.21189796924591,0.304879993200302,-938.700012207031,-0.900000035762787,-909.300048828125,-2.48445017438584,-0.06820399940327,0.0247622063083892,TR
164.1,-0.608909547328949,-0.0406737215816975,9.33880615234375,1.79879200458527,1.07470202445984,-0.327746003866196,-943.500061035156,-0.300000011920929,-909.300048828125,-2.48464835514832,-0.067226607684054,0.00599186998803,TR
164.133333333333,-1.05093717575073,0.186022460460663,9.51166915893555,1.79879200458527,0.525918006896973,0.396344006061554,-941.100036621094,2.10000014305115,-906.900024414062,-2.48715553776829,-0.1021269284958,-0.0169456189433353,TR
164.166666666667,-0.608909547328949,0.068188302218914,8.22446632385254,1.78354799747467,0.0762199983000755,-0.274392008781433,-941.100036621094,-4.5,-921.300048828125,-2.48574988703846,-0.0797001976742176,-0.0124814201664019,TR
164.2,-0.395970642566681,-0.345128506422043,9.67914962768555,1.10518991947174,0.3125019967556,-0.685979962348938,-926.700012207031,1.5,-916.500061035156,-2.48162425501942,-0.0491298554947729,0.0244797175303437,TR
164.233333333333,-0.366063505411148,-0.29009935259819,10.5590181350708,0.891773998737335,-1.15854394435883,-0.472563982009888,-941.100036621094,-2.70000004768372,-916.500061035156,-2.48046648634043,-0.0359301305195247,0.0256481312030183,ST
164.266666666667,-0.520982503890991,-0.46236452460289,10.4567356109619,1.05945801734924,-0.967993974685669,-0.426831990480423,-943.500061035156,-2.10000014305115,-911.700012207031,-2.47891297796051,-0.0455844836765196,0.0389962306031237,ST
164.3,0.276940196752548,-0.224901750683784,10.2910499572754,0.411587983369827,-1.40244793891907,-0.396344006061554,-943.500061035156,-5.10000038146973,-904.500061035156,-2.47831172843708,0.0142533068128811,0.0247413289952683,ST
164.333333333333,0.153722748160362,-0.186620607972145,9.60019493103027,1.12805593013763,-1.97409796714783,0.282013982534409,-941.100036621094,-1.5,-916.500061035156,-2.47900831694145,0.0183967245685837,0.0189413197387877,ST
164.366666666667,-0.775193274021149,0.170470744371414,10.3131809234619,2.080806016922,-0.853663980960846,-0.106707997620106,-945.900024414062,-0.900000035762787,-906.900024414062,-2.47925443071889,-0.0549760674908626,-0.0122459199814181,ST
164.4,-0.0628050118684769,0.75246387720108,8.36263656616211,2.26373386383057,-1.48628997802734,0.403965979814529,-941.100036621094,0.300000011920929,-909.300048828125,-2.48212411511445,-0.0149846513543485,-0.0772867774382408,ST
164.433333333333,-0.866709172725677,0.640611112117767,9.03076267242432,2.45428395271301,-0.3125019967556,0.0990860015153885,-953.100036621094,-3.30000019073486,-909.300048828125,-2.48195206152088,-0.0787713517900345,-0.0755670124534158,ST
164.466666666667,-1.71487593650818,0.88285905122757,10.4633150100708,2.08842802047729,1.04421401023865,-0.884151995182037,-953.100036621094,-0.900000035762787,-916.500061035156,-2.48066975002093,-0.146673939410239,-0.0852126809493635,ST
164.5,-1.1436493396759,0.921140193939209,10.1128034591675,1.03659200668335,-0.846041977405548,-1.41769194602966,-933.900024414062,-5.10000038146973,-904.500061035156,-2.47750384273586,-0.117285625189202,-0.0910491074827478,ST
164.533333333333,-0.583787560462952,0.867307305335999,9.90943431854248,0.213415995240211,-0.830797970294952,-1.65397393703461,-938.700012207031,-5.10000038146973,-904.500061035156,-2.47286746854907,-0.0674771996822793,-0.0880297127475215,ST
164.566666666667,-0.0831418707966805,0.171068891882896,9.5326042175293,-0.693601965904236,-0.92988395690918,-2.33995389938354,-941.100036621094,-0.300000011920929,-899.700012207031,-2.46495187054863,-0.019457428656255,-0.0309657068830827,ST
164.6,-1.28361487388611,0.285314202308655,9.7419548034668,-0.236281991004944,0.685979962348938,-2.89635992050171,-950.700012207031,0.900000035762787,-914.100036621094,-2.45804082149713,-0.110859455085558,-0.0289474913786143,ST
164.633333333333,-0.910373628139496,-0.46236452460289,7.75911045074463,-0.37347799539566,1.54726600646973,-3.73477983474731,-941.100036621094,-8.10000038146973,-904.500061035156,-2.44137619492958,-0.117586418202816,0.042812546051482,ST
164.666666666667,-1.92841291427612,-0.675901532173157,8.57916450500488,-0.419209986925125,1.98934197425842,-3.7805118560791,-933.900024414062,-2.10000014305115,-909.300048828125,-2.42789031828392,-0.202142143043986,0.0728412601996926,ST
164.7,-1.63293027877808,-0.735117733478546,8.14730548858643,-1.2423859834671,1.09756803512573,-3.22410583496094,-929.100036621094,-2.10000014305115,-914.100036621094,-2.41774107782026,-0.199209340590027,0.0892018956153385,ST
164.733333333333,-1.9469553232193,-0.781174719333649,9.62471866607666,-0.541162014007568,0.792688012123108,-1.46342396736145,-919.500061035156,2.10000014305115,-894.900024414062,-2.41560701676435,-0.199935281351425,0.0838251351052046,ST
164.766666666667,0.0717771574854851,-1.19808042049408,10.7546110153198,-2.46190595626831,-2.25611186027527,-1.30336201190948,-926.700012207031,4.5,-918.900024414062,-2.41070158532333,-0.0270519131089229,0.109910557880661,ST
164.8,-0.099889874458313,-0.698032855987549,10.4046974182129,-0.739333987236023,-2.80489587783813,-0.548784017562866,-943.500061035156,6.30000019073486,-918.900024414062,-2.4106433684172,-0.0086234328453057,0.0757175398068489,ST
164.833333333333,0.566441416740417,-1.11254596710205,8.70178413391113,0.190549999475479,-0.907018005847931,0.335367977619171,-921.900024414062,4.5,-902.100036621094,-2.41266801980012,0.0534628115785567,0.118251321001,ST
164.866666666667,1.26806306838989,-0.87986832857132,8.42544174194336,0.198172003030777,-1.28049600124359,-0.434453994035721,-931.500061035156,1.5,-911.700012207031,-2.41097405033075,0.131244171785612,0.106637635370987,ST
164.9,0.343932211399078,-0.878073871135712,7.68553924560547,1.03659200668335,-0.442075997591019,0.510673999786377,-931.500061035156,2.10000014305115,-906.900024414062,-2.41299143133788,0.0605045116339659,0.111084965504051,ST
164.933333333333,-0.537132382392883,-0.873288750648499,8.51635932922363,0.754577994346619,0.861285984516144,0.777444005012512,-941.100036621094,-1.5,-916.500061035156,-2.41454216131227,-0.0405513491012239,0.102833386891334,ST
164.966666666667,-2.01334929466248,-0.867307305335999,11.8444271087646,0.83841997385025,0.609759986400604,1.05945801734924,-924.300048828125,-0.300000011920929,-909.300048828125,-2.41918393109769,-0.146130720210834,0.077158209803573,ST
165.0,-0.75246387720108,-0.922336459159851,13.303297996521,0.739333987236023,-1.51677799224854,0.480185985565186,-938.700012207031,2.10000014305115,-894.900024414062,-2.42120684750986,-0.0713242138728913,0.0696103821474118,ST
165.033333333333,1.66881883144379,-1.72145545482635,10.1253643035889,0.160062000155449,-4.35216188430786,0.0609759986400604,-931.500061035156,3.90000009536743,-911.700012207031,-2.42433389861775,0.119862663577605,0.147983249385693,ST
165.066666666667,0.712986409664154,-1.39965450763702,8.77475738525391,-0.487807989120483,-2.5076379776001,-1.47866797447205,-936.300048828125,1.5,-911.700012207031,-2.42265476087062,0.0918599377372287,0.156658524235612,ST
165.1,-0.496458679437637,-1.31053125858307,8.49841499328613,-0.716467976570129,1.28049600124359,-1.02134799957275,-941.100036621094,2.10000014305115,-902.100036621094,-2.41975814153075,-0.0289687494318628,0.154771156020075,ST
165.133333333333,-1.23157632350922,-1.87936520576477,9.6283073425293,-0.708845973014832,1.95123195648193,-1.05183601379395,-936.300048828125,1.5,-906.900024414062,-2.41457560052307,-0.107941887319645,0.186223942501658,ST
165.166666666667,-1.89431881904602,-1.758540391922,8.93386363983154,0.701223969459534,1.43293595314026,-0.381099998950958,-919.500061035156,2.70000004768372,-914.100036621094,-2.41204146016661,-0.187357022186974,0.191896466041467,ST
165.2,-1.20705246925354,-1.90807604789734,10.7988729476929,0.175305992364883,0.609759986400604,-0.449698001146317,-929.100036621094,8.10000038146973,-894.900024414062,-2.41286216190008,-0.126016706500788,0.178179285002312,ST
165.233333333333,-1.14604198932648,-1.27225005626678,10.0535869598389,0.99848198890686,-3.25459384918213,0.990859985351562,-933.900024414062,6.30000019073486,-911.700012207031,-2.42112155086864,-0.111060438497844,0.134787891573611,ST
165.266666666667,-1.05033910274506,-1.27524077892303,9.41895771026611,1.10518991947174,-0.632625997066498,1.81403601169586,-950.700012207031,5.70000028610229,-897.300048828125,-2.42537078543714,-0.109723248952205,0.132785607429224,ST
165.3,-1.02521705627441,-1.1615936756134,8.77655220031738,0.952749967575073,1.05183601379395,2.0731840133667,-933.900024414062,0.300000011920929,-914.100036621094,-2.4298037206134,-0.115998559311011,0.13019571350684,ST
165.333333333333,-0.751267552375793,-0.869101762771606,8.14012813568115,0.846041977405548,-1.08994603157043,1.6768399477005,-933.900024414062,0.300000011920929,-909.300048828125,-2.43586799480395,-0.0952166156264551,0.109725751350355,ST
165.366666666667,-0.388792932033539,-1.28002595901489,7.1968560218811,0.762199997901917,-0.0152439996600151,1.86738991737366,-938.700012207031,-0.300000011920929,-899.700012207031,-2.43592213160627,-0.0620115667682495,0.161432831165147,ST
165.4,-0.2554070353508,-1.24294114112854,9.25327205657959,0.670735955238342,0.114329993724823,1.36433792114258,-924.300048828125,5.70000028610229,-904.500061035156,-2.44003951679098,-0.0347708403847206,0.138130754756541,ST
165.433333333333,-0.61548912525177,-1.19269704818726,9.28557109832764,1.83690190315247,-1.48628997802734,2.22562384605408,-950.700012207031,-2.70000004768372,-906.900024414062,-2.44655639124445,-0.0590405793749735,0.126505675540463,ST
165.466666666667,-0.107665732502937,-0.91874760389328,9.17252254486084,1.57775402069092,-0.78506600856781,1.57013201713562,-948.300048828125,-5.70000028610229,-909.300048828125,-2.45126404644154,-0.0198107737652109,0.102585624568573,ST
165.5,-0.415709376335144,-0.909177303314209,8.62881088256836,1.60824191570282,-0.655492007732391,1.6692179441452,-933.900024414062,-6.30000019073486,-894.900024414062,-2.45548963261431,-0.0424644331605451,0.102153151146835,ST
165.533333333333,-0.513206660747528,-1.24832439422607,10.9382400512695,1.37958192825317,-0.37347799539566,1.07470202445984,-938.700012207031,1.5,-899.700012207031,-2.45758535885383,-0.0453950995406464,0.109327711599023,ST
165.566666666667,0.192602038383484,-1.29916656017303,10.0081281661987,1.08994603157043,-1.58537602424622,1.02897000312805,-921.900024414062,-6.30000019073486,-909.300048828125,-2.46005020303812,0.0081027632049862,0.123577844497029,ST
165.6,-0.16568560898304,-1.13886415958405,10.2737035751343,1.20427596569061,-1.6844619512558,1.81403601169586,-953.100036621094,-0.900000035762787,-914.100036621094,-2.46465924313783,-0.0091234736597853,0.111372744491004,ST
165.633333333333,0.667527556419373,-1.52885341644287,7.97683477401733,1.64635193347931,-1.11281192302704,2.53050398826599,-950.700012207031,-1.5,-909.300048828125,-2.47306461061742,0.0667353155804524,0.173163804194831,ST
165.666666666667,1.03179657459259,-1.96669411659241,10.018895149231,1.09756803512573,-0.975615978240967,1.72257196903229,-950.700012207031,-6.30000019073486,-916.500061035156,-2.47910432981159,0.095572880928004,0.188791160528428,ST
165.7,1.0575168132782,-1.10417187213898,10.2061138153076,1.47866797447205,-3.11739802360535,1.63110792636871,-960.300048828125,0.300000011920929,-918.900024414062,-2.47758690139508,0.105261178172375,0.122346255268497,ST
165.733333333333,0.504234552383423,-0.308043628931046,8.5905294418335,2.60672402381897,-1.76830399036407,2.52288198471069,-950.700012207031,-1.5,-906.900024414062,-2.47838676725539,0.0683341531401741,0.0459280837955936,ST
165.766666666667,-0.0269164331257343,-0.0311034340411425,10.087082862854,2.72867584228516,0.0457319989800453,2.86587190628052,-960.300048828125,-14.1000003814697,-926.100036621094,-2.48371691299454,0.0115143216865385,0.0080420524233723,ST
165.8,-0.101684302091599,0.301464051008224,9.23233699798584,2.80489587783813,-0.37347799539566,2.41617393493652,-957.900024414062,-6.90000009536743,-904.500061035156,-2.48919021826328,-0.0058941928103102,-0.028344695817815,ST
165.833333333333,-0.526963949203491,0.826035439968109,9.56191349029541,2.36281991004944,-0.518296003341675,1.80641400814056,-955.500061035156,-6.30000019073486,-904.500061035156,-2.49438592755771,-0.0441103921432227,-0.07786009853273,ST
165.866666666667,-0.810483753681183,0.724949300289154,10.158860206604,1.72257196903229,-0.304879993200302,1.84452390670776,-955.500061035156,-9.30000019073486,-902.100036621094,-2.49817574529963,-0.0716763492531977,-0.0751376781329717,ST
165.9,-0.812876284122467,0.744089841842651,10.8694543838501,1.265251994133,0.655492007732391,1.92836594581604,-960.300048828125,-5.70000028610229,-904.500061035156,-2.5022390474417,-0.0746248880769669,-0.0716842682994911,ST
165.933333333333,0.298473328351974,-0.0047851437702775,9.16115760803223,-0.320124000310898,-0.350611984729767,0.320124000310898,-953.100036621094,-15.3000001907349,-899.700012207031,-2.50119205937571,0.0138954228343954,-0.0119382917840428,ST
165.966666666667,-0.629844546318054,-0.068188302218914,9.60258769989014,-1.15854394435883,1.2347639799118,-0.190549999475479,-948.300048828125,-6.30000019073486,-897.300048828125,-2.50047548467244,-0.052164154044453,0.0051241179845228,ST
166.0,-0.626853823661804,-0.334960073232651,9.78023529052734,-0.983237981796265,1.87501192092896,-0.46494197845459,-957.900024414062,-6.90000009536743,-906.900024414062,-2.49786720410543,-0.064699647647499,0.030822387452452,ST
166.033333333333,-0.271556913852692,-0.74947315454483,8.34648704528809,-1.02134799957275,1.17378795146942,-0.861285984516144,-948.300048828125,-11.7000007629395,-897.300048828125,-2.49322732540723,-0.0401221571584309,0.0799311523267554,ST
166.066666666667,-0.565843224525452,-0.640611112117767,7.97803115844727,-1.11281192302704,1.51677799224854,-0.945127964019775,-943.500061035156,-7.50000047683716,-911.700012207031,-2.49081889816818,-0.0664423718861386,0.0817240430582262,ST
166.1,-1.11134958267212,-0.775193274021149,10.3532562255859,-0.861285984516144,2.22562384605408,-0.121951997280121,-941.100036621094,-10.5,-902.100036621094,-2.49066382471964,-0.101614435521475,0.0773896464083777,ST
166.133333333333,-0.176452174782753,-0.656162858009338,9.5684928894043,-1.2347639799118,-1.15092194080353,-0.777444005012512,-926.700012207031,-2.70000004768372,-894.900024414062,-2.48959145335764,-0.0324922331743937,0.071968878528296,ST
166.166666666667,-0.241649761795998,-0.633433401584625,9.80834865570068,-0.823175966739655,-1.12805593013763,-0.0685980021953583,-933.900024414062,-11.1000003814697,-904.500061035156,-2.48981736182317,-0.0242668700542779,0.0669412501688206,ST
166.2,0.653770267963409,-1.1155366897583,9.66000938415527,-0.6250039935112,-1.18903195858002,-0.342989981174469,-941.100036621094,-4.5,-916.500061035156,-2.48975844166874,0.0503818369548976,0.106132664219977,ST
166.233333333333,1.43913197517395,-0.946262180805206,9.08399772644043,-1.31098401546478,-2.53050398826599,-1.07470202445984,-926.700012207031,2.10000014305115,-909.300048828125,-2.48741582869055,0.142317657374714,0.105987238489146,ST
166.266666666667,1.36675667762756,-0.080151155591011,8.05818176269531,-0.480185985565186,-2.47714996337891,-0.724089980125427,-953.100036621094,-5.70000028610229,-909.300048828125,-2.47427817287078,0.166475452764438,0.0299125247939756,ST
166.3,0.793137550354004,-0.935495615005493,9.04511833190918,-0.0,-0.670735955238342,0.777444005012512,-950.700012207031,-3.30000019073486,-911.700012207031,-2.48404981354238,0.103977080289238,0.0885615302990384,ST
166.333333333333,0.11484345048666,-1.34821426868439,10.0673446655273,-0.0762199983000755,-0.137196004390717,0.152439996600151,-936.300048828125,-3.90000009536743,-930.900024414062,-2.48684358443032,0.0291115648600744,0.124824775263876,ST
166.366666666667,0.341539651155472,-0.987534046173096,10.3215551376343,-0.457319974899292,-0.716467976570129,-0.815553963184357,-955.500061035156,-2.70000004768372,-916.500061035156,-2.48441745808226,0.0332797772599141,0.101923667302348,ST
166.4,-0.107067592442036,-1.25430583953857,10.4256315231323,0.388722002506256,-0.449698001146317,-0.708845973014832,-955.500061035156,-5.70000028610229,-914.100036621094,-2.4831441056354,-0.0006978231146174,0.115596563880713,ST
166.433333333333,-0.450401663780212,-1.4301598072052,11.1661329269409,-0.259148001670837,-0.221037998795509,-1.60061991214752,-953.100036621094,-3.90000009536743,-906.900024414062,-2.47928289783402,-0.0319452190394661,0.125563802169367,ST
166.466666666667,0.214135184884071,-0.709995687007904,9.98958587646484,-1.02134799957275,-1.08994603157043,-2.25611186027527,-936.300048828125,-5.10000038146973,-899.700012207031,-2.47480996475377,0.0124588058731068,0.0834029577464873,ST
166.5,0.299071490764618,-1.64369690418243,9.7957878112793,-0.708845973014832,-0.815553963184357,-1.61586391925812,-950.700012207031,-6.90000009536743,-916.500061035156,-2.47257602117564,0.0282004767533806,0.151463219875025,ST
166.533333333333,-0.619676113128662,-1.3201014995575,9.1749153137207,-0.739333987236023,0.259148001670837,-2.25611186027527,-955.500061035156,0.300000011920929,-911.700012207031,-2.46741728053632,-0.0474879856613326,0.145750976999209,ST
166.566666666667,-1.00069320201874,-1.49775004386902,9.4075927734375,-0.777444005012512,1.18140995502472,-0.579271972179413,-945.900024414062,4.5,-904.500061035156,-2.46504908287537,-0.0946372062676367,0.156603766526819,ST
166.6,-0.463560789823532,-2.12400579452515,9.74554347991943,-1.47104597091675,1.93598794937134,-0.861285984516144,-933.900024414062,-4.5,-911.700012207031,-2.45884441560239,-0.058610515310739,0.205110847721994,ST
166.633333333333,-0.453990519046783,-1.48279643058777,9.13184833526611,-0.754577994346619,1.31098401546478,-1.02134799957275,-926.700012207031,8.70000076293945,-916.500061035156,-2.45796367546831,-0.0525077377374729,0.171008317213196,ST
166.666666666667,-0.506627082824707,-1.89970207214355,9.36332988739014,0.342989981174469,1.52439999580383,0.564027965068817,-948.300048828125,-1.5,-916.500061035156,-2.45733469275598,-0.0551576432060269,0.194130818676991,ST
166.7,-0.427672237157822,-1.54081630706787,8.35964584350586,0.716467976570129,1.50915598869324,-0.0304879993200302,-924.300048828125,-0.300000011920929,-902.100036621094,-2.45704182565368,-0.0532352716049736,0.183242959312081,ST
166.733333333333,-0.138769164681435,-1.09340536594391,9.11809158325195,0.510673999786377,0.807931959629059,1.11281192302704,-929.100036621094,-2.10000014305115,-914.100036621094,-2.46149484131464,-0.0229089937684448,0.129280612509448,ST
166.766666666667,-0.52935653924942,-1.23815596103668,10.018895149231,1.2347639799118,0.0990860015153885,2.66770005226135,-931.500061035156,-0.300000011920929,-906.900024414062,-2.46770009722316,-0.0470447605299066,0.122374436717033,ST
166.8,0.355895072221756,-0.819455862045288,9.98599720001221,0.221037998795509,-0.472563982009888,2.52288198471069,-931.500061035156,-8.10000038146973,-902.100036621094,-2.47404297966221,0.0191541394082637,0.0897410475491033,ST
166.833333333333,-0.0388792939484119,-1.16099548339844,10.4459686279297,0.495429992675781,-0.411587983369827,3.60520601272583,-924.300048828125,-3.90000009536743,-904.500061035156,-2.48333230901351,0.000207299719513,0.106486722796815,ST
166.866666666667,0.584983825683594,-1.12450873851776,9.21499061584473,-0.884151995182037,-0.0152439996600151,1.98934197425842,-919.500061035156,-0.900000035762787,-897.300048828125,-2.4884611298091,0.0514167379452233,0.120125858689959,ST
166.9,0.726743698120117,-0.682481110095978,8.11739826202393,-0.663114011287689,-0.457319974899292,1.61586391925812,-938.700012207031,-4.5,-902.100036621094,-2.49038959577885,0.0822716028746136,0.0918861493172996,ST
166.933333333333,-0.218920320272446,-0.890036761760712,8.94881725311279,0.807931959629059,-0.175305992364883,1.99696397781372,-936.300048828125,-4.5,-909.300048828125,-2.49568483408993,-0.0064271007281465,0.0968261287026469,ST
166.966666666667,-0.0322997197508812,-1.1095552444458,9.42852783203125,0.800309956073761,0.518296003341675,1.81403601169586,-938.700012207031,-1.5,-906.900024414062,-2.49962003687434,-0.0049989527133558,0.111917830245141,ST
167.0,-1.41580438613892,-0.266771763563156,9.97941780090332,1.48628997802734,0.320124000310898,1.35671591758728,-926.700012207031,-0.900000035762787,-909.300048828125,-2.50664197004876,-0.114019398165609,0.0419502457235313,ST
167.033333333333,-1.52646088600159,0.238659039139748,11.0124101638794,0.914639949798584,0.403965979814529,1.62348592281342,-936.300048828125,-0.300000011920929,-918.900024414062,-2.5167457947429,-0.133838522963157,-0.0111368852981487,ST
167.066666666667,-0.66334056854248,0.2613884806633,10.1325416564941,0.533540010452271,-0.853663980960846,1.55488801002502,-933.900024414062,-8.10000038146973,-906.900024414062,-2.52148086788527,-0.0779359642250475,-0.0238032064897069,ST
167.1,0.244042336940765,0.160900458693504,8.49243354797363,-0.37347799539566,-1.95123195648193,-0.0762199983000755,-919.500061035156,-2.10000014305115,-897.300048828125,-2.52107337778889,0.0124452029241193,-0.0192745012910551,TR
167.133333333333,-0.125011876225471,0.238060906529427,9.10373592376709,-0.701223969459534,-1.34147191047668,-0.37347799539566,-933.900024414062,-6.90000009536743,-906.900024414062,-2.52007337686847,-0.0071434096176929,-0.0239120046225631,TR
167.166666666667,-0.763828575611115,0.278734624385834,9.95190238952637,-0.0838419944047928,-0.121951997280121,-0.0457319989800453,-924.300048828125,-1.5,-906.900024414062,-2.52007600350415,-0.0647396177746078,-0.0271884442846501,TR
167.2,-0.0610105842351913,0.107067592442036,9.07203483581543,-0.320124000310898,0.221037998795509,-0.282013982534409,-948.300048828125,2.70000004768372,-899.700012207031,-2.51889205209056,-0.017410872453694,-0.0140728909391365,TR
167.233333333333,-0.157311603426933,0.505430817604065,9.91362190246582,-0.701223969459534,-0.495429992675781,-1.49391198158264,-933.900024414062,2.10000014305115,-899.700012207031,-2.51561856066108,-0.0154651927026442,-0.0437006215792867,TR
167.266666666667,-0.549095273017883,0.18183545768261,9.93455696105957,-0.762199997901917,-0.182927995920181,-1.12043392658234,-926.700012207031,-3.30000019073486,-887.700012207031,-2.51241184723309,-0.0469917288900343,-0.0223091932069316,TR
167.3,-0.318212062120438,-0.623264968395233,10.0135116577148,-2.14178204536438,0.297257989645004,-2.01220798492432,-936.300048828125,-4.5,-892.500061035156,-2.5050741820528,-0.0351637498120194,0.0482346055429052,TR
167.333333333333,-0.486888378858566,-0.339745193719864,9.45006084442139,-2.57623600959778,0.0076219998300075,-2.11129403114319,-919.500061035156,7.50000047683716,-906.900024414062,-2.50071789520668,-0.048045349333296,0.0421347151185736,TR
167.366666666667,-0.172863319516182,-0.375035643577576,8.6503438949585,-2.22562384605408,0.533540010452271,-2.11891603469849,-941.100036621094,5.10000038146973,-906.900024414062,-2.4958257810135,-0.0262302868563166,0.0462913891915336,TR
167.4,0.32538977265358,-0.532945394515991,9.30471229553223,-2.25611186027527,0.0076219998300075,-2.11891603469849,-926.700012207031,6.90000009536743,-914.100036621094,-2.49093740770506,0.022726999655904,0.058145540456352,TR
167.433333333333,0.0807493031024933,-0.494664251804352,8.05758380889893,-1.02134799957275,0.144817993044853,-1.63110792636871,-921.900024414062,-2.70000004768372,-921.300048828125,-2.48696474767326,0.0122080496858525,0.0621762898643528,TR
167.466666666667,0.0687864422798157,-1.04615211486816,9.10433387756348,-1.64635193347931,1.72257196903229,-1.92836594581604,-924.300048828125,2.10000014305115,-899.700012207031,-2.48257557468694,0.0063092536341786,0.106150016409321,TR
167.5,-0.75545459985733,-0.507823407649994,10.6918058395386,-1.92836594581604,0.449698001146317,-2.68294382095337,-909.900024414062,6.90000009536743,-890.100036621094,-2.47751586121194,-0.055325966753469,0.06215415032132,TR
167.533333333333,0.522776961326599,-1.20824885368347,11.5387763977051,-2.62196803092957,-0.807931959629059,-1.82927989959717,-917.100036621094,6.90000009536743,-904.500061035156,-2.47300594365838,0.0261172500538809,0.0994983471667781,TR
167.566666666667,1.81297135353088,-0.211144462227821,9.24729061126709,-1.6615959405899,-1.69970595836639,-2.85062789916992,-914.700012207031,10.5,-897.300048828125,-2.46081525646056,0.162371821988441,0.0405414863945854,TR
167.6,0.982748925685883,-0.436644375324249,9.5684928894043,-0.0228659994900227,0.777444005012512,-2.28659987449646,-900.300048828125,12.9000005722046,-902.100036621094,-2.45555840876482,0.111345954147447,0.0443578759742183,TR
167.633333333333,0.068188302218914,-0.266173630952835,8.78372955322266,-0.365855991840363,2.00458598136902,-3.41465592384338,-909.900024414062,6.90000009536743,-911.700012207031,-2.44622631753219,0.0235760808678799,0.0330529617128572,TR
167.666666666667,-0.317015767097473,0.208153754472733,8.69939136505127,-0.846041977405548,1.13567793369293,-3.28508186340332,-907.500061035156,7.50000047683716,-904.500061035156,-2.43825720508999,-0.0273196456093687,-0.0124816327270214,TR
167.7,-1.15142524242401,0.0281127188354731,10.3963232040405,-0.160062000155449,1.77592599391937,-2.65245604515076,-912.300048828125,10.5,-902.100036621094,-2.43169985354087,-0.0960742637217082,-0.0041972464401539,TR
167.733333333333,-0.482103228569031,0.0281127188354731,9.50449180603027,-0.510673999786377,1.30336201190948,-3.20886182785034,-895.500061035156,11.1000003814697,-894.900024414062,-2.42427093148896,-0.0616541254091717,-0.0021639369577369,TR
167.766666666667,-0.533543527126312,-0.0598142966628075,10.5027923583984,-0.617381989955902,0.579271972179413,-3.29270386695862,-897.900024414062,8.10000038146973,-892.500061035156,-2.41634888628942,-0.0537461813917298,0.0052336543625284,TR
167.8,-0.424083352088928,0.416905641555786,9.94472503662109,-0.426831990480423,0.106707997620106,-3.7881338596344,-890.700012207031,13.5000009536743,-909.300048828125,-2.4094994453469,-0.045086787539705,-0.0315583355008554,TR
167.833333333333,0.240453481674194,0.0472532957792282,11.0459060668945,-1.00610399246216,0.121951997280121,-3.98630595207214,-895.500061035156,16.5,-904.500061035156,-2.39993355846818,0.0080310395363483,-0.008310433799058,TR
167.866666666667,0.326586067676544,0.732127010822296,8.98769664764404,0.0304879993200302,-0.922261953353882,-4.44362592697144,-902.700012207031,15.3000001907349,-894.900024414062,-2.38846356683138,0.0315340440902799,-0.0667543097788374,TR
167.9,0.580198705196381,0.317015767097473,9.50449180603027,-0.304879993200302,-0.548784017562866,-4.05490398406982,-890.700012207031,9.90000057220459,-899.700012207031,-2.3802101206518,0.0555033726497144,-0.0399229062122202,TR
167.933333333333,0.456981241703033,0.410326063632965,9.96147346496582,-0.609759986400604,-1.47104597091675,-4.39027214050293,-905.100036621094,17.7000007629395,-899.700012207031,-2.36956635441131,0.049471804437154,-0.0403941123125199,TR
167.966666666667,-0.0789548754692078,0.568833947181702,10.1899633407593,-0.0838419944047928,-0.472563982009888,-3.43752193450928,-909.900024414062,12.3000001907349,-887.700012207031,-2.36054263961599,0.0022999968695631,-0.0531601931956234,TR
168.0,0.57361912727356,0.675303399562836,10.1863746643066,-0.411587983369827,-0.0762199983000755,-3.63569402694702,-902.700012207031,18.3000011444092,-899.700012207031,-2.3516487867043,0.0457180796901855,-0.0632990763008374,TR
168.033333333333,0.727940022945404,0.561058104038239,11.0919628143311,-0.899396002292633,-0.754577994346619,-3.07928800582886,-897.900024414062,18.9000015258789,-892.500061035156,-2.34475635854283,0.062531503838484,-0.0519396511232393,TR
168.066666666667,1.62096750736237,0.203966751694679,10.6242151260376,-0.823175966739655,-0.640248000621796,-3.99392795562744,-907.500061035156,16.5,-892.500061035156,-2.33797309128965,0.13417210608317,-0.0253295275001808,TR
168.1,0.99590802192688,0.464158952236176,10.4830541610718,-0.617381989955902,0.137196004390717,-4.44362592697144,-902.700012207031,26.7000007629395,-899.700012207031,-2.32588487281266,0.102184166856682,-0.0402999970660385,TR
168.133333333333,0.951645493507385,0.149535745382309,9.93395805358887,-0.396344006061554,-0.0457319989800453,-4.42838191986084,-917.100036621094,23.7000007629395,-897.300048828125,-2.31763704623021,0.0967425606792005,-0.0201911605540567,TR
168.166666666667,1.19209897518158,-0.129198879003525,7.95290899276733,-0.731711983680725,-0.0228659994900227,-4.68753004074097,-902.700012207031,16.5,-897.300048828125,-2.31013999706532,0.138326118865939,0.0090663206108086,TR
168.2,0.662742435932159,-0.735117733478546,13.3122701644897,-1.82165801525116,0.442075997591019,-4.55795574188232,-900.300048828125,20.7000007629395,-887.700012207031,-2.30234397288573,0.0641611021852676,0.0495338924929163,TR
168.233333333333,1.56892895698547,0.375633776187897,11.1559648513794,-0.609759986400604,-2.5076379776001,-5.51070594787598,-900.300048828125,27.3000011444092,-897.300048828125,-2.28328561048453,0.128043164542752,-0.0167382970650886,TR
168.266666666667,1.54799401760101,0.265575468540192,10.9687461853027,1.2347639799118,0.0076219998300075,-3.73477983474731,-914.700012207031,33.9000015258789,-890.100036621094,-2.274020997405,0.137594972719297,-0.0251262081672568,TR
168.3,1.84347665309906,0.236864611506462,10.3466768264771,1.15092194080353,0.449698001146317,-4.5808219909668,-907.500061035156,25.5000019073486,-885.300048828125,-2.26388896587133,0.167695091326225,-0.025961337550998,TR
168.333333333333,3.05112719535828,1.2058562040329,8.86986255645752,0.129574000835419,-1.20427596569061,-5.36588764190674,-912.300048828125,30.3000011444092,-890.100036621094,-2.23052500116966,0.299114037796088,-0.115808100034277,TR
168.366666666667,0.589170813560486,1.65386533737183,10.0673446655273,1.58537602424622,2.16464805603027,-3.3460578918457,-917.100036621094,29.1000003814697,-914.100036621094,-2.21548307486468,0.0946824726574591,-0.158376290818621,TR
168.4,1.07904994487762,1.32907366752625,9.99317455291748,0.914639949798584,2.84300589561462,-4.58844375610352,-900.300048828125,26.1000003814697,-875.700012207031,-2.20758294107865,0.0995194094414181,-0.138789022015748,TR
168.433333333333,0.0651975870132446,1.1095552444458,11.8312683105469,0.571649968624115,3.42227792739868,-4.66466379165649,-917.100036621094,33.3000030517578,-890.100036621094,-2.20003848367535,0.0189394341197264,-0.103704245021558,TR
168.466666666667,1.16338813304901,1.43913197517395,10.6660852432251,-0.46494197845459,0.899396002292633,-5.57930374145508,-902.700012207031,33.3000030517578,-880.500061035156,-2.18617768700622,0.0876135772215365,-0.127801420100866,TR
168.5,1.86022460460663,1.5802937746048,10.9149131774902,0.266770005226135,-0.121951997280121,-5.58692598342896,-907.500061035156,42.9000015258789,-892.500061035156,-2.17103681644672,0.15197956115678,-0.142354154133633,TR
168.533333333333,1.35718643665314,1.07725548744202,12.1464891433716,0.87652999162674,0.724089980125427,-6.10522174835205,-914.700012207031,34.5,-887.700012207031,-2.16314451143472,0.11716797992151,-0.101571649571626,TR
168.566666666667,2.01693820953369,1.13647162914276,9.83765697479248,-0.0762199983000755,1.15092194080353,-7.83541584014893,-919.500061035156,42.3000030517578,-890.100036621094,-2.14211194679244,0.183956644982611,-0.114466340377601,TR
168.6,2.99191117286682,1.10656452178955,11.1774978637695,-1.60061991214752,-0.0762199983000755,-7.33998584747314,-919.500061035156,47.7000007629395,-882.900024414062,-2.12655261401811,0.245700548961065,-0.101666676692769,TR
168.633333333333,3.92680859565735,1.43315052986145,10.9687461853027,-0.472563982009888,-1.81403601169586,-7.0732159614563,-917.100036621094,39.3000030517578,-892.500061035156,-2.10140494630966,0.326489439915729,-0.127687431744625,TR
168.666666666667,4.1965708732605,1.04854464530945,10.5721769332886,0.175305992364883,0.388722002506256,-7.1418137550354,-924.300048828125,56.1000022888184,-887.700012207031,-2.09271229248019,0.364536472516007,-0.108639017779056,TR
168.7,3.20006489753723,1.07306849956512,9.80296516418457,0.114329993724823,2.27135586738586,-7.60675573348999,-921.900024414062,54.9000015258789,-887.700012207031,-2.07409476882024,0.317760913067012,-0.112796524303626,TR
168.733333333333,2.80887937545776,0.790146887302399,10.7396574020386,-0.25152599811554,1.78354799747467,-7.28663206100464,-931.500061035156,50.1000022888184,-878.100036621094,-2.06551838967055,0.262111934123817,-0.0825352372428798,TR
168.766666666667,1.96968483924866,0.849961161613464,11.1218700408936,0.205793991684914,1.88263392448425,-7.78968381881714,-917.100036621094,49.5000038146973,-880.500061035156,-2.04804564899675,0.186745145000862,-0.0800234424080915,TR
168.8,1.70171678066254,0.831418752670288,10.0057353973389,0.0152439996600151,2.98020195960999,-8.36895561218262,-912.300048828125,45.9000015258789,-866.100036621094,-2.02891541053203,0.166576256920195,-0.0843231935992395,TR
168.833333333333,0.241051614284515,0.66034984588623,11.3078927993774,0.160062000155449,3.68904781341553,-8.73481178283691,-912.300048828125,44.1000022888184,-870.900024414062,-2.01166236661787,0.044550845352708,-0.0648068490421205,TR
168.866666666667,-0.0711790099740028,0.208153754472733,10.2976293563843,0.0152439996600151,3.37654590606689,-8.3613338470459,-912.300048828125,56.7000007629395,-854.100036621094,-1.99121591603983,-0.0042660451771124,-0.0273694325626347,TR
168.9,-0.0011962859425693,0.687864422798157,11.5190372467041,-0.449698001146317,2.65245604515076,-8.17840576171875,-929.100036621094,56.1000022888184,-863.700012207031,-1.97105384547636,-0.0051898356997906,-0.0535321640648702,TR
168.933333333333,1.77229762077332,0.320006489753723,9.21977615356445,-0.160062000155449,1.49391198158264,-6.707359790802,-914.700012207031,60.9000015258789,-842.100036621094,-1.95678386004736,0.147831511680475,-0.0392894562709285,TR
168.966666666667,1.97566628456116,-0.10826388001442,9.70726203918457,-0.25152599811554,2.18751406669617,-6.3567476272583,-943.500061035156,57.9000015258789,-849.300048828125,-1.94883753330001,0.186983117024355,-0.0003055501044294,TR
169.0,1.72085738182068,-0.101684302091599,9.42434024810791,-0.3125019967556,2.13416004180908,-6.61589574813843,-938.700012207031,57.9000015258789,-837.300048828125,-1.93507427011369,0.178951433135297,0.0072975735054988,TR
169.033333333333,1.52885341644287,-0.141161739826202,8.94522857666016,0.236281991004944,2.37806391716003,-5.94515991210938,-936.300048828125,59.7000007629395,-858.900024414062,-1.92128926290293,0.167519219362649,0.0125185873575821,TR
169.066666666667,0.43724250793457,0.269164323806763,8.33631896972656,1.12043392658234,3.23934984207153,-4.69515180587769,-950.700012207031,50.7000007629395,-839.700012207031,-1.90635823696398,0.0710045748370799,-0.0255841915765291,TR
169.1,-0.635227859020233,-0.653172135353088,10.0380353927612,0.830797970294952,4.00917196273804,-3.08691000938416,-945.900024414062,57.9000015258789,-839.700012207031,-1.89941676377812,-0.0462170269628883,0.0485593369417843,TR
169.133333333333,-0.926523447036743,-1.3320643901825,11.1607494354248,-0.548784017562866,3.99392795562744,-3.52898597717285,-957.900024414062,61.5000038146973,-837.300048828125,-1.88708230801602,-0.080127386862972,0.105755457688656,TR
169.166666666667,-0.616685390472412,-0.209948182106018,9.58225059509277,0.861285984516144,2.32470989227295,-4.19210004806519,-950.700012207031,64.5,-832.500061035156,-1.88203166506006,-0.0703700885561042,0.0380255017650889,TR
169.2,-0.0071777156554162,-1.16936945915222,9.36392784118652,1.73019397258759,3.23934984207153,-2.080806016922,-941.100036621094,63.9000015258789,-834.900024414062,-1.8731857737887,-0.0175984581752698,0.106501855149246,TR
169.233333333333,-0.24224790930748,-1.15800476074219,9.40460205078125,1.2576299905777,2.76678586006165,-2.09605002403259,-953.100036621094,54.9000015258789,-822.900024414062,-1.86718416310676,-0.0276004402582928,0.117782245040143,TR
169.266666666667,-0.201574176549911,-0.811081886291504,8.18259620666504,1.2500079870224,2.14178204536438,-2.05031800270081,-950.700012207031,59.7000007629395,-842.100036621094,-1.86233640328106,-0.0277966046998136,0.10096743254239,TR
169.3,0.0580198690295219,-1.12331247329712,8.19814777374268,1.50153398513794,2.59910202026367,-0.495429992675781,-950.700012207031,56.7000007629395,-822.900024414062,-1.8600591187244,-0.0035206171977448,0.126999958628755,TR
169.333333333333,-0.233275756239891,-1.17236018180847,8.26334476470947,1.95123195648193,1.73019397258759,0.442075997591019,-953.100036621094,53.1000022888184,-834.900024414062,-1.86036081981334,-0.0254909832428261,0.135401326036796,TR
169.366666666667,-0.206957474350929,-1.11912548542023,7.69989442825317,2.27135586738586,1.00610399246216,0.769822001457214,-950.700012207031,53.1000022888184,-825.300048828125,-1.86155481818261,-0.0279069723632756,0.139343487752785,TR
169.4,-0.28710862994194,-0.980954468250275,8.79629039764404,2.5000159740448,0.746955990791321,1.21189796924591,-941.100036621094,58.5000038146973,-842.100036621094,-1.8647233236692,-0.0327553768135998,0.113229445642282,TR
169.433333333333,0.19798532128334,-0.888840436935425,8.92548942565918,2.01220798492432,0.259148001670837,1.60824191570282,-960.300048828125,56.1000022888184,-837.300048828125,-1.86844713188637,0.0104254889763839,0.0992665161716927,TR
169.466666666667,-0.142358019948006,-0.78476357460022,9.04451942443848,2.4923939704895,0.533540010452271,1.80641400814056,-950.700012207031,53.1000022888184,-832.500061035156,-1.87248034808234,-0.0113831044144533,0.0856316718571461,TR
169.5,-0.265575468540192,-0.931308627128601,9.98838901519775,1.85976791381836,0.754577994346619,2.14940404891968,-945.900024414062,56.1000022888184,-820.500061035156,-1.8771246183677,-0.02473577587737,0.0888402985470006,TR
169.533333333333,0.498851239681244,-0.888840436935425,10.4615201950073,1.63110792636871,-0.884151995182037,1.97409796714783,-948.300048828125,52.5000038146973,-832.500061035156,-1.88210769947555,0.0355962782230176,0.0832044869389766,TR
169.566666666667,0.829026162624359,-0.629844546318054,9.60856914520264,2.13416004180908,-2.24086785316467,2.44666194915771,-962.700012207031,54.3000030517578,-849.300048828125,-1.88793739595566,0.0804330442692754,0.065597602363793,TR
169.6,0.983347058296204,-0.397166937589645,10.828182220459,1.96647596359253,-2.24848985671997,2.5000159740448,-955.500061035156,54.9000015258789,-844.500061035156,-1.89213779093514,0.0914396013986312,0.0400790269903696,TR
169.633333333333,0.602329969406128,0.0526365824043751,9.42314434051514,2.38568592071533,-0.99848198890686,2.72867584228516,-945.900024414062,59.1000022888184,-837.300048828125,-1.89618288331208,0.0698849074355783,-0.0010901950075041,ST
169.666666666667,-0.599339246749878,0.744687974452972,9.40340518951416,2.79727387428284,0.37347799539566,2.18751406669617,-936.300048828125,51.3000030517578,-837.300048828125,-1.90026707556241,-0.0368598032490994,-0.0671638020889496,ST
169.7,-1.11194777488708,0.270958751440048,8.61565113067627,2.30946588516235,1.17378795146942,2.23324584960938,-938.700012207031,50.7000007629395,-837.300048828125,-1.90329871557837,-0.111322675842308,-0.0422063907015245,ST
169.733333333333,-1.99061977863312,0.304454773664474,9.08997917175293,1.59299790859222,1.32622802257538,1.56251001358032,-931.500061035156,55.5000038146973,-842.100036621094,-1.90598827071628,-0.199790865722963,-0.0376970530280996,ST
169.766666666667,-1.84287846088409,0.20755560696125,10.5972986221313,0.868907988071442,0.358233988285065,1.6920839548111,-926.700012207031,44.7000007629395,-834.900024414062,-1.9070544358321,-0.178156502588396,-0.0248702938435642,ST
169.8,-1.01564681529999,0.18482618033886,10.6403656005859,0.716467976570129,-1.57775402069092,1.83690190315247,-929.100036621094,48.9000015258789,-846.900024414062,-1.9102518539424,-0.109642061285355,-0.020190045055218,ST
169.833333333333,-0.524571359157562,0.364867210388184,10.3694067001343,0.861285984516144,-1.2423859834671,1.6768399477005,-924.300048828125,44.7000007629395,-842.100036621094,-1.91523050254358,-0.059228853411833,-0.0339145333941052,ST
169.866666666667,0.0388792939484119,-0.146545022726059,8.28846740722656,0.442075997591019,-0.685979962348938,0.663114011287689,-921.900024414062,47.7000007629395,-844.500061035156,-1.91535279920278,-0.0072480429723856,0.0066466678874552,ST
169.9,-0.340941488742828,-0.304454773664474,8.20652198791504,-1.07470202445984,0.693601965904236,-0.815553963184357,-936.300048828125,40.5,-842.100036621094,-1.91294345801396,-0.0355319688866901,0.0324726021205797,ST
169.933333333333,-0.641209244728088,-0.361278355121613,8.07074356079102,-0.693601965904236,0.846041977405548,-0.411587983369827,-917.100036621094,43.5,-858.900024414062,-1.91135312603186,-0.0725932671197467,0.043575708668136,ST
169.966666666667,-0.269762486219406,-0.745884299278259,9.49611759185791,-1.11281192302704,0.0685980021953583,0.556405961513519,-924.300048828125,43.5,-846.900024414062,-1.9112305410158,-0.035902451504281,0.0741331895952354,ST
170.0,-0.10826388001442,-0.672910869121552,8.82978630065918,-0.708845973014832,-0.0304879993200302,1.37958192825317,-924.300048828125,39.3000030517578,-856.500061035156,-1.91438129774457,-0.0171013668736486,0.0766168327768953,ST
170.033333333333,-0.265575468540192,-0.142956167459488,8.65453052520752,0.327746003866196,1.34147191047668,1.22714197635651,-914.700012207031,48.9000015258789,-858.900024414062,-1.91857008245257,-0.0305827764945644,0.0254682369188337,ST
170.066666666667,-0.254808902740479,-0.66334056854248,10.2390117645264,0.144817993044853,2.00458598136902,1.29574000835419,-902.700012207031,41.1000022888184,-849.300048828125,-1.92042950112286,-0.0288662488562948,0.0565369076559375,ST
170.1,-1.05632042884827,-0.0334960073232651,9.20841121673584,0.632625997066498,0.990859985351562,0.274392008781433,-909.900024414062,40.5,-868.500061035156,-1.92377951012104,-0.100398011796594,0.0122249629344834,ST
170.133333333333,-1.2058562040329,0.0544310100376606,10.5303068161011,0.457319974899292,0.266770005226135,0.701223969459534,-902.700012207031,42.9000015258789,-858.900024414062,-1.92681909828068,-0.111646983943628,-0.0024013278992172,ST
170.166666666667,-0.157311603426933,0.241649761795998,10.716329574585,-0.167683988809586,-1.94360995292664,0.442075997591019,-912.300048828125,40.5,-842.100036621094,-1.92909618448949,-0.0271088255959835,-0.0191621433860578,ST
170.2,0.0598142966628075,0.678892254829407,9.67974758148193,0.670735955238342,-2.83538389205933,-0.0533539988100529,-909.900024414062,42.9000015258789,-870.900024414062,-1.92918810895732,0.0033951680343947,-0.0607020527876601,ST
170.233333333333,1.78725123405457,0.203966751694679,8.95898532867432,-0.0685980021953583,-2.80489587783813,-1.02134799957275,-921.900024414062,38.7000007629395,-851.700012207031,-1.92900143147748,0.166073626140615,-0.0298463634156897,ST
170.266666666667,1.86201906204224,0.589768946170807,7.71664237976074,-0.167683988809586,-2.87349390983582,-2.5000159740448,-912.300048828125,34.5,-861.300048828125,-1.91565654025877,0.22582765521938,-0.0673632146479206,ST
170.3,-0.35110992193222,0.486888378858566,9.2281494140625,0.899396002292633,-1.45580196380615,-2.13416004180908,-929.100036621094,38.1000022888184,-861.300048828125,-1.91205296495969,0.0174539856233481,-0.0573157766137594,ST
170.333333333333,-0.386998504400253,-0.430064797401428,9.26523494720459,-0.884151995182037,0.609759986400604,-2.23324584960938,-936.300048828125,38.1000022888184,-858.900024414062,-1.9063852851203,-0.030638355184344,0.0267166996782546,ST
170.366666666667,-1.23456704616547,-0.555076658725739,10.0045394897461,-1.53964400291443,0.823175966739655,-2.71343183517456,-941.100036621094,37.5,-849.300048828125,-1.89859509160732,-0.105029121686861,0.052065048897705,ST
170.4,-1.20525813102722,-1.18312680721283,11.3270330429077,-2.18751406669617,0.564027965068817,-3.01068997383118,-931.500061035156,32.7000007629395,-863.700012207031,-1.88740593711168,-0.105814836263041,0.0970986750088254,ST
170.433333333333,-0.727341830730438,-1.70351123809814,11.3587350845337,-2.45428395271301,-0.426831990480423,-2.80489587783813,-941.100036621094,39.3000030517578,-861.300048828125,-1.87742298555155,-0.070228912160499,0.142862472366239,ST
170.466666666667,-0.343932211399078,-1.61079907417297,10.8156213760376,-1.63110792636871,-0.426831990480423,-2.94971394538879,-962.700012207031,38.1000022888184,-866.100036621094,-1.87070239144612,-0.0380607473117173,0.149314525611905,ST
170.5,0.259594053030014,-1.40324342250824,9.66120529174805,-0.846041977405548,-0.609759986400604,-2.35519790649414,-960.300048828125,39.9000015258789,-870.900024414062,-1.86559368480465,0.014887795600276,0.146456718677138,ST
170.533333333333,0.644798099994659,-1.33625137805939,8.53011703491211,0.381099998950958,0.221037998795509,-1.05945801734924,-955.500061035156,38.7000007629395,-858.900024414062,-1.86332150061437,0.0631390864287623,0.153081957611258,ST
170.566666666667,0.541319370269775,-1.25729656219482,7.99118995666504,0.602137982845306,0.0304879993200302,-0.67835795879364,-967.500061035156,32.7000007629395,-863.700012207031,-1.86191146984311,0.0662237661780044,0.154577748869566,ST
170.6,0.836203873157501,-1.29497957229614,8.26573753356934,-0.0228659994900227,-0.411587983369827,-0.640248000621796,-986.700012207031,36.9000015258789,-880.500061035156,-1.86064948796536,0.0935918106363007,0.155204115443941,ST
170.633333333333,0.790146887302399,-1.46724474430084,8.48226547241211,-0.0228659994900227,-0.0914639979600906,0.358233988285065,-996.300048828125,40.5,-866.100036621094,-1.86272933623604,0.0919713282874425,0.168312318450193,ST
170.666666666667,0.509617805480957,-1.48279643058777,9.50508975982666,0.571649968624115,0.579271972179413,0.907018005847931,-981.900024414062,41.7000007629395,-873.300048828125,-1.86379356264348,0.0597991626245903,0.156764673609561,ST
170.7,-0.922934591770172,-1.55756425857544,12.7745389938354,1.08232402801514,1.18140995502472,0.579271972179413,-986.700012207031,47.7000007629395,-863.700012207031,-1.86454948557257,-0.0467743493016407,0.127012748813882,ST
170.733333333333,-1.50373148918152,-0.880466461181641,12.6662759780884,2.05031800270081,0.792688012123108,0.891773998737335,-986.700012207031,47.1000022888184,-866.100036621094,-1.86974399390085,-0.10477279912632,0.0781407864466736,ST
170.766666666667,-1.03060030937195,-0.657957255840302,11.453839302063,2.67532205581665,0.800309956073761,1.82927989959717,-981.900024414062,44.7000007629395,-870.900024414062,-1.87562716539304,-0.0934676939716967,0.0567266274099145,ST
170.8,-0.379222631454468,-0.604722559452057,9.64086818695068,1.89787793159485,1.08232402801514,1.50153398513794,-977.100036621094,45.3000030517578,-861.300048828125,-1.87874143977899,-0.0500382274024091,0.0587697540470511,ST
170.833333333333,-0.378026366233826,-0.366063505411148,8.55224800109863,1.30336201190948,0.815553963184357,0.792688012123108,-972.300048828125,50.1000022888184,-858.900024414062,-1.88102760019794,-0.0465129827112937,0.044133386139595,ST
170.866666666667,-0.300267785787582,0.0215331465005875,7.59043407440186,2.0731840133667,0.87652999162674,0.37347799539566,-979.500061035156,49.5000038146973,-863.700012207031,-1.88341819282503,-0.0421809410094316,0.0037185722821985,ST
170.9,0.156115308403969,0.0783567279577255,8.42544174194336,2.13416004180908,0.266770005226135,0.0838419944047928,-965.100036621094,47.1000022888184,-861.300048828125,-1.883770001958,0.006623915165795,-0.00984740962341,ST
170.933333333333,0.657957255840302,0.136376604437828,8.54806137084961,1.6920839548111,-1.59299790859222,0.144817993044853,-965.100036621094,48.3000030517578,-863.700012207031,-1.88394226583391,0.065735776776372,-0.0171793845625385,ST
170.966666666667,0.635227859020233,0.247033044695854,9.17192459106445,0.937505960464478,-2.81251788139343,-0.175305992364883,-965.100036621094,47.1000022888184,-866.100036621094,-1.8828540232699,0.0726325867895394,-0.026678702848162,ST
171.0,0.461766362190247,0.668125689029694,11.0865802764893,0.67835795879364,-2.59910202026367,0.0076219998300075,-962.700012207031,44.1000022888184,-882.900024414062,-1.88098087621053,0.0511281361545082,-0.0548112577857717,ST
171.033333333333,1.07725548744202,0.271556913852692,9.61514854431152,1.05945801734924,-1.6615959405899,1.2423859834671,-955.500061035156,47.7000007629395,-875.700012207031,-1.88536138974146,0.101734290384505,-0.0349636374648894,ST
171.066666666667,0.97258049249649,-0.139965459704399,8.596510887146,0.457319974899292,0.457319974899292,0.823175966739655,-965.100036621094,43.5,-870.900024414062,-1.89176372880166,0.109959006702232,0.0060156698149256,ST
171.1,-0.936691880226135,-0.117236025631428,11.0028400421143,-0.121951997280121,1.95123195648193,0.152439996600151,-950.700012207031,41.1000022888184,-868.500061035156,-1.89219600886863,-0.0505000720126615,0.0099263348891821,DLL
171.133333333333,-1.61917304992676,-0.268566191196442,10.859884262085,-0.0533539988100529,1.53964400291443,1.37958192825317,-948.300048828125,47.1000022888184,-868.500061035156,-1.89440668782233,-0.132768288201035,0.0219320013859816,DLL
171.166666666667,-0.963010191917419,-0.0723752975463867,10.19056224823,-0.221037998795509,1.07470202445984,2.31708788871765,-948.300048828125,44.1000022888184,-863.700012207031,-1.90166478347097,-0.102298506327643,0.009529846993297,DLL
171.2,-1.17415463924408,-0.166283741593361,9.98180961608887,0.541162014007568,1.51677799224854,2.60672402381897,-941.100036621094,44.1000022888184,-851.700012207031,-1.90729644412173,-0.116657401422485,0.0141890414586341,DLL
171.233333333333,-0.597544848918915,-0.437840640544891,8.89677810668945,-0.106707997620106,1.73781597614288,2.09605002403259,-933.900024414062,41.7000007629395,-868.500061035156,-1.90928484334755,-0.0795283778294323,0.0420362187875,DLL
171.266666666667,-0.125610023736954,-0.324791640043259,8.96915340423584,-0.78506600856781,0.457319974899292,1.46342396736145,-943.500061035156,42.3000030517578,-861.300048828125,-1.91290050889916,-0.0279285073906062,0.0383782202677146,DLL
171.3,-0.57361912727356,-0.0478514358401299,8.88541412353516,-0.777444005012512,-0.533540010452271,1.83690190315247,-936.300048828125,42.3000030517578,-851.700012207031,-1.91830249065741,-0.0564145591609665,0.0130146566245302,DLL
171.333333333333,-1.13228464126587,-0.395970642566681,9.95489311218262,-1.28049600124359,0.221037998795509,3.73477983474731,-936.300048828125,39.9000015258789,-870.900024414062,-1.92600497738184,-0.104107609750571,0.0366197638246118,DLL
171.366666666667,-1.94336652755737,0.0927121639251709,9.97702503204346,-1.18903195858002,-0.198172003030777,5.31253385543823,-936.300048828125,43.5,-858.900024414062,-1.94444664685828,-0.176387300310506,-0.0004217483237616,DLL
171.4,-1.51031100749969,-0.443822085857391,9.25446796417236,-3.06404399871826,-1.33385002613068,10.7698860168457,-931.500061035156,44.7000007629395,-849.300048828125,-1.96467566896986,-0.162785634305399,0.0410570569968002,DLL
171.433333333333,-1.41520631313324,-1.56294763088226,9.0074348449707,-5.09911775588989,-3.23172783851624,15.6098556518555,-912.300048828125,41.1000022888184,-851.700012207031,-1.98828329142663,-0.153343714507854,0.153498674805426,DLL
171.466666666667,1.26567053794861,-4.08770895004272,9.74554347991943,-6.39485788345337,-1.60824191570282,14.8552780151367,-921.900024414062,34.5,-856.500061035156,-2.01350195641513,0.0592428925858239,0.355745735647363,DLL
171.5,1.50672209262848,-3.91484570503235,9.79339504241943,-3.39941191673279,-0.0457319989800453,8.68908023834229,-921.900024414062,33.9000015258789,-851.700012207031,-2.03489262387037,0.122614686059506,0.38195105928436,DLL
171.533333333333,-0.285912334918976,-2.88245105743408,9.91302299499512,-0.190549999475479,-0.92988395690918,4.02441596984863,-905.100036621094,36.3000030517578,-854.100036621094,-2.03935349814636,0.0022093253237488,0.303517499007209,DLL
171.566666666667,-0.358287632465363,-2.85852527618408,8.54148197174072,-0.632625997066498,-1.39482593536377,3.83386588096619,-897.900024414062,35.1000022888184,-858.900024414062,-2.04935692532795,-0.0324956374206182,0.320476818677307,DLL
171.6,-1.54380702972412,-2.37343120574951,10.0200910568237,-1.13567793369293,-0.983237981796265,3.7881338596344,-897.900024414062,41.7000007629395,-851.700012207031,-2.06394602400494,-0.125468627823496,0.251679619020191,DLL
171.633333333333,-1.0276095867157,-2.66831588745117,10.2073097229004,-0.701223969459534,-1.15092194080353,4.74088382720947,-900.300048828125,35.1000022888184,-839.700012207031,-2.07490054641963,-0.102925519433842,0.255108015498076,DLL
171.666666666667,0.169274464249611,-2.88603973388672,8.62402534484863,-1.17378795146942,-2.47714996337891,3.7805118560791,-914.700012207031,45.9000015258789,-839.700012207031,-2.08200219913556,-0.0041938658149018,0.310735604184812,DLL
171.7,-0.837998330593109,-2.05820989608765,8.50379848480225,0.358233988285065,-0.861285984516144,2.27897787094116,-890.700012207031,38.7000007629395,-849.300048828125,-2.09016746688679,-0.0778357054702945,0.250813426514556,DLL
171.733333333333,-0.506627082824707,-2.46674156188965,9.66838264465332,0.830797970294952,0.960371971130371,2.5000159740448,-919.500061035156,34.5,-849.300048828125,-2.09535648600765,-0.0580635266573661,0.248624763517023,DLL
171.766666666667,-0.116637878119946,-2.6216607093811,8.88840484619141,0.243903994560242,-0.945127964019775,1.47866797447205,-919.500061035156,34.5,-854.100036621094,-2.09832152834379,-0.0194784820768487,0.27998989599802,DLL
171.8,-1.11015331745148,-1.61977112293243,7.41816902160645,0.716467976570129,-0.0228659994900227,-0.381099998950958,-905.100036621094,35.7000007629395,-854.100036621094,-2.1010245475123,-0.119644097593731,0.227357981432157,DLL
171.833333333333,-1.16518247127533,-2.01334929466248,9.08220291137695,0.655492007732391,1.79879200458527,0.708845973014832,-902.700012207031,29.7000007629395,-846.900024414062,-2.10252885872674,-0.126267448117058,0.219043575031467,DLL
171.866666666667,-0.167480036616325,-3.04574394226074,10.3490695953369,-1.36433792114258,-1.6692179441452,0.777444005012512,-917.100036621094,36.9000015258789,-849.300048828125,-2.10105465624706,-0.0333402924532614,0.276169534466086,DLL
171.9,-0.0388792939484119,-2.5797905921936,8.21250343322754,-1.50153398513794,-2.35519790649414,0.632625997066498,-914.700012207031,30.3000011444092,-842.100036621094,-2.10356409699822,-0.0074410319685067,0.30075206773887,DLL
171.933333333333,-0.507225215435028,-2.61508107185364,9.21319580078125,-0.594515979290009,0.236281991004944,2.37044191360474,-912.300048828125,36.3000030517578,-854.100036621094,-2.10915150583183,-0.0449983400117158,0.282190148765441,DLL
171.966666666667,-0.834409415721893,-3.1587929725647,10.8293781280518,0.975615978240967,1.28049600124359,2.0655620098114,-909.900024414062,41.1000022888184,-854.100036621094,-2.11277442462703,-0.0705327434978697,0.281989706739862,DLL
172.0,0.893027484416962,-2.83759021759033,7.68195009231567,0.548784017562866,-0.769822001457214,-0.0076219998300075,-900.300048828125,39.9000015258789,-851.700012207031,-2.11333021952449,0.0733733895477672,0.338592857685317,DLL
172.033333333333,-1.82493424415588,-1.04615211486816,7.53839588165283,2.88873791694641,1.88263392448425,-0.0381099991500378,-917.100036621094,35.1000022888184,-854.100036621094,-2.12040977010038,-0.17848960070971,0.174184381102812,DLL
172.066666666667,-2.58278131484985,-2.25499892234802,12.0292530059814,2.77440786361694,3.38416790962219,1.54726600646973,-914.700012207031,36.9000015258789,-856.500061035156,-2.12039685702949,-0.207883803415458,0.17907125987134,DLL
172.1,-0.738108456134796,-3.00387406349182,10.1032333374023,0.853663980960846,-0.0533539988100529,-0.274392008781433,-909.900024414062,35.1000022888184,-856.500061035156,-2.10620745955202,-0.0978262747451842,0.26605422943003,DLL
172.133333333333,-1.12510693073273,-1.61319160461426,9.41058349609375,0.0990860015153885,-1.97409796714783,-0.769822001457214,-905.100036621094,28.5000019073486,-870.900024414062,-2.11348903810994,-0.110534620700704,0.189155302623211,DLL
172.166666666667,-0.75246387720108,-2.44461035728455,9.37648963928223,-0.266770005226135,-1.44817996025085,1.87501192092896,-926.700012207031,30.3000011444092,-854.100036621094,-2.1133681423968,-0.082813498759855,0.241878051314179,DLL
172.2,0.211742609739304,-2.76042985916138,8.83337497711182,-0.807931959629059,-1.00610399246216,0.6250039935112,-902.700012207031,41.1000022888184,-866.100036621094,-2.11355883250334,0.0050980971102739,0.293165054969154,DLL
172.233333333333,1.31112945079803,-2.38240337371826,6.22068691253662,-0.708845973014832,-1.53964400291443,-0.396344006061554,-919.500061035156,41.7000007629395,-861.300048828125,-2.11871418860882,0.162678380118613,0.353639785611439,DLL
172.266666666667,-1.05931115150452,-1.95652568340302,8.83516979217529,0.282013982534409,-0.342989981174469,0.586893975734711,-907.500061035156,42.9000015258789,-861.300048828125,-2.11458559514498,-0.0591982869851175,0.245538190106231,DLL
172.3,-1.61737859249115,-2.59055709838867,11.2223587036133,1.15854394435883,-0.266770005226135,1.265251994133,-912.300048828125,32.1000022888184,-868.500061035156,-2.11882189934521,-0.123352763892379,0.2288869482226,DLL
172.333333333333,-0.177050322294235,-2.44221782684326,10.3167695999146,0.289635986089706,-2.40855193138123,0.198172003030777,-921.900024414062,42.9000015258789,-854.100036621094,-2.12027851557521,-0.0349980020313698,0.231310919761254,DLL
172.366666666667,0.193200185894966,-1.97626435756683,9.2287483215332,0.442075997591019,-2.80489587783813,0.266770005226135,-907.500061035156,33.9000015258789,-863.700012207031,-2.12253761734176,0.013737390205723,0.214204289270039,DLL
172.4,-1.42477655410767,-1.27524077892303,10.3221530914307,2.43141794204712,-0.0762199983000755,1.14329993724823,-919.500061035156,38.7000007629395,-868.500061035156,-2.12859365895252,-0.107764179799684,0.13700395413002,DLL
172.433333333333,-0.824839174747467,-1.71906292438507,9.4907341003418,2.31708788871765,0.632625997066498,0.937505960464478,-919.500061035156,33.9000015258789,-880.500061035156,-2.12696180044769,-0.0904463340037823,0.16823679144207,DLL
172.466666666667,-1.01265609264374,-0.626853823661804,8.30581283569336,1.45580196380615,0.0457319989800453,-0.0152439996600151,-936.300048828125,31.5000019073486,-870.900024414062,-2.13437721592912,-0.114960078477798,0.0921082408468225,DLL
172.5,-0.766221165657043,-0.785361707210541,8.05220031738281,1.69970595836639,1.20427596569061,1.50153398513794,-912.300048828125,30.9000015258789,-858.900024414062,-2.13720647758691,-0.0998170685393037,0.0936918339390964,DLL
172.533333333333,-1.4821982383728,-1.07486295700073,9.5924186706543,1.60061991214752,1.57013201713562,1.14329993724823,-933.900024414062,29.1000003814697,-870.900024414062,-2.13756079751362,-0.144108222541592,0.105555098842367,DLL
172.566666666667,-0.901401460170746,-1.17893981933594,8.92728424072266,-0.0609759986400604,0.137196004390717,0.46494197845459,-902.700012207031,30.3000011444092,-875.700012207031,-2.13599790928706,-0.108982393184863,0.126150005971616,DLL
172.6,-0.497654944658279,-1.02222633361816,8.47747993469238,-1.08994603157043,-0.937505960464478,0.0,-919.500061035156,27.3000011444092,-863.700012207031,-2.13678589970965,-0.0671491603785512,0.122748826304836,DLL
172.633333333333,-0.555076658725739,-1.65685606002808,8.99367809295654,-1.39482593536377,-1.00610399246216,-0.289635986089706,-907.500061035156,33.9000015258789,-866.100036621094,-2.1335191390344,-0.0605075243005129,0.172157502374619,DLL
172.666666666667,-0.75545459985733,-1.74538123607635,9.86397552490234,-1.62348592281342,-0.647870004177094,-0.282013982534409,-912.300048828125,28.5000019073486,-870.900024414062,-2.13307882844309,-0.0713395003758218,0.176811507957231,DLL
172.7,-1.00966536998749,-1.77768087387085,9.82031154632568,-1.22714197635651,-0.548784017562866,0.0304879993200302,-900.300048828125,37.5,-878.100036621094,-2.13331470761321,-0.0941366252409825,0.180321603473066,DLL
172.733333333333,-0.894821882247925,-1.39128053188324,8.83457183837891,-0.350611984729767,-0.282013982534409,0.266770005226135,-914.700012207031,29.1000003814697,-868.500061035156,-2.13610920421796,-0.098502025619097,0.160472922192555,DLL
172.766666666667,-0.56763768196106,-1.67001521587372,9.63189601898193,-0.922261953353882,0.297257989645004,0.792688012123108,-902.700012207031,26.7000007629395,-870.900024414062,-2.13712869595609,-0.0667582480568797,0.170634565202887,DLL
172.8,-0.458177506923676,-2.09649109840393,9.2939453125,-1.98934197425842,-0.868907988071442,1.2423859834671,-914.700012207031,28.5000019073486,-870.900024414062,-2.1380220191862,-0.0509920611351849,0.214203046226912,DLL
172.833333333333,-0.244640469551086,-2.62883830070496,9.04870700836182,-2.9268479347229,-1.27287399768829,0.548784017562866,-919.500061035156,32.7000007629395,-870.900024414062,-2.13786296800394,-0.0294919074420944,0.272957525354679,DLL
172.866666666667,-0.0933103039860725,-2.76521492004395,9.11091327667236,-2.5076379776001,-1.03659200668335,-0.167683988809586,-902.700012207031,32.1000022888184,-870.900024414062,-2.13787049822996,-0.0115922570727263,0.294667778485176,DLL
172.9,0.821848452091217,-2.72813010215759,8.73587799072266,-1.11281192302704,-1.70732796192169,-0.853663980960846,-900.300048828125,32.1000022888184,-861.300048828125,-2.13724192434478,0.0753193133129309,0.302983205695105,DLL
172.933333333333,0.212340757250786,-2.03667688369751,8.91352653503418,1.41006994247437,-1.43293595314026,-0.37347799539566,-919.500061035156,36.9000015258789,-878.100036621094,-2.13383454764894,0.034678049746206,0.236586479512456,DLL
172.966666666667,-0.955832481384277,-2.61986613273621,11.0459060668945,1.81403601169586,0.182927995920181,0.503051996231079,-907.500061035156,32.1000022888184,-863.700012207031,-2.1348758590421,-0.0604172405075111,0.23112984770282,DLL
173.0,-0.769211888313293,-2.95183563232422,10.8754358291626,-0.0838419944047928,0.205793991684914,0.167683988809586,-907.500061035156,35.7000007629395,-866.100036621094,-2.13338277484241,-0.0671206427590304,0.2590898084228,DLL
173.033333333333,-0.424681514501572,-3.52605271339417,12.2039108276367,-2.32470989227295,-0.724089980125427,-0.243903994560242,-912.300048828125,37.5,-875.700012207031,-2.13244083488404,-0.0383441372443808,0.280653632421228,DLL
173.066666666667,1.15441596508026,-4.17982292175293,9.03794002532959,-2.44666194915771,-2.5152599811554,-0.975615978240967,-912.300048828125,41.7000007629395,-875.700012207031,-2.13520247465429,0.0880493187012823,0.405536778608228,DLL
173.1,-0.0843381583690643,-2.84117913246155,7.35656023025513,1.44055795669556,1.44817996025085,-0.46494197845459,-919.500061035156,35.7000007629395,-870.900024414062,-2.13158317983627,0.0076137705574224,0.373999250398239,DLL
173.133333333333,-0.588572680950165,-2.39855337142944,7.13584566116333,3.73477983474731,4.04728174209595,0.472563982009888,-905.100036621094,34.5,-861.300048828125,-2.13044756985174,-0.06628640746801,0.329208678905458,DLL
173.166666666667,-2.07435989379883,-1.4241783618927,7.15797710418701,5.20582580566406,4.52746772766113,-0.0381099991500378,-921.900024414062,38.7000007629395,-873.300048828125,-2.14284488999342,-0.240457066444103,0.217533100694582,DLL
173.2,-2.13537049293518,-1.04375946521759,9.34239482879639,3.65093803405762,2.89635992050171,0.922261953353882,-907.500061035156,26.7000007629395,-863.700012207031,-2.16341401901796,-0.230897748738594,0.124791527485362,DLL
173.233333333333,-2.41410493850708,-1.01086163520813,9.34478759765625,1.44055795669556,-0.952749967575073,0.967993974685669,-895.500061035156,32.7000007629395,-866.100036621094,-2.1688015561152,-0.246110317891916,0.108830360867705,DLL
173.266666666667,-2.74786877632141,-1.18611752986908,11.2223587036133,0.205793991684914,-0.762199997901917,0.693601965904236,-893.100036621094,29.7000007629395,-868.500061035156,-2.17134235445191,-0.23916699057775,0.10536395104337,DLL
173.3,-1.07306849956512,-0.91276615858078,10.0476055145264,-0.503051996231079,-2.75154185295105,1.08994603157043,-905.100036621094,39.9000015258789,-870.900024414062,-2.17708391364349,-0.124527869918968,0.0935013114369109,DLL
173.333333333333,0.0867307335138321,-1.48279643058777,7.1525936126709,-0.823175966739655,-3.93295192718506,1.63110792636871,-912.300048828125,37.5,-870.900024414062,-2.17609501437082,-0.0107354536812375,0.183123511344126,DLL
173.366666666667,0.613096535205841,-1.54081630706787,6.95939350128174,-0.830797970294952,-2.08842802047729,1.12805593013763,-905.100036621094,30.9000015258789,-875.700012207031,-2.18037210961628,0.0688552544928132,0.212116646358411,DLL
173.4,-1.93678689002991,-1.13348090648651,11.0991411209106,0.6250039935112,-0.259148001670837,2.03507399559021,-912.300048828125,35.7000007629395,-868.500061035156,-2.18834455035965,-0.131132112597236,0.119844933370755,DLL
173.433333333333,0.189611315727234,-2.11742615699768,9.39383506774902,0.396344006061554,-2.28659987449646,1.56251001358032,-912.300048828125,33.9000015258789,-873.300048828125,-2.18702260763476,-0.0081464877557627,0.200575187769563,DLL
173.466666666667,0.196789041161537,-2.2292788028717,9.97164154052734,-0.236281991004944,-3.17075204849243,0.99848198890686,-909.900024414062,23.7000007629395,-887.700012207031,-2.19085813482401,0.0177613034312485,0.216391693275768,DLL
173.5,0.0968991592526436,-2.30105590820312,9.94412708282471,-0.3125019967556,-3.68142580986023,1.01372599601746,-914.700012207031,31.5000019073486,-875.700012207031,-2.19513817350439,0.0158525076116762,0.225654758049736,DLL
173.533333333333,1.88833737373352,-2.2131290435791,7.40680456161499,-0.548784017562866,-2.69056582450867,1.05945801734924,-924.300048828125,32.7000007629395,-890.100036621094,-2.20445985709454,0.197438429501613,0.278092410735355,DLL
173.566666666667,1.25430583953857,-2.13537049293518,8.83995532989502,-0.640248000621796,-1.54726600646973,1.37195992469788,-936.300048828125,32.7000007629395,-885.300048828125,-2.20264714193704,0.150862719625406,0.246527658723313,DLL
173.6,0.446214646100998,-2.38539409637451,9.00025749206543,-0.602137982845306,-0.121951997280121,1.36433792114258,-907.500061035156,31.5000019073486,-880.500061035156,-2.20679243873652,0.06838852988161,0.257618184729222,DLL
173.633333333333,0.611302137374878,-2.67668986320496,8.9057502746582,-1.71494996547699,0.213415995240211,1.30336201190948,-924.300048828125,42.9000015258789,-892.500061035156,-2.2112839303884,0.0654224800920976,0.287542503775732,DLL
173.666666666667,0.312828779220581,-2.26756000518799,9.58344650268555,-1.35671591758728,0.266770005226135,1.74543797969818,-907.500061035156,32.1000022888184,-902.100036621094,-2.21292795013654,0.0364003969282139,0.243676060178423,DLL
173.7,-0.613694667816162,-1.44152450561523,9.27719783782959,2.08842802047729,2.45428395271301,2.29422187805176,-917.100036621094,38.1000022888184,-885.300048828125,-2.2173594278432,-0.0487196922667616,0.169348185187671,DLL
173.733333333333,-1.1538177728653,-1.66283750534058,10.9101276397705,2.85062789916992,3.69666981697083,2.61434602737427,-909.900024414062,30.3000011444092,-882.900024414062,-2.22311929980853,-0.100081392311254,0.15017454978896,DLL
173.766666666667,-0.447410941123962,-1.95413303375244,11.1146926879883,1.27287399768829,0.975615978240967,0.617381989955902,-909.900024414062,28.5000019073486,-866.100036621094,-2.22262878624856,-0.0526097932692313,0.167690808594357,DLL
173.8,-0.811081886291504,-1.70530557632446,12.096245765686,1.38720393180847,1.48628997802734,0.602137982845306,-897.900024414062,33.3000030517578,-875.700012207031,-2.2248255480542,-0.0662702516179987,0.142647211753446,DLL
173.833333333333,-0.486290246248245,-1.98882532119751,10.8407430648804,1.86738991737366,0.861285984516144,1.2347639799118,-902.700012207031,28.5000019073486,-880.500061035156,-2.22542660946246,-0.0500340646779689,0.170943877142915,DLL
173.866666666667,1.10058307647705,-1.93140363693237,8.19336223602295,0.304879993200302,-0.304879993200302,0.396344006061554,-907.500061035156,29.7000007629395,-866.100036621094,-2.22750528745915,0.0938603958127893,0.218824141604915,DLL
173.9,2.41530132293701,-1.25610029697418,4.77078819274902,0.137196004390717,-0.830797970294952,-1.00610399246216,-902.700012207031,29.7000007629395,-875.700012207031,-2.23297955679461,0.391028451825312,0.249400315955985,DLL
173.933333333333,0.344530344009399,-1.01923561096191,6.31100654602051,1.28811800479889,1.69970595836639,-1.14329993724823,-893.100036621094,29.1000003814697,-880.500061035156,-2.21074556485057,0.105975684648768,0.171370762976194,DLL
173.966666666667,-0.726145565509796,-1.90149652957916,10.4633150100708,2.01982998847961,2.4847719669342,-2.80489587783813,-895.500061035156,30.3000011444092,-880.500061035156,-2.2034689700629,-0.0377379254097281,0.175332178272487,DLL
174.0,-1.62515449523926,-2.46614336967468,13.2865495681763,2.57623600959778,2.02745199203491,-5.0000319480896,-905.100036621094,33.9000015258789,-875.700012207031,-2.19065897826143,-0.104716133757406,0.178888675173428,DLL
174.033333333333,-1.9008983373642,-2.8501513004303,14.2980098724365,2.25611186027527,1.49391198158264,-8.01834392547607,-909.900024414062,28.5000019073486,-887.700012207031,-2.16995137331604,-0.124605778344139,0.19135316090598,DLL
174.066666666667,-2.02710652351379,-1.68018364906311,12.7464265823364,3.3460578918457,2.97257995605469,-10.0305519104004,-900.300048828125,29.1000003814697,-873.300048828125,-2.15088655408823,-0.152732225673917,0.139187091685371,DLL
174.1,0.652574002742767,-1.71128702163696,8.23523235321045,2.5076379776001,1.94360995292664,-10.602201461792,-900.300048828125,30.3000011444092,-868.500061035156,-2.12183240388846,0.0334038801337035,0.189464353978685,DLL
174.133333333333,1.05572235584259,-1.01145970821381,5.53342056274414,2.16464805603027,0.327746003866196,-11.989405632019,-900.300048828125,30.9000015258789,-873.300048828125,-2.0913877781131,0.162702922177729,0.177042650401141,DLL
174.166666666667,0.0167480036616325,-0.729734420776367,5.36833333969116,2.52288198471069,0.449698001146317,-10.0305519104004,-905.100036621094,33.9000015258789,-858.900024414062,-2.06528126943643,0.0368105944892853,0.138883890509165,DLL
174.2,-0.650779545307159,-0.455784946680069,5.8103609085083,2.36281991004944,1.2423859834671,-8.38420009613037,-905.100036621094,36.3000030517578,-875.700012207031,-2.04678360608277,-0.081826865025026,0.0878103784269683,DLL
174.233333333333,-0.750669419765472,-1.55756425857544,7.18549156188965,0.358233988285065,1.06708002090454,-5.42686367034912,-905.100036621094,35.7000007629395,-866.100036621094,-2.02497692179795,-0.0981527012542517,0.18829481483871,DLL
174.266666666667,-1.0916109085083,-2.19638109207153,11.1087112426758,-1.70732796192169,1.98934197425842,-5.05338573455811,-907.500061035156,40.5,-878.100036621094,-2.01114756919773,-0.0978636197169271,0.197285507012169,DLL
174.3,-1.82912123203278,-2.42786240577698,12.9569730758667,-0.830797970294952,1.12805593013763,-2.46190595626831,-907.500061035156,38.1000022888184,-863.700012207031,-2.00625236400916,-0.13070263005096,0.189276044542356,DLL
174.333333333333,-1.95353496074677,-3.18989658355713,12.2272386550903,-0.457319974899292,1.53202199935913,-0.419209986925125,-909.900024414062,37.5,-873.300048828125,-1.99722780498664,-0.150799378664655,0.242663656436578,DLL
174.366666666667,-1.25131511688232,-2.67848420143127,11.4406805038452,-1.31860601902008,1.90549993515015,-0.670735955238342,-907.500061035156,41.1000022888184,-866.100036621094,-1.99604677209689,-0.116052946478691,0.234217655353008,DLL
174.4,-0.340941488742828,-2.47451758384705,9.38067626953125,-0.282013982534409,0.259148001670837,0.129574000835419,-902.700012207031,42.9000015258789,-873.300048828125,-1.99461756484276,-0.0518421742350774,0.253570754783615,DLL
174.433333333333,0.349913626909256,-2.56543517112732,7.3164849281311,1.15854394435883,0.937505960464478,0.731711983680725,-902.700012207031,37.5,-875.700012207031,-1.9946684832646,0.0239664544363409,0.318744009425111,DLL
174.466666666667,-1.06529259681702,-1.60721015930176,7.95290899276733,3.06404399871826,2.02745199203491,1.53202199935913,-900.300048828125,31.5000019073486,-875.700012207031,-2.00043658533372,-0.102580020497143,0.219513677383741,DLL
174.5,-1.29916656017303,-1.51330173015594,7.97683477401733,3.3689239025116,0.548784017562866,2.97257995605469,-907.500061035156,35.7000007629395,-868.500061035156,-2.00971237302923,-0.148928088982664,0.188773040190234,DLL
174.533333333333,-1.34462535381317,-1.14065861701965,9.1509895324707,2.76678586006165,-1.16616594791412,3.10977602005005,-907.500061035156,31.5000019073486,-894.900024414062,-2.02442144609454,-0.144712045979399,0.132551328780441,DLL
174.566666666667,-1.77050316333771,-0.776389598846436,10.6403656005859,3.07928800582886,-1.44055795669556,3.41465592384338,-902.700012207031,35.7000007629395,-866.100036621094,-2.0393929029773,-0.15897784121163,0.0798653842877597,DLL
174.6,-2.11563158035278,-0.691453278064728,11.7941827774048,3.91008591651917,-1.76830399036407,3.51374197006226,-907.500061035156,34.5,-870.900024414062,-2.049979809816,-0.171379573363131,0.0565665970033613,DLL
174.633333333333,-0.881064593791962,-0.656760990619659,10.7994709014893,2.96495795249939,-2.11891603469849,3.29270386695862,-909.900024414062,41.1000022888184,-873.300048828125,-2.0574521816145,-0.094595948645747,0.0551920636252006,DLL
174.666666666667,-0.114245310425758,-0.446812808513641,8.37759017944336,1.2347639799118,-1.49391198158264,2.24086785316467,-905.100036621094,36.9000015258789,-887.700012207031,-2.0628142487842,-0.0280400434537527,0.0517937584814774,DLL
174.7,-0.754856407642365,-0.371446788311005,8.3100004196167,0.975615978240967,1.48628997802734,1.45580196380615,-902.700012207031,37.5,-875.700012207031,-2.06636038086888,-0.0808299288363762,0.0445266572134241,DLL
174.733333333333,-1.22738933563232,-0.318810194730759,8.64555835723877,1.05945801734924,1.93598794937134,0.480185985565186,-897.900024414062,30.3000011444092,-875.700012207031,-2.06789966347202,-0.132993321695549,0.0366535835328338,DLL
174.766666666667,-1.18791198730469,-0.64838695526123,8.5187520980835,-0.167683988809586,0.350611984729767,0.381099998950958,-900.300048828125,32.1000022888184,-878.100036621094,-2.06441751681994,-0.137849219589783,0.0695380826133602,DLL
174.8,-1.43554317951202,-0.441429525613785,10.018895149231,-0.297257989645004,-0.937505960464478,0.708845973014832,-888.300048828125,32.7000007629395,-861.300048828125,-2.06903708180121,-0.140065856725579,0.0494428429077607,DLL
174.833333333333,-1.09101283550262,-0.340343356132507,10.5189418792725,0.655492007732391,-2.12653803825378,1.22714197635651,-890.700012207031,26.1000003814697,-882.900024414062,-2.07368600458603,-0.10781637723099,0.0346518388625341,DLL
174.866666666667,-0.400755792856216,-0.322997212409973,10.2653293609619,0.952749967575073,-2.62196803092957,0.99848198890686,-888.300048828125,30.3000011444092,-870.900024414062,-2.07631444465854,-0.0492690499711167,0.0306723608657651,DLL
174.9,-0.0903195887804031,-0.254210770130157,9.78920745849609,0.564027965068817,-2.9344699382782,1.05945801734924,-893.100036621094,30.9000015258789,-890.100036621094,-2.07904722961067,-0.0132489324293039,0.0260862743389829,DLL
174.933333333333,0.0496458671987057,-0.382811486721039,8.78014087677002,0.0609759986400604,-1.17378795146942,0.777444005012512,-897.900024414062,27.3000011444092,-873.300048828125,-2.08103196810746,0.0041403443584531,0.040547540154975,ST
174.966666666667,-0.391783654689789,-0.295482635498047,8.78313159942627,-0.541162014007568,0.708845973014832,0.861285984516144,-895.500061035156,30.9000015258789,-887.700012207031,-2.08317116561887,-0.0369153800155671,0.0356160040024369,ST
175.0,-0.803305983543396,-0.341539651155472,9.55114650726318,-0.83841997385025,0.731711983680725,1.31098401546478,-895.500061035156,26.1000003814697,-880.500061035156,-2.086166429377,-0.0754739684733985,0.0367779942710181,ST
175.033333333333,-0.899008870124817,-0.250621914863586,9.28377723693848,-0.602137982845306,1.14329993724823,1.6844619512558,-907.500061035156,31.5000019073486,-873.300048828125,-2.09066727652566,-0.0939297016117814,0.0296040366898313,ST
175.066666666667,-0.57062840461731,-0.659153580665588,9.30351543426514,-0.846041977405548,1.32622802257538,0.815553963184357,-905.100036621094,29.7000007629395,-880.500061035156,-2.08978181740303,-0.069639533494945,0.0635580433958547,ST
175.1,-0.942075192928314,-0.784165441989899,10.1780004501343,-0.937505960464478,0.731711983680725,0.442075997591019,-900.300048828125,29.1000003814697,-866.100036621094,-2.08990765411044,-0.0885747168329373,0.0754648418580456,ST
175.133333333333,-1.36914920806885,-0.687266290187836,9.91960334777832,-0.121951997280121,0.510673999786377,0.228659987449646,-907.500061035156,35.7000007629395,-887.700012207031,-2.09090154516841,-0.127836316912185,0.0705920978999247,ST
175.166666666667,-1.8267285823822,-0.626853823661804,10.414267539978,0.571649968624115,0.419209986925125,0.0762199983000755,-890.700012207031,34.5,-873.300048828125,-2.0921549853614,-0.164750657966068,0.0614397278454167,ST
175.2,-1.46365582942963,-0.536534249782562,10.4992036819458,0.114329993724823,-1.30336201190948,-0.0152439996600151,-895.500061035156,28.5000019073486,-887.700012207031,-2.0935428762207,-0.141844338734012,0.0529741468439191,ST
175.233333333333,-0.449205368757248,-0.604124426841736,8.53908920288086,-0.228659987449646,-2.16464805603027,-0.556405961513519,-895.500061035156,29.7000007629395,-890.100036621094,-2.09110800002187,-0.06740089595007,0.0674826217386974,ST
175.266666666667,-0.459971934556961,-0.619676113128662,7.99776983261108,-0.228659987449646,-0.716467976570129,-0.571649968624115,-893.100036621094,29.1000003814697,-878.100036621094,-2.08943123227574,-0.0582642562416884,0.0757073328343613,ST
175.3,-1.48638522624969,-0.69264954328537,9.27480506896973,0.830797970294952,1.30336201190948,-0.518296003341675,-897.900024414062,30.9000015258789,-868.500061035156,-2.08798520753344,-0.141207791824002,0.0737061912914157,ST
175.333333333333,-1.10835897922516,-0.584983825683594,7.96546983718872,0.754577994346619,1.08232402801514,-1.17378795146942,-902.700012207031,35.7000007629395,-868.500061035156,-2.08504770186358,-0.139944393152039,0.072582972499312,ST
175.366666666667,-1.52107763290405,-0.709397554397583,10.0338487625122,0.182927995920181,0.0533539988100529,-1.63872992992401,-900.300048828125,27.9000015258789,-878.100036621094,-2.08146877921433,-0.147949178532884,0.0710655551355074,ST
175.4,-1.58089184761047,-0.852353751659393,10.9316606521606,0.579271972179413,-0.403965979814529,-1.18903195858002,-895.500061035156,30.3000011444092,-887.700012207031,-2.07784375871156,-0.143400099075135,0.0759537450463256,ST
175.433333333333,-1.12151801586151,-0.692051410675049,11.0339431762695,0.739333987236023,-1.10518991947174,-1.57775402069092,-905.100036621094,35.1000022888184,-890.100036621094,-2.07564137136232,-0.107931884224639,0.0645364865394763,ST
175.466666666667,-0.170470744371414,-0.748276829719543,7.90087032318115,-0.129574000835419,-1.93598794937134,-1.57775402069092,-905.100036621094,38.7000007629395,-873.300048828125,-2.07020780963401,-0.0320795313667616,0.090056180558627,ST
175.5,-0.171667039394379,-0.907382905483246,9.01640701293945,-0.975615978240967,-0.6250039935112,-1.71494996547699,-897.900024414062,38.1000022888184,-873.300048828125,-2.06598562684803,-0.0201563820696194,0.0999279150809864,ST
175.533333333333,0.984543323516846,-0.813474416732788,8.21609210968018,-1.55488801002502,-2.23324584960938,-1.79879200458527,-890.700012207031,39.3000030517578,-873.300048828125,-2.06228157117892,0.0940054664885798,0.1010195707595,ST
175.566666666667,0.668723821640015,-1.35658824443817,7.74176454544067,-0.861285984516144,-1.89787793159485,-0.335367977619171,-900.300048828125,33.9000015258789,-880.500061035156,-2.06731279393698,0.0894520460037918,0.160057122691088,ST
175.6,-0.44023323059082,-1.56773269176483,10.2378149032593,-0.182927995920181,0.0990860015153885,-0.0152439996600151,-900.300048828125,37.5,-882.900024414062,-2.06699457939452,-0.0174972246409787,0.153780779959031,ST
175.633333333333,-1.40982294082642,-1.53244233131409,11.601580619812,0.518296003341675,-0.0533539988100529,0.594515979290009,-897.900024414062,39.3000030517578,-875.700012207031,-2.06957779644692,-0.102719648858044,0.134337279423066,ST
175.666666666667,-0.613096535205841,-1.57550859451294,10.0003519058228,0.800309956073761,-0.495429992675781,0.0228659994900227,-921.900024414062,35.7000007629395,-880.500061035156,-2.06820523618353,-0.0673328319565942,0.151205774201733,ST
175.7,-1.92003893852234,-1.35838270187378,10.9460163116455,1.21189796924591,0.487807989120483,0.0914639979600906,-914.700012207031,30.9000015258789,-868.500061035156,-2.07067662719188,-0.15541101413603,0.126450294911044,ST
175.733333333333,-2.22568988800049,-1.05392789840698,10.3520603179932,1.49391198158264,1.94360995292664,-0.259148001670837,-902.700012207031,34.5,-873.300048828125,-2.07289406564362,-0.20420480201618,0.103659549384597,ST
175.766666666667,-1.45767438411713,-0.821250319480896,8.61983871459961,0.503051996231079,1.28811800479889,-0.0990860015153885,-907.500061035156,37.5,-873.300048828125,-2.07358434291941,-0.174906335716383,0.0957680093689024,ST
175.8,-1.22260427474976,-0.993515491485596,8.25198078155518,0.0685980021953583,0.724089980125427,0.350611984729767,-902.700012207031,31.5000019073486,-870.900024414062,-2.07101757338146,-0.152296238077059,0.115387374013306,ST
175.833333333333,-0.82663357257843,-1.02043187618256,8.58095932006836,0.457319974899292,0.87652999162674,0.579271972179413,-907.500061035156,32.7000007629395,-873.300048828125,-2.07174635596281,-0.108149956393807,0.117057218935051,ST
175.866666666667,-0.30325847864151,-1.17236018180847,8.81363677978516,0.289635986089706,-1.07470202445984,0.426831990480423,-912.300048828125,39.9000015258789,-870.900024414062,-2.07205934641432,-0.04761523817234,0.128749156149209,ST
175.9,-0.279930919408798,-1.1556122303009,8.2980375289917,0.525918006896973,-1.91312193870544,0.46494197845459,-890.700012207031,36.9000015258789,-870.900024414062,-2.0734155531189,-0.0335041473282094,0.135765840834804,ST
175.933333333333,-1.62096750736237,-0.781174719333649,10.3125829696655,1.32622802257538,-0.670735955238342,0.907018005847931,-902.700012207031,38.1000022888184,-892.500061035156,-2.07992945472847,-0.134124007891062,0.083810927223111,ST
175.966666666667,-0.988132178783417,-0.731528878211975,10.1205787658691,1.2347639799118,-1.63872992992401,1.57775402069092,-902.700012207031,30.9000015258789,-880.500061035156,-2.08921854795972,-0.0946987236470294,0.0698143834392708,ST
176.0,-0.795530140399933,-0.595152258872986,8.97573375701904,0.609759986400604,-1.73019397258759,1.15854394435883,-893.100036621094,38.7000007629395,-887.700012207031,-2.09263274012604,-0.0869022971419361,0.0657637120818619,ST
176.033333333333,-0.806296706199646,-0.634629666805267,9.99018383026123,0.724089980125427,-0.701223969459534,0.945127964019775,-902.700012207031,42.3000030517578,-880.500061035156,-2.09507899280954,-0.0807077298733521,0.0627412908082063,ST
176.066666666667,-0.0400755777955055,-0.582591235637665,8.74006462097168,0.525918006896973,-2.00458598136902,0.419209986925125,-897.900024414062,31.5000019073486,-894.900024414062,-2.0962009598911,-0.016239883623805,0.0650722097248762,ST
176.1,-0.148937597870827,-0.70461243391037,8.4709005355835,1.04421401023865,-1.31098401546478,0.617381989955902,-914.700012207031,33.9000015258789,-875.700012207031,-2.09773116834684,-0.0154731308916338,0.0784492766761041,ST
176.133333333333,0.455784946680069,-1.11852741241455,9.33282470703125,0.198172003030777,-1.41769194602966,0.137196004390717,-905.100036621094,34.5,-882.900024414062,-2.09875316934508,0.0382890054122744,0.111248804267801,ST
176.166666666667,1.16936945915222,-1.5121054649353,9.85440540313721,-0.701223969459534,-2.60672402381897,-0.342989981174469,-917.100036621094,35.1000022888184,-897.300048828125,-2.10116823841153,0.107405524110749,0.146358315940866,ST
176.2,0.781174719333649,-0.776389598846436,10.0703353881836,-0.518296003341675,-2.76678586006165,-0.960371971130371,-907.500061035156,37.5,-880.500061035156,-2.09429034141069,0.0873056096039924,0.0915316062573334,ST
176.233333333333,-0.0610105842351913,-0.459971934556961,10.3616304397583,1.02897000312805,-1.43293595314026,0.746955990791321,-917.100036621094,39.3000030517578,-875.700012207031,-2.09436818923571,0.014860573125884,0.0524740000435104,ST
176.266666666667,-0.232079476118088,-0.43724250793457,10.8850059509277,1.62348592281342,-1.18903195858002,1.34147191047668,-924.300048828125,32.1000022888184,-880.500061035156,-2.09757233126339,-0.0124375336878733,0.0403657420939943,ST
176.3,0.497056812047958,-0.0592161528766155,7.97324562072754,1.31098401546478,-1.47866797447205,0.960371971130371,-931.500061035156,36.3000030517578,-894.900024414062,-2.09941216861898,0.0492242192322056,0.0122974012715277,ST
176.333333333333,-0.910971760749817,0.001794428913854,9.95848274230957,1.27287399768829,1.31860601902008,1.00610399246216,-919.500061035156,23.7000007629395,-885.300048828125,-2.10178110818289,-0.0646749827679428,0.0005402581731318,ST
176.366666666667,-1.38649535179138,-0.0358885787427425,9.64266300201416,1.45580196380615,2.01982998847961,0.891773998737335,-912.300048828125,39.9000015258789,-880.500061035156,-2.10346287334776,-0.129859592012985,0.0009131537812077,ST
176.4,-2.27473783493042,-0.0275145769119263,10.4411840438843,2.15702605247498,3.17075204849243,0.693601965904236,-926.700012207031,27.9000015258789,-887.700012207031,-2.10457037713029,-0.203921420892104,-0.0009512147341431,ST
176.433333333333,-1.11673295497894,-0.106469452381134,9.31667518615723,0.472563982009888,2.03507399559021,-0.266770005226135,-917.100036621094,36.3000030517578,-887.700012207031,-2.10217020361686,-0.139190809293089,0.0083782412024183,ST
176.466666666667,-1.34821426868439,0.129797026515007,9.68094444274902,-0.0609759986400604,0.586893975734711,-0.541162014007568,-914.700012207031,36.3000030517578,-890.100036621094,-2.10334376246704,-0.139355819456573,-0.0088271842290596,ST
176.5,-0.622666835784912,-0.342137783765793,9.2042236328125,-0.198172003030777,-0.335367977619171,-0.327746003866196,-897.900024414062,35.1000022888184,-885.300048828125,-2.0984331219921,-0.0798672904615005,0.029329136438723,ST
176.533333333333,-0.360680222511292,-0.564048826694489,9.85021877288818,-0.342989981174469,-1.02897000312805,-0.160062000155449,-902.700012207031,25.5000019073486,-880.500061035156,-2.0967825259321,-0.043303954755983,0.0524171845005576,ST
176.566666666667,-0.009570287540555,-0.665733098983765,9.15756893157959,-0.289635986089706,-1.02897000312805,-0.266770005226135,-929.100036621094,28.5000019073486,-875.700012207031,-2.09585978100105,-0.006618551290479,0.0696185463622558,ST
176.6,0.221312895417213,-0.666929423809052,8.74006462097168,-0.381099998950958,-0.594515979290009,-0.518296003341675,-905.100036621094,33.3000030517578,-902.100036621094,-2.09470426889801,0.0208143351266405,0.0756082137007776,ST
176.633333333333,0.0580198690295219,-0.720762252807617,8.94821929931641,-0.846041977405548,-0.548784017562866,-0.533540010452271,-914.700012207031,29.7000007629395,-887.700012207031,-2.09362431906055,0.0101759510640543,0.0805841521761269,ST
176.666666666667,-0.386998504400253,-0.934897482395172,9.57686710357666,-0.815553963184357,0.365855991840363,-0.205793991684914,-907.500061035156,36.9000015258789,-890.100036621094,-2.09294939710634,-0.0305211082248876,0.0950829266194919,ST
176.7,-0.555076658725739,-1.15501403808594,10.1415138244629,-1.14329993724823,0.0685980021953583,-0.137196004390717,-917.100036621094,27.3000011444092,-882.900024414062,-2.09207441280575,-0.0496042267027158,0.111309301057193,ST
176.733333333333,-1.06529259681702,-1.2178190946579,10.0619611740112,-0.480185985565186,0.663114011287689,-0.152439996600151,-902.700012207031,33.3000030517578,-878.100036621094,-2.09103143686316,-0.0951601908126758,0.119417730439504,ST
176.766666666667,-0.39238178730011,-1.38171029090881,9.73836612701416,-0.655492007732391,0.434453994035721,-0.548784017562866,-909.900024414062,29.7000007629395,-897.300048828125,-2.08827336265133,-0.0496721349705383,0.138356926293763,ST
176.8,-0.173461467027664,-1.24892246723175,10.0045394897461,-0.594515979290009,-1.18140995502472,-0.350611984729767,-917.100036621094,35.1000022888184,-880.500061035156,-2.08825921539817,-0.022048192329768,0.127884805815259,ST
176.833333333333,-0.126208171248436,-1.27643704414368,9.33461952209473,0.190549999475479,-1.34909391403198,0.0990860015153885,-909.900024414062,36.3000030517578,-887.700012207031,-2.08877512250672,-0.0132933590608187,0.134012815154329,ST
176.866666666667,0.772202551364899,-1.2698575258255,7.96726417541504,0.198172003030777,-0.205793991684914,-0.0152439996600151,-921.900024414062,34.5,-885.300048828125,-2.08939010128367,0.0737709321073501,0.15292522929835,ST
176.9,0.34811919927597,-1.15740668773651,8.05220031738281,0.472563982009888,0.342989981174469,-0.533540010452271,-917.100036621094,37.5,-882.900024414062,-2.08758700298898,0.0486514173108769,0.14410235589216,NLR
176.933333333333,0.779380261898041,-2.12221121788025,9.63189601898193,0.0914639979600906,0.266770005226135,-2.59910202026367,-914.700012207031,34.5,-882.900024414062,-2.08499602685259,0.073455555324969,0.20265627899775,NLR
176.966666666667,1.55816245079041,-3.04095888137817,9.49372482299805,-0.228659987449646,-1.05945801734924,-7.30187606811523,-921.900024414062,33.3000030517578,-894.900024414062,-2.07751966353802,0.145699567909519,0.290922273885982,NLR
177.0,1.47621691226959,-3.85204076766968,10.5015964508057,1.43293595314026,0.807931959629059,-15.7851619720459,-921.900024414062,39.9000015258789,-885.300048828125,-2.04739073528458,0.139896977760511,0.335627904368608,NLR
177.033333333333,-1.42776727676392,-1.7926344871521,10.6959924697876,5.84607410430908,3.61282801628113,-21.8370304107666,-941.100036621094,44.1000022888184,-880.500061035156,-1.9880426693717,-0.0828542935297115,0.186895992001138,NLR
177.066666666667,-1.3458217382431,-1.47322618961334,9.98121166229248,5.52594995498657,1.2500079870224,-20.3659839630127,-938.700012207031,44.7000007629395,-875.700012207031,-1.94388427358208,-0.119769426640991,0.150000190703201,NLR
177.1,-1.05332982540131,-0.0239257179200649,7.03655385971069,4.38264989852905,-0.342989981174469,-14.6189956665039,-950.700012207031,38.7000007629395,-880.500061035156,-1.9225631467438,-0.142118099912727,0.0245691687926021,NLR
177.133333333333,-2.41470313072205,0.235668331384659,8.75800895690918,4.70277404785156,3.55947399139404,-9.35981559753418,-962.700012207031,40.5,-875.700012207031,-1.90681590157337,-0.251516359506886,-0.0212846617715435,NLR
177.166666666667,-2.16168880462646,0.321800917387009,11.0734205245972,2.44666194915771,1.98934197425842,-5.3506441116333,-967.500061035156,41.7000007629395,-899.700012207031,-1.89507825282451,-0.206867643565539,-0.0293625359476533,NLR
177.2,-1.42358028888702,0.708799421787262,10.9208946228027,2.66007804870605,-0.182927995920181,-3.46800994873047,-965.100036621094,37.5,-882.900024414062,-1.89160172821998,-0.144974869021874,-0.0606298768619718,NLR
177.233333333333,-0.175854027271271,0.702219843864441,10.1486921310425,0.960371971130371,0.182927995920181,-1.74543797969818,-969.900024414062,38.1000022888184,-899.700012207031,-1.87991535325101,-0.0178183046014131,-0.0707053432497434,NLR
177.266666666667,-0.714182734489441,-0.0885251611471176,10.5195407867432,-0.304879993200302,0.129574000835419,1.60061991214752,-965.100036621094,42.9000015258789,-899.700012207031,-1.8975098948842,-0.0535521719469344,-0.0147411577506648,NLR
177.3,0.0741697251796722,-0.297277063131332,7.03416156768799,-1.20427596569061,0.388722002506256,5.96040391921997,-967.500061035156,41.7000007629395,-894.900024414062,-1.97754086251933,-0.0433811984528885,-0.0007017164662986,NLR
177.333333333333,-1.47382426261902,-0.41451308131218,11.4514474868774,-1.33385002613068,1.94360995292664,6.96650791168213,-945.900024414062,39.9000015258789,-906.900024414062,-1.99220298374963,-0.115768302074777,0.0305310466915714,NLR
177.366666666667,-1.67480027675629,-0.846970438957214,11.8354549407959,-0.87652999162674,0.533540010452271,7.25614404678345,-955.500061035156,35.1000022888184,-887.700012207031,-2.00486100731732,-0.136566784743784,0.063070224084511,NLR
177.4,-0.825437307357788,-0.913962483406067,10.4657077789307,-0.762199997901917,-0.0609759986400604,5.87656164169312,-933.900024414062,38.7000007629395,-897.300048828125,-2.02985640588723,-0.0798683133460167,0.0872831452348848,NLR
177.433333333333,-0.678892254829407,-0.281725347042084,10.808443069458,-0.792688012123108,-0.67835795879364,4.96192169189453,-933.900024414062,33.9000015258789,-892.500061035156,-2.04496590894384,-0.0656335174527466,0.0390207825768433,NLR
177.466666666667,0.739902853965759,0.157311603426933,8.07851886749268,0.297257989645004,-1.49391198158264,4.92381191253662,-948.300048828125,37.5,-894.900024414062,-2.05675853360589,0.0634481638488706,-0.0085406157262954,NLR
177.5,-0.167480036616325,-0.352306216955185,7.71484804153442,1.6692179441452,0.952749967575073,3.94819593429565,-948.300048828125,39.3000030517578,-885.300048828125,-2.06765223913184,-0.0079187026157287,0.0336399129001857,NLR
177.533333333333,-0.888840436935425,0.189611315727234,10.5123624801636,0.830797970294952,1.38720393180847,2.95733594894409,-938.700012207031,38.7000007629395,-880.500061035156,-2.07626858274679,-0.0718000306838956,-0.0095589424084291,NLR
177.566666666667,-0.14355431497097,0.0933103039860725,10.3526582717896,0.67835795879364,-1.33385002613068,2.56099200248718,-931.500061035156,29.1000003814697,-882.900024414062,-2.08208550908761,-0.02365752836537,-0.01020929765181,NLR
177.6,0.493467956781387,-0.1214230209589,10.5901212692261,0.739333987236023,-1.32622802257538,0.67835795879364,-931.500061035156,33.9000015258789,-899.700012207031,-2.0838513886486,0.0359141269484752,0.0065436619575413,NLR
177.633333333333,-0.23925718665123,0.0592161528766155,10.342490196228,1.63872992992401,-0.129574000835419,-2.98782396316528,-943.500061035156,26.1000003814697,-890.100036621094,-2.07665548669913,-0.0117521855443459,-0.0057347387980209,NLR
177.666666666667,-0.887644171714783,0.189611315727234,9.75212287902832,0.914639949798584,0.472563982009888,-3.03355598449707,-929.100036621094,35.1000022888184,-902.100036621094,-2.0695056459781,-0.078247180645006,-0.0182091327572453,NLR
177.7,-0.296678900718689,0.212938904762268,8.54985523223877,-0.221037998795509,-0.228659987449646,-1.85976791381836,-933.900024414062,36.9000015258789,-887.700012207031,-2.06529385513971,-0.0421810915049122,-0.0232471869635229,NLR
177.733333333333,-0.507225215435028,-0.350511789321899,8.03246212005615,0.434453994035721,0.297257989645004,-1.33385002613068,-936.300048828125,40.5,-899.700012207031,-2.05949073179849,-0.059222178404373,0.0296143483742744,NLR
177.766666666667,-0.564048826694489,-0.302062213420868,9.45843505859375,-0.114329993724823,0.579271972179413,-2.21037983894348,-936.300048828125,34.5,-885.300048828125,-2.05425248197753,-0.0601822658048226,0.0318049173625005,NLR
177.8,-0.656162858009338,-0.492271661758423,9.59540939331055,-0.320124000310898,-0.670735955238342,-1.53964400291443,-945.900024414062,34.5,-878.100036621094,-2.04614492713672,-0.0667944643600077,0.051721534218476,NLR
177.833333333333,-0.642405569553375,-0.535936117172241,8.63419342041016,-0.518296003341675,-0.144817993044853,-1.31860601902008,-938.700012207031,36.9000015258789,-880.500061035156,-2.04259107207354,-0.0723400154917316,0.0607730510102818,NLR
177.866666666667,-1.02820777893066,-0.96360832452774,10.1169900894165,-0.594515979290009,0.83841997385025,-1.52439999580383,-938.700012207031,38.7000007629395,-880.500061035156,-2.03668974134672,-0.096092315943554,0.0890830351912701,NLR
177.9,-0.38939106464386,-0.910971760749817,10.0332498550415,-1.22714197635651,-0.0990860015153885,-1.6920839548111,-938.700012207031,38.7000007629395,-887.700012207031,-2.03259346384141,-0.0485232916686897,0.0922052409922263,NLR
177.933333333333,-0.403746515512466,-1.13706982135773,9.32504844665527,-0.510673999786377,-0.937505960464478,-0.388722002506256,-936.300048828125,36.3000030517578,-875.700012207031,-2.03088711503264,-0.0427205828772459,0.116197513891106,NLR
177.966666666667,-0.90977543592453,-0.87687760591507,9.68752384185791,-0.0304879993200302,0.365855991840363,-0.160062000155449,-953.100036621094,36.9000015258789,-880.500061035156,-2.03173743157476,-0.0835577809759194,0.0955807691147289,NLR
178.0,-0.764426708221436,-0.857737004756927,10.2120952606201,-0.0990860015153885,0.426831990480423,0.701223969459534,-938.700012207031,38.7000007629395,-878.100036621094,-2.03407669279346,-0.076872392793235,0.0860968990953795,NLR
178.033333333333,-0.263781040906906,-0.696836590766907,10.9424276351929,0.846041977405548,-0.533540010452271,0.564027965068817,-943.500061035156,45.3000030517578,-880.500061035156,-2.03641964958128,-0.0340160711566536,0.0669089130043544,NLR
178.066666666667,0.461766362190247,0.221312895417213,9.34538555145264,2.21800184249878,-2.97257995605469,-0.541162014007568,-950.700012207031,43.5,-887.700012207031,-2.03527930368884,0.0366976977825789,-0.0084671198307777,NLR
178.1,0.741697311401367,0.562852561473846,7.68314647674561,2.94971394538879,-2.61434602737427,-0.975615978240967,-931.500061035156,41.1000022888184,-897.300048828125,-2.0295062540273,0.0890827107778003,-0.0658875951085684,NLR
178.133333333333,-0.444420218467712,0.867307305335999,8.512770652771,2.28659987449646,-0.228659987449646,-1.17378795146942,-938.700012207031,28.5000019073486,-887.700012207031,-2.02589514253636,-0.0232351365529444,-0.0975812053233225,NLR
178.166666666667,-0.988730311393738,0.0227294322103262,10.6295986175537,-0.868907988071442,0.0533539988100529,1.20427596569061,-938.700012207031,41.1000022888184,-902.100036621094,-2.02937372446618,-0.0928409812156946,-0.0008176292577018,NLR
178.2,-1.45229113101959,-0.57660984992981,10.1193828582764,-2.41617393493652,-0.586893975734711,3.10977602005005,-941.100036621094,36.9000015258789,-885.300048828125,-2.03869007089555,-0.141140501985924,0.0598024193346934,NLR
178.233333333333,-1.19748222827911,0.29009935259819,11.075813293457,-2.00458598136902,-1.73019397258759,6.88266563415527,-948.300048828125,41.7000007629395,-878.100036621094,-2.06534665370577,-0.110980067212244,-0.0100575641840464,NLR
178.266666666667,0.530552804470062,-0.803305983543396,9.4434814453125,-1.89787793159485,-2.05031800270081,10.1829919815063,-936.300048828125,37.5,-894.900024414062,-2.11211553185684,0.0564209008922364,0.0880467353934733,NLR
178.3,0.288304924964905,-0.144750595092773,8.96018123626709,-0.282013982534409,-1.15092194080353,11.8522100448608,-936.300048828125,35.1000022888184,-882.900024414062,-2.13678246396221,0.0378432073198537,0.0318012402397676,NLR
178.333333333333,0.462962657213211,-1.17475283145905,8.34230041503906,0.754577994346619,-0.228659987449646,12.1875782012939,-929.100036621094,35.7000007629395,-899.700012207031,-2.16863229545003,0.0503297293570453,0.117721100045447,NLR
178.366666666667,-0.380418926477432,-0.744089841842651,9.5086784362793,0.335367977619171,0.853663980960846,8.9329833984375,-917.100036621094,35.7000007629395,-885.300048828125,-2.18846500549179,-0.0240153934602887,0.0856732850058363,NLR
178.4,-1.89252436161041,-0.738108456134796,12.6734533309937,1.56251001358032,1.81403601169586,6.57016372680664,-924.300048828125,34.5,-878.100036621094,-2.20480344863732,-0.126065352945337,0.0608213892412914,NLR
178.433333333333,-1.30454981327057,-0.0209350045770407,11.0327472686768,1.19665396213531,0.975615978240967,4.39789390563965,-909.900024414062,27.9000015258789,-890.100036621094,-2.2205172860159,-0.120954024219484,0.0113598328373864,NLR
178.466666666667,-0.74349170923233,0.364867210388184,9.08220291137695,1.43293595314026,0.419209986925125,4.5808219909668,-902.700012207031,30.9000015258789,-880.500061035156,-2.23527756060543,-0.0900509175914795,-0.0324299688230473,NLR
178.5,-0.605918824672699,0.459971934556961,10.0374374389648,1.54726600646973,0.83841997385025,4.47411394119263,-905.100036621094,29.7000007629395,-899.700012207031,-2.24637844663511,-0.0671577200932355,-0.0457301055329781,NLR
178.533333333333,-0.209948182106018,1.08204066753387,8.36084270477295,1.60824191570282,-0.236281991004944,3.75764584541321,-905.100036621094,27.3000011444092,-887.700012207031,-2.25819578169024,-0.0326681894461246,-0.114443647489158,NLR
178.566666666667,-0.562254369258881,1.2357634305954,8.15687561035156,0.792688012123108,-0.510673999786377,3.94819593429565,-893.100036621094,24.9000015258789,-885.300048828125,-2.26835374032501,-0.0594744691736638,-0.144472136236556,NLR
178.6,-0.668723821640015,1.10058307647705,8.08031368255615,0.37347799539566,-0.282013982534409,3.49087595939636,-893.100036621094,30.9000015258789,-880.500061035156,-2.2761699739158,-0.0767292872468478,-0.137885490103344,NLR
178.633333333333,-1.71966099739075,0.907382905483246,10.4058933258057,0.0838419944047928,0.121951997280121,2.72105383872986,-895.500061035156,20.7000007629395,-890.100036621094,-2.27825065763218,-0.148421216376785,-0.0962556536895591,NLR
178.666666666667,-1.89551508426666,1.03538548946381,11.7762384414673,0.106707997620106,-0.304879993200302,2.01220798492432,-902.700012207031,27.3000011444092,-875.700012207031,-2.28176136584874,-0.156178808155258,-0.0899991528415698,NLR
178.7,-0.747678697109222,0.974973022937775,10.6505336761475,-0.716467976570129,-1.6768399477005,1.40244793891907,-890.700012207031,30.3000011444092,-885.300048828125,-2.28483473246339,-0.0847249730810144,-0.090228525535592,NLR
178.733333333333,-0.519188106060028,0.824241042137146,9.35675048828125,-1.21951997280121,-1.73781597614288,0.472563982009888,-900.300048828125,24.9000015258789,-899.700012207031,-2.28553454774263,-0.058311504042379,-0.0866192616519129,NLR
178.766666666667,-0.278734624385834,0.941477060317993,9.47578048706055,-1.98934197425842,-0.907018005847931,-0.137196004390717,-900.300048828125,28.5000019073486,-887.700012207031,-2.28557239796073,-0.0338779351785144,-0.0937485719705963,NLR
178.8,0.236266478896141,0.87986832857132,8.98410701751709,-2.14178204536438,-1.31860601902008,0.236281991004944,-900.300048828125,27.9000015258789,-882.900024414062,-2.28587612379083,0.015918506423013,-0.0938638304850927,NLR
178.833333333333,0.686069965362549,0.705210566520691,8.20532512664795,-2.85062789916992,-1.6692179441452,0.396344006061554,-897.900024414062,36.9000015258789,-885.300048828125,-2.28661794171434,0.0719269888548272,-0.0833926357042032,NLR
178.866666666667,0.880466461181641,0.275743901729584,7.82191562652588,-2.9192259311676,-0.449698001146317,0.335367977619171,-919.500061035156,28.5000019073486,-875.700012207031,-2.29047902180055,0.104607353324447,-0.0408708905702577,NLR
178.9,0.0352904349565506,-0.0986935868859291,9.01999568939209,-2.78965187072754,0.945127964019775,-0.350611984729767,-907.500061035156,36.3000030517578,-878.100036621094,-2.29218682289798,0.0229198696957451,0.0043745975899837,NLR
178.933333333333,-0.270958751440048,-0.589170813560486,10.4172582626343,-2.9420919418335,0.92988395690918,-1.14329993724823,-912.300048828125,30.3000011444092,-882.900024414062,-2.28960249074607,-0.0173476464385055,0.0500931586836141,NLR
178.966666666667,-0.596348524093628,-0.522776961326599,10.959774017334,-2.69818782806396,-0.0609759986400604,-1.21189796924591,-900.300048828125,25.5000019073486,-882.900024414062,-2.28696004465045,-0.046679726455318,0.0519783054402552,NLR
179.0,-1.51569426059723,-1.03239476680756,11.6805362701416,-1.74543797969818,0.960371971130371,-0.823175966739655,-890.700012207031,26.1000003814697,-887.700012207031,-2.28263311346902,-0.114264794973731,0.0838383323013997,NLR
179.033333333333,-1.31172752380371,-0.781174719333649,11.1685256958008,-1.21951997280121,1.73781597614288,-1.44817996025085,-893.100036621094,43.5,-882.900024414062,-2.28007499074987,-0.118644387316142,0.074102641529397,ST
179.066666666667,-0.956430613994598,-0.646592557430267,9.73716926574707,-0.830797970294952,0.731711983680725,-1.46342396736145,-917.100036621094,32.1000022888184,-878.100036621094,-2.27735904200248,-0.10279002750916,0.0692614751673177,ST
179.1,0.279930919408798,-0.763828575611115,8.15747356414795,-1.72257196903229,-0.640248000621796,-1.44055795669556,-888.300048828125,35.1000022888184,-885.300048828125,-2.27332279611336,0.0075508575681408,0.0910027294948302,ST
179.133333333333,0.554478526115417,-0.793137550354004,8.19515705108643,-1.31860601902008,-0.846041977405548,-1.2347639799118,-902.700012207031,41.7000007629395,-868.500061035156,-2.2707737458052,0.0565497900886011,0.0971552650968778,ST
179.166666666667,-0.778183996677399,-0.977365612983704,8.33272933959961,-0.37347799539566,0.175305992364883,-1.02134799957275,-909.900024414062,28.5000019073486,-880.500061035156,-2.26834469528864,-0.0624280799568657,0.113366948539479,ST
179.2,-0.999496877193451,-1.52945160865784,9.23293495178223,-0.83841997385025,1.73781597614288,-0.259148001670837,-909.900024414062,32.7000007629395,-875.700012207031,-2.2636387829601,-0.101944588550076,0.157434448181369,ST
179.233333333333,-1.95054423809052,-1.58448076248169,10.7151327133179,-0.419209986925125,1.00610399246216,-0.548784017562866,-902.700012207031,39.9000015258789,-870.900024414062,-2.26320132825034,-0.164061494017853,0.149719121644757,ST
179.266666666667,-2.84716057777405,-0.765622973442078,11.521430015564,0.922261953353882,0.975615978240967,0.137196004390717,-917.100036621094,31.5000019073486,-878.100036621094,-2.27642210481678,-0.229388802999459,0.0801762703236408,ST
179.3,-1.67719292640686,-0.711790144443512,10.051194190979,1.11281192302704,-0.137196004390717,0.861285984516144,-912.300048828125,36.9000015258789,-875.700012207031,-2.27975931162616,-0.177826638196152,0.0708148430019769,ST
179.333333333333,-0.797922730445862,-0.388792932033539,8.15687561035156,1.15092194080353,-0.457319974899292,-0.167683988809586,-917.100036621094,35.1000022888184,-868.500061035156,-2.28200932658256,-0.110227955755762,0.049858217484969,ST
179.366666666667,-0.941477060317993,-0.265575468540192,8.19336223602295,1.12043392658234,-0.236281991004944,-0.640248000621796,-909.900024414062,36.3000030517578,-875.700012207031,-2.28199640432561,-0.113154210076348,0.0344584369968308,ST
179.4,-1.23516523838043,0.155517175793648,9.14261531829834,1.56251001358032,-0.144817993044853,-0.37347799539566,-907.500061035156,33.9000015258789,-885.300048828125,-2.28594471410699,-0.129834584255343,-0.0087204493723118,ST
179.433333333333,-0.897812604904175,-0.0693845823407173,8.42125511169434,1.2576299905777,-0.792688012123108,-0.632625997066498,-905.100036621094,36.3000030517578,-878.100036621094,-2.28272264250515,-0.109868617049433,0.003182293848579,ST
179.466666666667,-1.63293027877808,-0.101086162030697,10.3694067001343,1.18903195858002,-0.152439996600151,-0.647870004177094,-907.500061035156,38.7000007629395,-875.700012207031,-2.28035607630124,-0.147175013204102,0.006936482314667,ST
179.5,-0.916953146457672,-0.348717361688614,11.3108835220337,1.02134799957275,-0.198172003030777,-0.434453994035721,-912.300048828125,39.3000030517578,-882.900024414062,-2.27682991378214,-0.0924080494644554,0.0251952137801519,ST
179.533333333333,-0.372643083333969,-0.334960073232651,9.71743106842041,1.01372599601746,-1.17378795146942,-1.18140995502472,-897.900024414062,35.7000007629395,-875.700012207031,-2.27351413890613,-0.0468649462399818,0.0313759812992329,ST
179.566666666667,0.272155046463013,-0.317015767097473,8.35844993591309,0.457319974899292,-1.41769194602966,-1.47866797447205,-909.900024414062,37.5,-880.500061035156,-2.27013796048478,0.0185651172045497,0.0359685075988974,ST
179.6,0.471934795379639,-0.960019469261169,9.37948036193848,0.442075997591019,-1.12805593013763,-1.30336201190948,-912.300048828125,38.1000022888184,-880.500061035156,-2.26885031400971,0.0465186551874912,0.0901935928151974,ST
179.633333333333,0.378624498844147,-0.744089841842651,9.62651252746582,0.434453994035721,-1.39482593536377,-1.52439999580383,-912.300048828125,36.9000015258789,-882.900024414062,-2.26517418651248,0.0427839496724044,0.0790788219553033,ST
179.666666666667,0.371446788311005,-0.706406831741333,8.22386741638184,1.27287399768829,-0.541162014007568,-0.266770005226135,-912.300048828125,41.7000007629395,-882.900024414062,-2.26490839310153,0.0454517412948306,0.0827596598798317,ST
179.7,-0.521580696105957,-0.997104346752167,9.3118896484375,1.03659200668335,0.495429992675781,-0.708845973014832,-917.100036621094,33.9000015258789,-880.500061035156,-2.26327525922554,-0.0358208940505591,0.100416916202961,ST
179.733333333333,-1.31651270389557,-0.493467956781387,10.1062240600586,0.533540010452271,0.632625997066498,-0.716467976570129,-905.100036621094,38.7000007629395,-878.100036621094,-2.26453842450813,-0.115492722384514,0.0563326927027438,ST
179.766666666667,-1.78366231918335,-0.308641761541367,9.55533409118652,0.853663980960846,0.518296003341675,-0.190549999475479,-914.700012207031,40.5,-885.300048828125,-2.26667030226068,-0.171258336075402,0.0360456442678166,ST
179.8,-2.30285048484802,-0.581993103027344,10.6230192184448,0.701223969459534,1.19665396213531,0.419209986925125,-919.500061035156,36.9000015258789,-873.300048828125,-2.26455298086889,-0.207428139247269,0.0502638876109667,ST
179.833333333333,-2.32498168945312,-0.44023323059082,10.8431358337402,1.2423859834671,1.10518991947174,0.769822001457214,-912.300048828125,39.3000030517578,-873.300048828125,-2.26777105949218,-0.212097635725428,0.0401752168807577,ST
179.866666666667,-1.03897428512573,-0.13398402929306,9.17969989776611,1.05945801734924,-0.487807989120483,0.541162014007568,-917.100036621094,30.3000011444092,-890.100036621094,-2.27259867822887,-0.128705923748778,0.0171922747616004,ST
179.9,0.162096738815308,0.270958751440048,7.72142744064331,0.884151995182037,-2.58385801315308,0.792688012123108,-917.100036621094,32.7000007629395,-875.700012207031,-2.27725827017685,-0.0021368018365084,-0.0270625132666437,ST
179.933333333333,-0.228490620851517,0.565843224525452,8.02289199829102,1.47104597091675,-2.0655620098114,1.10518991947174,-921.900024414062,38.1000022888184,-878.100036621094,-2.27995817501385,-0.0201553621342846,-0.063736630432399,ST
179.966666666667,-0.376830071210861,0.305651068687439,9.45843505859375,1.30336201190948,-0.46494197845459,1.2423859834671,-919.500061035156,38.1000022888184,-878.100036621094,-2.28203488711463,-0.0351116507505417,-0.0405118784867553,ST
180.0,-1.23396897315979,0.234472051262856,12.1985273361206,0.899396002292633,-0.213415995240211,0.99848198890686,-924.300048828125,36.9000015258789,-880.500061035156,-2.28323223169009,-0.0872128557551961,-0.0248831813698883,ST
180.033333333333,-0.279332756996155,0.192602038383484,11.0375318527222,0.0457319989800453,-0.708845973014832,0.121951997280121,-917.100036621094,25.5000019073486,-880.500061035156,-2.28310650287074,-0.0367908216840826,-0.0190140817277555,ST
180.066666666667,-0.0305052921175957,-0.0855344459414482,9.03435134887695,-0.434453994035721,-0.724089980125427,-0.640248000621796,-919.500061035156,30.3000011444092,-880.500061035156,-2.28110619843671,-0.0091063378355478,0.0043527904236546,ST
180.1,-0.696238398551941,-0.395970642566681,10.0924663543701,-0.807931959629059,0.503051996231079,-1.28811800479889,-921.900024414062,38.7000007629395,-885.300048828125,-2.27676764056571,-0.0601065937570055,0.0349815166432794,ST
180.133333333333,-0.367857933044434,-0.469542235136032,8.63299751281738,-1.02897000312805,0.419209986925125,-1.07470202445984,-909.900024414062,41.7000007629395,-890.100036621094,-2.27322510058174,-0.0460082065301286,0.052667184008364,ST
180.166666666667,-0.37623193860054,-0.613096535205841,8.99786472320557,-1.41006994247437,0.358233988285065,-0.716467976570129,-905.100036621094,34.5,-875.700012207031,-2.27103882280787,-0.0429992653545368,0.06694786584624,ST
180.2,-2.20834374427795,-1.04196500778198,10.0368394851685,-0.556405961513519,1.44055795669556,-0.259148001670837,-909.900024414062,40.5,-873.300048828125,-2.26666178011993,-0.188402284054176,0.0981040690483555,ST
180.233333333333,-1.17535090446472,-1.49535739421844,10.8054523468018,-1.27287399768829,1.19665396213531,-0.990859985351562,-914.700012207031,32.7000007629395,-882.900024414062,-2.25906988370038,-0.123365320319187,0.132627062446594,ST
180.266666666667,0.433055520057678,-0.97557121515274,9.53081035614014,-2.01220798492432,-1.82165801525116,-1.53202199935913,-924.300048828125,38.7000007629395,-870.900024414062,-2.25751414921814,0.0138885530897907,0.111117172368861,ST
180.3,-0.329576790332794,-1.19449150562286,7.9457311630249,0.205793991684914,-1.28049600124359,-0.731711983680725,-924.300048828125,40.5,-870.900024414062,-2.25599668094337,-0.0280201079169262,0.14125398555891,ST
180.333333333333,-0.0861325860023499,-1.24712812900543,8.66051197052002,0.236281991004944,1.78354799747467,-0.472563982009888,-926.700012207031,41.7000007629395,-880.500061035156,-2.25430213776565,-0.0158732971989354,0.14235458129405,ST
180.366666666667,-1.04914271831512,-1.41101932525635,10.027268409729,0.685979962348938,1.65397393703461,-0.0762199983000755,-917.100036621094,36.3000030517578,-887.700012207031,-2.25366553014172,-0.0878745825056461,0.139408503750852,ST
180.4,-0.568833947181702,-1.75016629695892,10.1313457489014,-0.480185985565186,0.106707997620106,-0.114329993724823,-914.700012207031,42.3000030517578,-878.100036621094,-2.25150669361692,-0.0619710996567961,0.165377495122835,ST
180.433333333333,-0.602928102016449,-1.63711726665497,8.84174919128418,-0.640248000621796,-0.274392008781433,-0.0762199983000755,-905.100036621094,36.9000015258789,-878.100036621094,-2.25057875107413,-0.0655534344794158,0.180409551890986,ST
180.466666666667,-1.25011885166168,-2.02949905395508,9.52482891082764,-0.510673999786377,0.884151995182037,0.25152599811554,-914.700012207031,42.9000015258789,-882.900024414062,-2.24866143844595,-0.116411786344013,0.20466621055515,ST
180.5,-1.32847559452057,-1.70052051544189,9.0193977355957,-0.0152439996600151,0.914639949798584,0.198172003030777,-905.100036621094,36.3000030517578,-882.900024414062,-2.25062346989389,-0.140208439485352,0.189654688074527,ST
180.533333333333,-1.30215728282928,-1.37931764125824,9.43929386138916,0.411587983369827,0.160062000155449,0.914639949798584,-902.700012207031,40.5,-866.100036621094,-2.25776073515886,-0.136935588897973,0.152286891503072,ST
180.566666666667,-1.54799401760101,-1.19688403606415,8.77415943145752,1.53202199935913,-0.571649968624115,2.65245604515076,-917.100036621094,39.9000015258789,-873.300048828125,-2.26581083564816,-0.165510443018817,0.136235647735036,ST
180.6,-2.14194989204407,-1.1735565662384,10.6290006637573,1.6615959405899,-0.221037998795509,3.72715783119202,-902.700012207031,37.5,-873.300048828125,-2.27787478257601,-0.191523251573277,0.112017940234793,ST
180.633333333333,-1.30096101760864,-1.0335910320282,10.8311729431152,1.28049600124359,-1.31098401546478,4.1311240196228,-909.900024414062,38.7000007629395,-866.100036621094,-2.28965625994588,-0.132399494024091,0.0958399511304283,ST
180.666666666667,-0.51739364862442,-0.853550016880035,9.29035663604736,0.952749967575073,-1.88263392448425,3.86435389518738,-890.700012207031,36.9000015258789,-880.500061035156,-2.29917652506531,-0.0688206811010551,0.0906420984194712,ST
180.7,-0.30325847864151,-0.542515695095062,8.62821197509766,1.2576299905777,-0.541162014007568,3.37654590606689,-900.300048828125,34.5,-878.100036621094,-2.30868545649064,-0.0406804252620546,0.0657179466827454,ST
180.733333333333,-0.875083148479462,-0.757248997688293,9.26643085479736,1.37195992469788,0.457319974899292,3.3689239025116,-895.500061035156,31.5000019073486,-863.700012207031,-2.31549239968515,-0.0840947469442397,0.0761076636599432,ST
180.766666666667,-0.782370984554291,-0.823044717311859,9.1629524230957,1.60061991214752,1.37958192825317,1.33385002613068,-902.700012207031,40.5,-866.100036621094,-2.31726046604936,-0.0867575074033454,0.0844907717250664,ST
180.8,-1.05811488628387,-0.607115089893341,9.23951435089111,1.6615959405899,1.53202199935913,0.0533539988100529,-902.700012207031,37.5,-882.900024414062,-2.31845004448387,-0.110471857508921,0.0671199462641778,ST
180.833333333333,-1.78485858440399,-0.361278355121613,10.7677698135376,1.16616594791412,-0.0609759986400604,-0.221037998795509,-900.300048828125,39.9000015258789,-875.700012207031,-2.32132897422508,-0.153260359683088,0.0387760233766803,ST
180.866666666667,-1.34462535381317,-0.35110992193222,10.6660852432251,0.243903994560242,-1.6615959405899,0.0762199983000755,-912.300048828125,36.3000030517578,-873.300048828125,-2.32227143121885,-0.128653602036748,0.0337217759177637,ST
180.9,0.203966751694679,-0.592759668827057,8.18738079071045,-0.327746003866196,-2.24086785316467,0.480185985565186,-895.500061035156,39.9000015258789,-870.900024414062,-2.32161662581327,-0.0031216958105337,0.06497003921509,ST
180.933333333333,0.330773055553436,-0.623863101005554,7.94812393188477,-0.121951997280121,-0.708845973014832,0.106707997620106,-907.500061035156,36.3000030517578,-880.500061035156,-2.32215297539693,0.0339912942831932,0.0759723295719349,ST
180.966666666667,-0.28411790728569,-1.04375946521759,8.24061584472656,0.182927995920181,0.472563982009888,-0.114329993724823,-909.900024414062,38.7000007629395,-878.100036621094,-2.32204661340284,-0.0210665973786055,0.115648345074361,ST
181.0,-0.61548912525177,-0.590965270996094,9.37708759307861,-0.228659987449646,-0.632625997066498,-0.0914639979600906,-885.900024414062,38.1000022888184,-870.900024414062,-2.32359468440741,-0.0555950737344985,0.0739126697084455,NLL
181.033333333333,-1.45288932323456,-0.151330173015594,9.32564735412598,0.617381989955902,-1.35671591758728,1.33385002613068,-902.700012207031,38.1000022888184,-873.300048828125,-2.33128085921473,-0.133910372891656,0.0262410260444758,NLL
181.066666666667,-2.96798539161682,0.504832684993744,10.9783163070679,0.800309956073761,-0.533540010452271,2.9268479347229,-905.100036621094,33.9000015258789,-868.500061035156,-2.34850001685766,-0.236797831462453,-0.0329142289055615,NLL
181.1,-3.75992679595947,1.05990934371948,10.812032699585,-0.175305992364883,-1.64635193347931,7.33998584747314,-902.700012207031,30.9000015258789,-870.900024414062,-2.37928958406119,-0.310813224570436,-0.0869617559956815,NLL
181.133333333333,-3.37173199653625,0.492869794368744,10.0206890106201,-3.83386588096619,-2.24848985671997,16.8674850463867,-893.100036621094,36.3000030517578,-878.100036621094,-2.40985580745913,-0.316794360179543,-0.05905731395536,NLL
181.166666666667,-1.18910825252533,-0.779978454113007,7.23752975463867,-5.9375376701355,-4.07014799118042,21.577880859375,-890.700012207031,32.7000007629395,-858.900024414062,-2.42882381698962,-0.187375424881881,0.0776068329006838,NLL
181.2,-0.549693405628204,-2.01334929466248,7.27282047271729,-7.54577970504761,-3.75002384185791,23.0336837768555,-890.700012207031,29.1000003814697,-880.500061035156,-2.46178207486707,-0.0971183162115584,0.237651666312304,NLL
181.233333333333,-0.393578082323074,-3.13606357574463,10.3556489944458,-5.64027976989746,-1.57775402069092,19.2226829528809,-881.100036621094,31.5000019073486,-880.500061035156,-2.50247516524081,-0.053706085288286,0.28870494251777,NLL
181.266666666667,1.93618881702423,-3.69891619682312,9.82090950012207,-4.47411394119263,-2.11129403114319,14.5503978729248,-890.700012207031,18.9000015258789,-878.100036621094,-2.54122514726686,0.138310876682697,0.356213957103444,NLL
181.3,0.244640469551086,-2.33156132698059,10.3478736877441,-1.86738991737366,-2.9116039276123,7.22565603256226,-885.900024414062,34.5,-890.100036621094,-2.54891998451368,0.0475334073983093,0.252202436528697,NLL
181.333333333333,-0.601731836795807,-2.36146855354309,11.8480157852173,-0.609759986400604,-1.32622802257538,4.84759187698364,-866.700012207031,26.1000003814697,-878.100036621094,-2.56007226596063,-0.0298211928441482,0.208822239977995,NLL
181.366666666667,-0.77878212928772,-1.97566628456116,10.294638633728,0.205793991684914,-1.01372599601746,2.53812599182129,-881.100036621094,29.7000007629395,-875.700012207031,-2.5669808674872,-0.0645325191156439,0.193015385132742,NLL
181.4,-1.1538177728653,-1.60780835151672,8.31777572631836,0.342989981174469,1.2576299905777,0.579271972179413,-873.900024414062,24.3000011444092,-880.500061035156,-2.56786408264877,-0.122947871077756,0.190858838668303,NLL
181.433333333333,-0.881064593791962,-1.94217026233673,8.91412448883057,-0.693601965904236,1.41769194602966,0.243903994560242,-878.700012207031,27.9000015258789,-880.500061035156,-2.56563956781825,-0.103104520659928,0.211314639976297,NLL
181.466666666667,-1.32309222221375,-1.75674593448639,8.36144065856934,-1.20427596569061,-0.3125019967556,-0.937505960464478,-885.900024414062,27.3000011444092,-875.700012207031,-2.56408703639281,-0.144425390570957,0.20972884068458,NLL
181.5,-1.77648460865021,-1.73581087589264,8.13414669036865,-0.495429992675781,1.07470202445984,-0.411587983369827,-881.100036621094,26.7000007629395,-873.300048828125,-2.56256191878553,-0.200015656959357,0.211050755746389,NLL
181.533333333333,-2.23226952552795,-2.28012108802795,10.764181137085,-0.0304879993200302,1.95123195648193,-0.0762199983000755,-873.900024414062,17.1000003814697,-873.300048828125,-2.56176666711558,-0.202848789920836,0.209336507781871,NLL
181.566666666667,-0.919345736503601,-2.82742190361023,9.05947303771973,-1.15092194080353,-1.21189796924591,-0.518296003341675,-861.900024414062,26.1000003814697,-863.700012207031,-2.54930339649041,-0.113854948707312,0.287810663382577,NLL
181.6,0.29009935259819,-3.01583695411682,7.58863973617554,-3.08691000938416,-3.49087595939636,-1.44817996025085,-871.500061035156,21.3000011444092,-875.700012207031,-2.54506922827904,0.0104813190690558,0.364491214180596,NLL
181.633333333333,-1.30454981327057,-2.31959843635559,9.52961349487305,-2.09605002403259,-2.46952795982361,-0.663114011287689,-876.300048828125,22.5,-880.500061035156,-2.55038143874586,-0.104580109996678,0.263360055069574,NLL
181.666666666667,-0.183031752705574,-3.45607018470764,9.61754035949707,-0.403965979814529,-1.10518991947174,0.0990860015153885,-888.300048828125,25.5000019073486,-885.300048828125,-2.54682958756758,-0.0319992682954854,0.331027520173325,NLL
181.7,0.0466551519930363,-3.03557562828064,8.98889255523682,-0.205793991684914,-1.84452390670776,-1.08994603157043,-893.100036621094,34.5,-875.700012207031,-2.54589596312391,0.0004048899945797,0.327059168534711,NLL
181.733333333333,-0.656162858009338,-2.33275747299194,8.64137172698975,0.640248000621796,-1.88263392448425,0.137196004390717,-881.100036621094,29.7000007629395,-878.100036621094,-2.54894955566376,-0.0567269649635563,0.274835179803516,NLL
181.766666666667,-1.29737210273743,-2.66353058815002,10.2641334533691,0.983237981796265,-0.37347799539566,1.47104597091675,-888.300048828125,33.3000030517578,-870.900024414062,-2.55374974406697,-0.108662739612675,0.25660262426827,NLL
181.8,-1.0796480178833,-2.575603723526,10.3484716415405,0.503051996231079,-0.0533539988100529,0.922261953353882,-893.100036621094,32.1000022888184,-878.100036621094,-2.55685956835329,-0.10270799800363,0.245649521759341,NLL
181.833333333333,-1.65386533737183,-2.09828543663025,9.99676322937012,1.15854394435883,0.510673999786377,0.190549999475479,-890.700012207031,28.5000019073486,-873.300048828125,-2.56077164900349,-0.149635711271723,0.21314824083049,NLL
181.866666666667,-1.64130425453186,-1.92243146896362,9.55892276763916,1.79117000102997,1.18903195858002,0.175305992364883,-869.100036621094,32.7000007629395,-880.500061035156,-2.562186315697,-0.164991936787565,0.19895067564568,NLL
181.9,-0.619676113128662,-2.66771769523621,8.81483268737793,0.106707997620106,-0.884151995182037,0.365855991840363,-876.300048828125,29.7000007629395,-894.900024414062,-2.55393572712763,-0.0859952080068646,0.274686347786897,NLL
181.933333333333,-0.733323276042938,-2.28849506378174,7.89309453964233,-1.02134799957275,-1.72257196903229,-0.25152599811554,-885.900024414062,32.7000007629395,-873.300048828125,-2.55403418729772,-0.0859875492027931,0.282079545590002,NLL
181.966666666667,-1.16637873649597,-2.35847783088684,8.05878067016602,-0.243903994560242,0.647870004177094,0.800309956073761,-881.100036621094,35.7000007629395,-878.100036621094,-2.55530331853087,-0.130512429676875,0.284536576858645,NLL
182.0,-1.14664006233215,-2.86331033706665,9.1091194152832,-0.708845973014832,0.815553963184357,1.02897000312805,-897.900024414062,30.3000011444092,-878.100036621094,-2.55514715635774,-0.123029935918505,0.301867920303808,NLL
182.033333333333,-0.209350034594536,-3.38907814025879,7.98939561843872,-2.03507399559021,-1.6920839548111,0.221037998795509,-890.700012207031,28.5000019073486,-875.700012207031,-2.55050453292808,-0.0420975442506526,0.384050247829413,NLL
182.066666666667,-0.178246602416039,-3.31131958961487,6.93307495117188,-2.24086785316467,-1.76830399036407,0.967993974685669,-881.100036621094,26.7000007629395,-882.900024414062,-2.55268777336604,-0.0250672426799029,0.436997155125704,NLL
182.1,-2.03727507591248,-2.85673093795776,10.4591283798218,0.0381099991500378,1.45580196380615,2.10367202758789,-878.700012207031,30.9000015258789,-873.300048828125,-2.56942894497362,-0.161934442597608,0.295848362497418,NLL
182.133333333333,-0.788950562477112,-3.54878234863281,9.86158275604248,0.815553963184357,0.518296003341675,1.14329993724823,-902.700012207031,41.7000007629395,-870.900024414062,-2.5663921904685,-0.0938790676579219,0.334272542791072,NLL
182.166666666667,-1.13886415958405,-2.94764852523804,9.64206504821777,1.2423859834671,-0.6250039935112,-0.0762199983000755,-883.500061035156,32.7000007629395,-878.100036621094,-2.56958250074932,-0.10788103830589,0.302527138235796,NLL
182.2,-1.43195426464081,-2.27653217315674,9.14261531829834,2.82776188850403,0.259148001670837,1.76830399036407,-893.100036621094,32.1000022888184,-873.300048828125,-2.57885575567796,-0.143214407333392,0.251659788466875,NLL
182.233333333333,-1.36795294284821,-2.15630531311035,9.32863807678223,2.69056582450867,0.411587983369827,2.89635992050171,-883.500061035156,32.1000022888184,-878.100036621094,-2.5875694515181,-0.143681960263581,0.227799752711063,NLL
182.266666666667,0.18482618033886,-2.80768299102783,9.13603591918945,0.746955990791321,-1.12805593013763,2.68294382095337,-883.500061035156,26.1000003814697,-875.700012207031,-2.58971296013593,-0.0131765948111813,0.282866178523284,NLL
182.3,0.779978454113007,-2.60012745857239,7.93675899505615,0.266770005226135,-2.26373386383057,2.08842802047729,-878.700012207031,28.5000019073486,-878.100036621094,-2.59709033284523,0.0763154982810672,0.310378915878383,NLL
182.333333333333,-0.35110992193222,-2.75205588340759,9.23652362823486,0.884151995182037,-0.769822001457214,2.23324584960938,-881.100036621094,27.9000015258789,-875.700012207031,-2.60252175347751,-0.0173320448989894,0.291901785001891,NLL
182.366666666667,0.0299071483314037,-2.6276421546936,9.05050086975098,1.08232402801514,-1.53202199935913,1.61586391925812,-883.500061035156,27.9000015258789,-885.300048828125,-2.60714641673957,0.0004546379253094,0.282922970673198,NLL
182.4,-0.489280939102173,-2.13417410850525,8.9117317199707,2.76678586006165,-0.266770005226135,2.15702605247498,-885.900024414062,31.5000019073486,-880.500061035156,-2.61285620878757,-0.0429046757886877,0.24079675521408,NLL
182.433333333333,-1.15022897720337,-2.26397109031677,11.6075620651245,3.65093803405762,0.731711983680725,2.29422187805176,-895.500061035156,28.5000019073486,-868.500061035156,-2.61993916616317,-0.0877436805765094,0.19708582258193,NLL
182.466666666667,-1.00069320201874,-1.49296486377716,11.1398143768311,3.62807202339172,-1.60824191570282,1.62348592281342,-893.100036621094,27.9000015258789,-892.500061035156,-2.62858342675409,-0.0867435762152219,0.13999771446289,NLL
182.5,-1.36017715930939,-0.771006286144257,10.1899633407593,4.35978412628174,-0.617381989955902,1.44055795669556,-893.100036621094,26.1000003814697,-885.300048828125,-2.63700188343736,-0.122518786194468,0.0822798597747189,NLL
182.533333333333,-0.415111213922501,-0.445018380880356,8.49841499328613,3.3460578918457,0.480185985565186,1.42531394958496,-883.500061035156,29.7000007629395,-875.700012207031,-2.64236627109785,-0.0627390714183251,0.05269459306902,NLL
182.566666666667,-1.33625137805939,-0.176452174782753,9.17132663726807,1.93598794937134,1.02897000312805,1.47866797447205,-883.500061035156,26.1000003814697,-897.300048828125,-2.6480808684196,-0.129638295805254,0.0231318575236181,NLL
182.6,-0.611900269985199,-0.517991840839386,7.85122442245483,0.289635986089706,0.724089980125427,0.891773998737335,-885.900024414062,26.7000007629395,-882.900024414062,-2.64630778547702,-0.0891866351780056,0.0567769912483264,NLL
182.633333333333,-1.59823799133301,-0.129797026515007,8.88361930847168,-0.609759986400604,0.167683988809586,-0.335367977619171,-873.900024414062,18.9000015258789,-902.100036621094,-2.64999204574183,-0.164226954217745,0.0223251388809414,NLL
182.666666666667,-1.24712812900543,-0.983945190906525,9.90823841094971,-0.792688012123108,-0.0990860015153885,-0.304879993200302,-876.300048828125,18.9000015258789,-882.900024414062,-2.64021140714528,-0.132039214855924,0.0856815569229661,NLL
182.7,1.00428199768066,-1.83689701557159,8.67247486114502,-3.01068997383118,-1.53964400291443,-2.59910202026367,-873.900024414062,20.1000003814697,-880.500061035156,-2.63153742693234,0.0655676831383224,0.188016598384918,NLL
182.733333333333,0.627451956272125,-1.75196075439453,9.53559494018555,-3.20886182785034,-0.617381989955902,-5.66314601898193,-888.300048828125,26.7000007629395,-904.500061035156,-2.61804893185239,0.067155619991985,0.186922299905148,NLL
182.766666666667,-0.391783654689789,-1.05871307849884,10.378378868103,-0.327746003866196,1.88263392448425,-7.70584201812744,-871.500061035156,26.1000003814697,-878.100036621094,-2.59814013694588,-0.0174744551107962,0.119192151249359,NLL
182.8,-0.105871304869652,-1.90149652957916,10.3012180328369,0.87652999162674,3.31556987762451,-8.17078399658203,-893.100036621094,26.1000003814697,-880.500061035156,-2.57757215896861,-0.0144525089938346,0.168743413514033,NLL
182.833333333333,0.114245310425758,-2.57141661643982,9.44527530670166,0.297257989645004,3.19361782073975,-10.2973213195801,-895.500061035156,24.9000015258789,-882.900024414062,-2.55243033978537,0.0051652670363883,0.245858021373029,NLL
182.866666666667,-0.341539651155472,-2.64439010620117,8.95898532867432,-0.724089980125427,2.77440786361694,-12.0808696746826,-893.100036621094,34.5,-878.100036621094,-2.52086383429895,-0.0287640047382722,0.281487298107357,NLL
182.9,-1.45887064933777,-2.69762468338013,8.45056343078613,0.0076219998300075,3.65855979919434,-9.68756198883057,-883.500061035156,24.9000015258789,-870.900024414062,-2.49365320601529,-0.139912963408878,0.305629598933456,NLL
182.933333333333,-1.62754702568054,-2.97456502914429,8.2442045211792,0.152439996600151,4.15398979187012,-6.95888566970825,-890.700012207031,30.9000015258789,-878.100036621094,-2.46892014765654,-0.178234007508171,0.340669823356528,NLL
182.966666666667,-1.37453258037567,-3.2347571849823,8.75920581817627,0.0304879993200302,2.99544596672058,-5.5183277130127,-883.500061035156,39.9000015258789,-856.500061035156,-2.45237533630592,-0.153556363791656,0.352687447201761,NLL
183.0,-1.02402079105377,-3.07086610794067,9.16055965423584,0.617381989955902,0.266770005226135,-5.11436176300049,-876.300048828125,35.1000022888184,-849.300048828125,-2.44408383833561,-0.113237637915095,0.329345125600585,NLL
183.033333333333,-1.72923135757446,-3.19647598266602,9.71025276184082,1.99696397781372,0.411587983369827,-3.57471799850464,-890.700012207031,35.1000022888184,-866.100036621094,-2.43692017264318,-0.155586808681831,0.318236681288173,NLL
183.066666666667,-1.91046869754791,-2.94525599479675,9.79817962646484,2.11129403114319,0.914639949798584,-3.10215401649475,-895.500061035156,34.5,-863.700012207031,-2.43260751899031,-0.178693215236607,0.295144058934289,NLL
183.1,-1.99660122394562,-2.47212481498718,9.50628662109375,2.44666194915771,1.15854394435883,-2.9116039276123,-885.900024414062,39.9000015258789,-858.900024414062,-2.43104267551083,-0.196625257641066,0.260077662937121,NLL
183.133333333333,-1.16817319393158,-2.24363422393799,9.07981014251709,2.53050398826599,0.6250039935112,-1.43293595314026,-885.900024414062,41.1000022888184,-873.300048828125,-2.42947697892686,-0.139182954348706,0.242663287933225,NLL
183.166666666667,-0.877475738525391,-2.24483060836792,8.67845630645752,2.5076379776001,0.0533539988100529,-0.602137982845306,-883.500061035156,36.3000030517578,-878.100036621094,-2.42665992461713,-0.104868964285074,0.247778146506063,NLL
183.2,-1.94516098499298,-2.40752553939819,9.72281360626221,1.98171997070312,0.846041977405548,0.983237981796265,-881.100036621094,37.5,-873.300048828125,-2.42870034911727,-0.17573240434291,0.240872814818225,NLL
183.233333333333,-1.70351123809814,-2.31660771369934,8.61086654663086,1.64635193347931,1.30336201190948,0.419209986925125,-876.300048828125,36.9000015258789,-885.300048828125,-2.42546103657359,-0.188051895454067,0.256066367042435,NLL
183.266666666667,-1.91226303577423,-2.02351760864258,9.98420238494873,1.74543797969818,1.52439999580383,1.29574000835419,-878.700012207031,35.1000022888184,-873.300048828125,-2.43565280413186,-0.188575788605859,0.208588431341249,NLL
183.3,-0.676499724388123,-2.18202567100525,8.84653472900391,1.60824191570282,-0.983237981796265,0.823175966739655,-876.300048828125,36.3000030517578,-873.300048828125,-2.43400115274111,-0.0961534248556007,0.232843670634402,NLL
183.333333333333,-0.86192399263382,-1.76392364501953,7.8715615272522,2.17227005958557,-1.21189796924591,0.518296003341675,-888.300048828125,32.7000007629395,-873.300048828125,-2.43657990330662,-0.102885748894691,0.219810894890981,NLL
183.366666666667,-2.19638109207153,-1.33565330505371,9.45245361328125,3.01068997383118,0.129574000835419,1.64635193347931,-893.100036621094,31.5000019073486,-868.500061035156,-2.44943142610453,-0.201897217156414,0.152213747830499,NLL
183.4,-1.63711726665497,-1.2357634305954,10.7270956039429,3.38416790962219,-0.701223969459534,1.81403601169586,-893.100036621094,30.3000011444092,-878.100036621094,-2.45882002326114,-0.159584194411617,0.116529451521151,NLL
183.433333333333,-1.30155909061432,-0.66334056854248,10.1271591186523,3.89484190940857,-1.88263392448425,1.38720393180847,-883.500061035156,33.9000015258789,-863.700012207031,-2.46813442391861,-0.130769462534392,0.0686200537346293,NLL
183.466666666667,0.0807493031024933,-0.586180090904236,9.40520000457764,3.04879999160767,-3.38416790962219,-0.335367977619171,-890.700012207031,33.3000030517578,-880.500061035156,-2.46798615374365,-0.0099276617756096,0.0589312654408498,NLL
183.5,0.009570287540555,0.189611315727234,8.94283580780029,3.43752193450928,-1.71494996547699,-1.37195992469788,-893.100036621094,22.5,-878.100036621094,-2.46499231748044,0.0015886299970129,-0.0118106882512222,NLL
183.533333333333,-0.338548928499222,0.202172324061394,7.8655800819397,3.00306797027588,1.08994603157043,-0.769822001457214,-902.700012207031,36.9000015258789,-878.100036621094,-2.46341047697645,-0.0355561018955217,-0.027060429733968,NLL
183.566666666667,-0.890036761760712,0.208751901984215,7.71245527267456,1.59299790859222,1.18140995502472,-0.472563982009888,-890.700012207031,29.1000003814697,-902.100036621094,-2.4623002420882,-0.100525022986144,-0.0292378888473261,NLL
183.6,-1.61797678470612,0.0400755777955055,9.29932880401611,0.914639949798584,0.87652999162674,0.388722002506256,-885.900024414062,19.5,-870.900024414062,-2.46056106805965,-0.15901525352001,-0.0107364487288548,NLL
183.633333333333,-1.60721015930176,-0.264977335929871,11.1481885910034,0.922261953353882,0.358233988285065,0.342989981174469,-890.700012207031,27.3000011444092,-873.300048828125,-2.45702371180679,-0.146862006049193,0.0154702179277212,ST
183.666666666667,-1.31830716133118,-0.145946890115738,10.6343841552734,1.18903195858002,-0.701223969459534,-0.182927995920181,-885.900024414062,29.7000007629395,-875.700012207031,-2.45664952852572,-0.126796452711097,0.0124072651707096,ST
183.7,-1.45946884155273,-0.315221339464188,10.2497777938843,0.350611984729767,-0.282013982534409,-0.518296003341675,-897.900024414062,22.5,-897.300048828125,-2.45329191308109,-0.138505599412521,0.0272535494475714,ST
183.733333333333,-0.149535745382309,-0.46236452460289,10.0182962417603,-1.17378795146942,-1.12043392658234,-0.708845973014832,-893.100036621094,26.7000007629395,-873.300048828125,-2.45036190852369,-0.0340252519982964,0.0447595649756942,ST
183.766666666667,0.979160070419312,-0.649583280086517,7.96546983718872,-1.09756803512573,-1.65397393703461,-0.861285984516144,-890.700012207031,34.5,-880.500061035156,-2.44940292026375,0.0964227689133819,0.076303792886267,ST
183.8,0.119030453264713,-0.492869794368744,7.66041707992554,-0.205793991684914,-0.365855991840363,-0.518296003341675,-895.500061035156,27.3000011444092,-894.900024414062,-2.44760072976407,0.0314423714202535,0.066789986531213,ST
183.833333333333,-1.19508969783783,-0.482103228569031,9.19585037231445,0.442075997591019,0.495429992675781,0.449698001146317,-897.900024414062,24.3000011444092,-887.700012207031,-2.44893241062439,-0.0973076088115595,0.0547015069010671,ST
183.866666666667,-1.55995690822601,-0.212938904762268,10.4178562164307,0.365855991840363,0.0533539988100529,0.350611984729767,-893.100036621094,32.7000007629395,-875.700012207031,-2.45298726015237,-0.138970668411868,0.0264061013183679,ST
183.9,-1.33684957027435,0.380418926477432,9.2939453125,0.807931959629059,-0.0838419944047928,0.533540010452271,-900.300048828125,28.5000019073486,-868.500061035156,-2.46163850243459,-0.141917773614965,-0.028555085581344,ST
183.933333333333,-1.93259990215302,0.295482635498047,10.3161716461182,1.61586391925812,0.99848198890686,0.952749967575073,-885.900024414062,29.1000003814697,-870.900024414062,-2.46368668534369,-0.177758296727826,-0.0311021276810457,ST
183.966666666667,-2.155109167099,0.279930919408798,10.7199182510376,1.21189796924591,0.952749967575073,0.358233988285065,-883.500061035156,30.9000015258789,-885.300048828125,-2.46363768923896,-0.195495390408937,-0.0289104843636642,ST
184.0,-1.64309871196747,0.254210770130157,10.0858869552612,-0.0685980021953583,-0.198172003030777,-0.3125019967556,-885.900024414062,33.9000015258789,-894.900024414062,-2.46237838493788,-0.16804014347411,-0.025767453565018,ST
184.033333333333,-1.44930040836334,0.2554070353508,9.05708122253418,-0.914639949798584,-0.792688012123108,-0.381099998950958,-897.900024414062,32.1000022888184,-873.300048828125,-2.46190213108605,-0.159421026915991,-0.0263381361995716,ST
184.066666666667,-1.03119850158691,0.0795530155301094,9.34299278259277,-1.20427596569061,-0.37347799539566,-0.594515979290009,-883.500061035156,29.1000003814697,-878.100036621094,-2.45868765775769,-0.119395430912088,-0.0102968362595287,ST
184.1,-0.854746282100677,-0.338548928499222,9.48834228515625,-0.967993974685669,-0.426831990480423,-0.602137982845306,-885.900024414062,23.7000007629395,-887.700012207031,-2.45329640541614,-0.0944646370147458,0.0289578080381421,ST
184.133333333333,-0.345128506422043,-0.421092659235001,8.59172534942627,-1.2423859834671,-1.31860601902008,-1.44817996025085,-895.500061035156,36.3000030517578,-890.100036621094,-2.44900999219625,-0.0491416367746091,0.0468111511898512,ST
184.166666666667,-0.625059425830841,-0.571824669837952,8.08091163635254,-1.28811800479889,-1.01372599601746,-1.20427596569061,-900.300048828125,35.7000007629395,-873.300048828125,-2.44530947498323,-0.0698801548606572,0.0677301653761904,ST
184.2,-1.74597930908203,-0.809885561466217,9.71922492980957,-0.78506600856781,0.685979962348938,-0.426831990480423,-900.300048828125,32.1000022888184,-873.300048828125,-2.44290257355837,-0.156392913567211,0.0811931447789145,ST
184.233333333333,-2.00198459625244,-0.620274245738983,11.5345888137817,-0.289635986089706,0.419209986925125,-0.419209986925125,-902.700012207031,30.3000011444092,-882.900024414062,-2.44546248368609,-0.169098264396747,0.059779682859934,ST
184.266666666667,-1.00069320201874,-0.92472904920578,10.2378149032593,-0.350611984729767,-0.663114011287689,-1.2423859834671,-890.700012207031,30.3000011444092,-861.300048828125,-2.43937793107787,-0.110529387434323,0.0847384854574621,ST
184.3,-0.987534046173096,-0.939084470272064,9.60856914520264,-0.495429992675781,-0.320124000310898,-1.6615959405899,-897.900024414062,30.9000015258789,-873.300048828125,-2.43434395203857,-0.102792988403977,0.0961194380102142,ST
184.333333333333,-1.0975923538208,-0.989926636219025,10.3801727294922,-0.693601965904236,0.236281991004944,-1.50153398513794,-893.100036621094,30.9000015258789,-885.300048828125,-2.4309950993379,-0.104582481348812,0.0964763703039857,ST
184.366666666667,-0.327782362699509,-1.0575168132782,8.88960075378418,-0.792688012123108,-0.586893975734711,-0.975615978240967,-893.100036621094,38.7000007629395,-878.100036621094,-2.42760836934343,-0.0493470271942245,0.115203052202348,ST
184.4,0.183031752705574,-1.13467717170715,7.9337682723999,-0.967993974685669,-0.830797970294952,-1.06708002090454,-907.500061035156,32.1000022888184,-875.700012207031,-2.42500035629953,0.009618503815961,0.138020368966223,ST
184.433333333333,-0.772202551364899,-1.08383500576019,8.73587799072266,0.213415995240211,0.129574000835419,0.0838419944047928,-905.100036621094,33.9000015258789,-878.100036621094,-2.42548594152096,-0.0680893533739103,0.126112550000775,ST
184.466666666667,-0.632237136363983,-0.855942606925964,8.96197605133057,1.08994603157043,0.0990860015153885,0.0609759986400604,-897.900024414062,35.1000022888184,-897.300048828125,-2.42723140127673,-0.0698558707809968,0.0999225905443803,ST
184.5,-0.467149674892426,-0.718967854976654,9.26822566986084,1.35671591758728,-0.716467976570129,0.0609759986400604,-905.100036621094,33.3000030517578,-880.500061035156,-2.42854877673034,-0.0531829343091506,0.0800500506997424,ST
184.533333333333,-0.898410737514496,-0.733323276042938,9.84483528137207,1.51677799224854,-0.579271972179413,0.236281991004944,-902.700012207031,29.7000007629395,-875.700012207031,-2.4294094011419,-0.0824014257703745,0.0733613550525366,ST
184.566666666667,-1.95353496074677,-0.744089841842651,11.3240423202515,1.38720393180847,0.739333987236023,0.0990860015153885,-895.500061035156,36.9000015258789,-885.300048828125,-2.43009962336078,-0.153736429197587,0.0652607771611562,ST
184.6,-1.77169942855835,-0.776987731456757,10.4704923629761,0.198172003030777,0.853663980960846,-0.602137982845306,-897.900024414062,36.9000015258789,-875.700012207031,-2.42742913526576,-0.165592461818673,0.0721672782596661,ST
184.633333333333,-1.20226740837097,-0.976767480373383,9.47458457946777,-1.08994603157043,0.243903994560242,-1.45580196380615,-873.900024414062,36.9000015258789,-890.100036621094,-2.4205349150429,-0.133798053549576,0.098423705355337,ST
184.666666666667,-1.01684308052063,-1.04375946521759,8.85251617431641,-1.47866797447205,-0.266770005226135,-1.56251001358032,-890.700012207031,35.1000022888184,-880.500061035156,-2.41529074046617,-0.117051894334905,0.115879064731766,ST
184.7,-1.01205790042877,-1.21243584156036,8.15807151794434,-1.17378795146942,-0.129574000835419,-0.922261953353882,-907.500061035156,33.9000015258789,-868.500061035156,-2.41034644918996,-0.120739969238157,0.142941307408089,ST
184.733333333333,-1.76811063289642,-1.57909739017487,8.23343753814697,-0.114329993724823,1.2347639799118,0.167683988809586,-905.100036621094,39.9000015258789,-873.300048828125,-2.40451578211104,-0.192021790028758,0.180174142334774,ST
184.766666666667,-2.17365145683289,-1.26507234573364,9.25267314910889,0.289635986089706,0.525918006896973,0.6250039935112,-883.500061035156,32.1000022888184,-880.500061035156,-2.41324517654474,-0.223056216752578,0.143275175255467,ST
184.8,-2.03787302970886,-1.3960657119751,9.83406829833984,0.914639949798584,-1.27287399768829,2.12653803825378,-893.100036621094,32.7000007629395,-878.100036621094,-2.4190448662446,-0.204676344539744,0.139412740431409,ST
184.833333333333,-2.11682796478271,-1.35718643665314,10.9185018539429,1.12805593013763,-1.89787793159485,2.9192259311676,-885.900024414062,27.3000011444092,-870.900024414062,-2.42906281378773,-0.190522900264845,0.123968724463454,ST
184.866666666667,-1.68078172206879,-1.22260427474976,10.5500459671021,1.37195992469788,-2.0731840133667,3.45276594161987,-893.100036621094,32.7000007629395,-880.500061035156,-2.43853275072152,-0.16141787621046,0.114305398903325,ST
184.9,-2.26337289810181,-1.04854464530945,10.923885345459,1.97409796714783,-1.91312193870544,3.95581793785095,-902.700012207031,33.3000030517578,-890.100036621094,-2.4513152518117,-0.194163520977594,0.0948618295631819,ST
184.933333333333,-1.14006054401398,-0.730332553386688,10.0805034637451,1.86738991737366,-2.62196803092957,4.1311240196228,-897.900024414062,31.5000019073486,-887.700012207031,-2.46391720454701,-0.125662890676579,0.0733403612442349,ST
184.966666666667,0.0520384386181831,-0.675303399562836,7.37450456619263,1.22714197635651,-3.71191382408142,3.39178991317749,-897.900024414062,34.5,-882.900024414062,-2.47205064990793,-0.0103381426726308,0.0863043620119751,ST
185.0,0.0753660127520561,-0.595750391483307,8.1126127243042,1.21189796924591,-2.82776188850403,3.05642199516296,-888.300048828125,33.9000015258789,-875.700012207031,-2.47959656774863,0.0089068137428194,0.0742459698470859,ST
185.033333333333,0.150732025504112,-0.701023578643799,8.84832859039307,1.19665396213531,-2.99544596672058,2.98020195960999,-897.900024414062,32.1000022888184,-902.100036621094,-2.48725556319725,0.0193519456303215,0.076526210527883,ST
185.066666666667,-0.15312460064888,-0.375035643577576,9.18927001953125,2.0731840133667,-1.81403601169586,2.65245604515076,-895.500061035156,29.1000003814697,-890.100036621094,-2.49344459128254,-0.0070727194284662,0.0451185985679303,ST
185.1,0.12441373616457,-0.239855334162712,10.4286222457886,1.38720393180847,-1.41006994247437,3.10977602005005,-917.100036621094,32.1000022888184,-894.900024414062,-2.50134674897119,0.0106414729929316,0.0247174645562526,ST
185.133333333333,0.56165623664856,-0.472532957792282,11.6817321777344,0.495429992675781,-2.36281991004944,2.9116039276123,-919.500061035156,32.7000007629395,-887.700012207031,-2.50900640787969,0.0445780100965872,0.0370504534252201,ST
185.166666666667,1.61378967761993,-0.325987905263901,9.61215782165527,0.236281991004944,-2.77440786361694,1.2500079870224,-919.500061035156,21.9000015258789,-904.500061035156,-2.51208320372508,0.148384848502923,0.034353920395586,ST
185.2,1.73880159854889,-0.96659904718399,9.16534519195557,-0.274392008781433,-1.31098401546478,0.0304879993200302,-931.500061035156,26.7000007629395,-885.300048828125,-2.52213693116446,0.182455480759502,0.094289270960769,ST
185.233333333333,0.286510497331619,-0.575413525104523,10.6379728317261,0.25152599811554,0.25152599811554,-0.884151995182037,-907.500061035156,23.1000003814697,-878.100036621094,-2.5160434109604,0.054508035238777,0.0606815945558966,ST
185.266666666667,-1.08084440231323,0.294286340475082,7.55873250961304,1.46342396736145,0.442075997591019,-0.846041977405548,-919.500061035156,24.3000011444092,-904.500061035156,-2.51612213956538,-0.109394543493093,-0.0239398281155316,ST
185.3,-2.27055072784424,0.653172135353088,9.01162242889404,1.22714197635651,2.36281991004944,0.960371971130371,-914.700012207031,24.9000015258789,-885.300048828125,-2.52475212689608,-0.221797629666528,-0.064341368823708,ST
185.333333333333,-1.65147268772125,0.473131090402603,10.7665739059448,1.06708002090454,1.15092194080353,0.884151995182037,-914.700012207031,27.3000011444092,-897.300048828125,-2.52358872273255,-0.167665814263345,-0.0497172535756501,ST
185.366666666667,-1.97327363491058,0.446214646100998,11.5220279693604,0.960371971130371,0.0304879993200302,0.236281991004944,-919.500061035156,36.9000015258789,-899.700012207031,-2.52251754023281,-0.169153365489774,-0.0423217086979034,ST
185.4,-1.04615211486816,0.267369896173477,9.38725566864014,0.403965979814529,-0.92988395690918,-0.83841997385025,-907.500061035156,30.9000015258789,-885.300048828125,-2.51884812674461,-0.121424263840997,-0.0316386604891991,ST
185.433333333333,-0.314025074243546,0.0269164331257343,8.82918834686279,-0.83841997385025,-1.31098401546478,-2.08842802047729,-897.900024414062,24.9000015258789,-902.100036621094,-2.51207356042755,-0.0510944849825494,-0.007389620272508,ST
185.466666666667,-0.394774347543716,-0.0951047316193581,8.524733543396,-0.967993974685669,-1.02134799957275,-2.11129403114319,-909.900024414062,26.7000007629395,-897.300048828125,-2.50637981550818,-0.0457346545416427,0.0091496331266246,ST
185.5,-0.37025049328804,-0.381017059087753,8.2501859664917,-0.320124000310898,-0.129574000835419,-1.28049600124359,-917.100036621094,24.3000011444092,-902.100036621094,-2.50189844882338,-0.0447323000249531,0.0400874966583058,ST
185.533333333333,-0.0185424312949181,-0.575413525104523,8.01511573791504,-0.419209986925125,0.114329993724823,-1.20427596569061,-912.300048828125,30.3000011444092,-885.300048828125,-2.49833379319994,-0.0104257615698184,0.0663125031387726,ST
185.566666666667,0.123815596103668,-0.589170813560486,8.52114486694336,-0.967993974685669,-0.0685980021953583,-1.6920839548111,-912.300048828125,30.3000011444092,-887.700012207031,-2.49445416149748,0.0097310513894819,0.0698284338767127,ST
185.6,-0.951047301292419,-0.407335370779037,9.65342903137207,-0.419209986925125,0.495429992675781,-0.868907988071442,-907.500061035156,30.9000015258789,-897.300048828125,-2.49314077252873,-0.0769698605997129,0.0484382215164261,ST
185.633333333333,-1.36436414718628,-0.461766362190247,10.4507541656494,0.396344006061554,0.87652999162674,-1.2347639799118,-924.300048828125,26.1000003814697,-890.100036621094,-2.49041614880084,-0.120843726756893,0.0446066162496522,ST
185.666666666667,-1.21004319190979,-1.1998747587204,11.4604196548462,-0.0685980021953583,1.21951997280121,-0.685979962348938,-919.500061035156,36.3000030517578,-892.500061035156,-2.48316682837751,-0.109557342482974,0.0925233279283426,ST
185.7,-0.217724040150642,-1.07665729522705,10.8078451156616,-1.44817996025085,-0.762199997901917,-1.79879200458527,-912.300048828125,29.1000003814697,-887.700012207031,-2.47879090282375,-0.0357187507737352,0.100224903320143,ST
185.733333333333,0.78775429725647,-0.486290246248245,9.25147724151611,-1.15854394435883,-2.69056582450867,-1.78354799747467,-919.500061035156,37.5,-887.700012207031,-2.47433772273743,0.0673265551013521,0.0626948029577505,ST
185.766666666667,0.980954468250275,-0.660947978496552,7.9995641708374,0.0990860015153885,-2.05031800270081,-0.861285984516144,-926.700012207031,39.3000030517578,-892.500061035156,-2.47411860142796,0.113604934907423,0.0782062545688429,ST
185.8,0.212938904762268,-0.931308627128601,7.9074501991272,0.792688012123108,-0.129574000835419,-0.37347799539566,-931.500061035156,28.5000019073486,-899.700012207031,-2.47581212589235,0.0445156068802412,0.108268965498691,ST
185.833333333333,-0.597544848918915,-0.670518279075623,8.21968078613281,0.6250039935112,-0.167683988809586,0.396344006061554,-912.300048828125,31.5000019073486,-885.300048828125,-2.47684356589412,-0.0499228715337017,0.0856459846368622,ST
185.866666666667,-0.291295617818832,-0.715977132320404,9.07741737365723,-0.205793991684914,-1.73781597614288,0.0685980021953583,-929.100036621094,30.3000011444092,-894.900024414062,-2.47760622658467,-0.0327076442627339,0.0802329899801498,ST
185.9,-0.454588651657104,-1.04256319999695,11.1493854522705,0.129574000835419,-2.9116039276123,0.495429992675781,-914.700012207031,38.1000022888184,-902.100036621094,-2.47900645938008,-0.0350399212538981,0.0905489203858194,ST
185.933333333333,-0.479710668325424,-1.3201014995575,12.4276161193848,0.586893975734711,-1.73019397258759,0.129574000835419,-936.300048828125,33.3000030517578,-904.500061035156,-2.47926650038356,-0.0353221543767944,0.10224173473119,ST
185.966666666667,0.308641761541367,-1.33864402770996,11.0213823318481,-0.205793991684914,-2.24086785316467,-0.46494197845459,-929.100036621094,39.3000030517578,-904.500061035156,-2.47864091713556,0.0182431290564037,0.117407634517257,ST
186.0,0.467747807502747,-1.32967185974121,9.02836990356445,-0.617381989955902,-2.24086785316467,-0.541162014007568,-938.700012207031,29.1000003814697,-897.300048828125,-2.47880573650551,0.049010587006629,0.142271406042274,ST
186.033333333333,-0.126806303858757,-1.44092643260956,7.33562517166138,-0.388722002506256,0.792688012123108,0.198172003030777,-936.300048828125,27.3000011444092,-897.300048828125,-2.47986660890349,-0.0047671030673177,0.18409305443785,ST
186.066666666667,-0.935495615005493,-1.67121148109436,9.70128059387207,-0.0457319989800453,2.55336999893188,0.701223969459534,-929.100036621094,30.3000011444092,-894.900024414062,-2.48095702920545,-0.0834545227152392,0.172947028264442,ST
186.1,-0.833213150501251,-1.59165847301483,9.49611759185791,0.731711983680725,1.64635193347931,1.06708002090454,-931.500061035156,28.5000019073486,-892.500061035156,-2.48321296468684,-0.0883250908115416,0.166243353598945,ST
186.133333333333,-0.904990315437317,-1.00966536998749,8.58095932006836,1.75305998325348,2.30184388160706,0.922261953353882,-926.700012207031,32.7000007629395,-887.700012207031,-2.48835419908993,-0.104967007869229,0.123307839538662,ST
186.166666666667,-1.18312680721283,-1.15621042251587,11.8480157852173,1.01372599601746,1.17378795146942,2.00458598136902,-931.500061035156,26.1000003814697,-902.100036621094,-2.49469766057133,-0.102186305207345,0.100840637289239,ST
186.2,0.0245238617062569,-1.04375946521759,11.4173526763916,0.175305992364883,-1.40244793891907,2.00458598136902,-921.900024414062,26.7000007629395,-899.700012207031,-2.50005776182791,-0.0172367889770606,0.0927496507228217,ST
186.233333333333,0.87986832857132,-0.622068703174591,7.91702032089233,0.884151995182037,-1.69970595836639,1.2423859834671,-936.300048828125,30.3000011444092,-882.900024414062,-2.5031336384841,0.091197860723478,0.0796885695388124,ST
186.266666666667,0.460570096969604,-0.879270195960999,8.54207992553711,0.655492007732391,1.78354799747467,1.19665396213531,-921.900024414062,31.5000019073486,-890.100036621094,-2.50719414783041,0.0571639454426513,0.0978922836889988,ST
186.3,-0.46236452460289,-0.431859225034714,9.89747142791748,1.30336201190948,1.2500079870224,1.20427596569061,-926.700012207031,30.9000015258789,-899.700012207031,-2.50911856493215,-0.0275302473746331,0.0527715989039202,ST
186.333333333333,-0.445616513490677,-0.469542235136032,8.63897895812988,1.22714197635651,0.46494197845459,1.45580196380615,-914.700012207031,26.1000003814697,-885.300048828125,-2.51232487664246,-0.0473899901233428,0.0522001288923397,ST
186.366666666667,-1.0276095867157,-0.221911042928696,9.57626914978027,0.92988395690918,0.335367977619171,1.59299790859222,-931.500061035156,35.1000022888184,-899.700012207031,-2.5175566092469,-0.0954273985530643,0.0275835164106336,ST
186.4,-1.26148355007172,-0.172863319516182,10.7480306625366,1.2347639799118,0.0990860015153885,2.45428395271301,-914.700012207031,30.3000011444092,-904.500061035156,-2.52404823024759,-0.112715076870461,0.0163187873266258,ST
186.433333333333,0.20755560696125,-0.591563403606415,9.30411434173584,0.617381989955902,-0.6250039935112,1.05945801734924,-921.900024414062,30.9000015258789,-902.100036621094,-2.5242975900054,-0.0042227641502454,0.0530929910112598,ST
186.466666666667,1.4361412525177,-0.778183996677399,8.10423946380615,-1.00610399246216,-1.74543797969818,0.144817993044853,-919.500061035156,32.1000022888184,-887.700012207031,-2.52717101735911,0.140809129564054,0.0884354397033193,ST
186.5,0.303856641054153,-1.06529259681702,10.3951263427734,-0.365855991840363,-0.975615978240967,-0.663114011287689,-909.900024414062,35.7000007629395,-902.100036621094,-2.52682389217745,0.0505469090664577,0.100165030426738,ST
186.533333333333,0.868503570556641,-0.903195858001709,8.74664497375488,-0.243903994560242,-0.655492007732391,-0.754577994346619,-924.300048828125,27.9000015258789,-897.300048828125,-2.52533673611655,0.0903908408673378,0.102651677466633,ST
186.566666666667,-0.171068891882896,-0.92472904920578,9.71623420715332,0.693601965904236,0.663114011287689,0.762199997901917,-926.700012207031,27.9000015258789,-892.500061035156,-2.52667160113656,0.0032414515698326,0.0955355127341345,ST
186.6,-1.42716908454895,-0.869101762771606,10.7845182418823,1.31860601902008,1.90549993515015,0.46494197845459,-924.300048828125,29.7000007629395,-897.300048828125,-2.52801600565463,-0.111345339301645,0.0810632712331581,ST
186.633333333333,-1.26925933361053,-0.500047504901886,10.3598365783691,1.31098401546478,2.03507399559021,0.182927995920181,-917.100036621094,28.5000019073486,-890.100036621094,-2.53112739283375,-0.122846627328092,0.0522072325706332,ST
186.666666666667,-1.01564681529999,0.0131591456010938,9.18508338928223,1.19665396213531,0.0381099991500378,0.518296003341675,-917.100036621094,30.3000011444092,-892.500061035156,-2.53742426890012,-0.112497149237779,0.0063347271070422,ST
186.7,-0.961215734481812,-0.117834165692329,8.82440280914307,0.83841997385025,-0.304879993200302,0.846041977405548,-909.900024414062,23.7000007629395,-892.500061035156,-2.53881613305671,-0.108731477789436,0.0108214878214043,ST
186.733333333333,-1.21482837200165,0.0699827298521996,10.3191623687744,0.419209986925125,0.0076219998300075,0.792688012123108,-909.900024414062,30.9000015258789,-904.500061035156,-2.54240119549111,-0.115779566481247,-0.0045650634547649,ST
186.766666666667,-0.523973226547241,0.267369896173477,9.48176193237305,0.25152599811554,-0.754577994346619,1.09756803512573,-921.900024414062,28.5000019073486,-887.700012207031,-2.54678575611272,-0.0649037170090864,-0.0244756301658469,ST
186.8,-0.113049022853374,0.205761179327965,9.17790603637695,-0.182927995920181,-1.21189796924591,0.640248000621796,-902.700012207031,24.3000011444092,-902.100036621094,-2.54821591050701,-0.0199482001266528,-0.0225521433665441,ST
186.833333333333,0.199779748916626,0.0454588644206524,9.1330451965332,-0.693601965904236,-0.922261953353882,-0.0457319989800453,-912.300048828125,30.3000011444092,-892.500061035156,-2.54804370311371,0.014725714690451,-0.0075542783365451,ST
186.866666666667,0.0951047316193581,-0.256603330373764,8.17721271514893,-0.708845973014832,0.190549999475479,-0.945127964019775,-900.300048828125,39.3000030517578,-897.300048828125,-2.54620797629524,0.0119631459923062,0.0249689570473174,ST
186.9,-0.427074074745178,-0.575413525104523,9.31667518615723,-0.823175966739655,0.922261953353882,-1.51677799224854,-909.900024414062,33.9000015258789,-904.500061035156,-2.54229662646688,-0.0352815171435744,0.0554636998229949,ST
186.933333333333,-0.937888205051422,-0.41152235865593,10.2264499664307,-1.15092194080353,0.495429992675781,-1.59299790859222,-914.700012207031,33.3000030517578,-902.100036621094,-2.53933553846079,-0.0806575066097932,0.0450569808257773,ST
186.966666666667,-0.744089841842651,-1.14843451976776,11.3617258071899,-1.62348592281342,0.663114011287689,-0.87652999162674,-900.300048828125,29.1000003814697,-885.300048828125,-2.53399865384499,-0.0690592908296987,0.0918829018897841,ST
187.0,-0.413316786289215,-1.30933499336243,10.5428676605225,-1.57013201713562,-0.137196004390717,-1.07470202445984,-921.900024414062,37.5,-892.500061035156,-2.53021217580245,-0.0446175770833924,0.119452033073907,ST
187.033333333333,-0.608909547328949,-1.29677391052246,9.77305793762207,-1.92074394226074,0.586893975734711,-1.44817996025085,-905.100036621094,33.9000015258789,-904.500061035156,-2.52598118025797,-0.0593979637655299,0.132736514918616,ST
187.066666666667,-0.042468149214983,-1.18193054199219,8.61565113067627,-1.73019397258759,0.777444005012512,-1.21189796924591,-917.100036621094,39.3000030517578,-892.500061035156,-2.52292283274651,-0.0167142122787191,0.138085769113364,ST
187.1,-0.334960073232651,-1.0276095867157,8.56421089172363,-0.922261953353882,0.228659987449646,-0.670735955238342,-902.700012207031,42.3000030517578,-894.900024414062,-2.52172501092289,-0.0345571636505099,0.124495934692635,ST
187.133333333333,-0.151330173015594,-1.5503865480423,8.33093547821045,-0.419209986925125,0.228659987449646,0.335367977619171,-917.100036621094,36.3000030517578,-890.100036621094,-2.52111562975251,-0.02090593427614,0.175225210152037,ST
187.166666666667,-1.07546103000641,-1.50373148918152,9.521240234375,-0.0228659994900227,0.693601965904236,0.160062000155449,-914.700012207031,36.9000015258789,-892.500061035156,-2.52206159195794,-0.0939000944722904,0.160467386169136,ST
187.2,-0.801511585712433,-0.963010191917419,10.4070892333984,0.0304879993200302,-0.289635986089706,0.46494197845459,-905.100036621094,31.5000019073486,-880.500061035156,-2.52793359636727,-0.0797515356588859,0.105907897984965,ST
187.233333333333,-0.13099330663681,-1.02282452583313,10.6074676513672,0.0762199983000755,-1.92836594581604,0.6250039935112,-909.900024414062,33.9000015258789,-880.500061035156,-2.53021702446654,-0.0233058112108761,0.097950554618518,ST
187.266666666667,0.458177506923676,-1.18073427677155,8.72271919250488,0.457319974899292,-1.42531394958496,0.335367977619171,-919.500061035156,35.1000022888184,-897.300048828125,-2.53157972592598,0.0387320645618385,0.126539027475715,ST
187.3,-0.41152235865593,-1.32309222221375,9.22216796875,0.952749967575073,1.37195992469788,0.175305992364883,-907.500061035156,29.1000003814697,-887.700012207031,-2.53162802440882,-0.0293438786924647,0.137963770702158,ST
187.333333333333,-0.739304721355438,-1.62395811080933,10.338303565979,0.670735955238342,2.01220798492432,-0.716467976570129,-914.700012207031,40.5,-880.500061035156,-2.52828489951477,-0.0668089726625401,0.152091426423586,ST
187.366666666667,-0.679490387439728,-1.92243146896362,9.23353290557861,0.419209986925125,1.06708002090454,-1.6615959405899,-905.100036621094,33.3000030517578,-885.300048828125,-2.52111549690873,-0.0719571745327631,0.194143686656939,ST
187.4,-1.03000223636627,-2.12400579452515,9.32325458526611,0.891773998737335,1.53964400291443,-2.9268479347229,-907.500061035156,44.1000022888184,-875.700012207031,-2.51164702516841,-0.101437093239783,0.217130145915895,ST
187.433333333333,-1.19508969783783,-2.05940628051758,10.5135593414307,1.57013201713562,1.14329993724823,-5.18296003341675,-905.100036621094,38.1000022888184,-892.500061035156,-2.50089407776465,-0.109366792328238,0.196509838642091,ST
187.466666666667,-1.16338813304901,-1.7244461774826,10.2402076721191,1.58537602424622,-0.617381989955902,-7.18754577636719,-905.100036621094,41.7000007629395,-882.900024414062,-2.48727037115744,-0.108484995981885,0.17165897599419,ST
187.5,1.29557764530182,-2.59354782104492,7.86438369750977,1.79879200458527,-0.602137982845306,-6.96650791168213,-919.500061035156,38.1000022888184,-885.300048828125,-2.47153318806309,0.104607959160308,0.285802475269671,ST
187.533333333333,0.517991840839386,-1.82014906406403,8.405104637146,4.38264989852905,1.88263392448425,-8.9329833984375,-914.700012207031,42.3000030517578,-880.500061035156,-2.44581959383246,0.0695956301057546,0.220667557864751,ST
187.566666666667,-1.22260427474976,-1.08263874053955,9.28497314453125,5.88418388366699,2.53812599182129,-9.52750015258789,-924.300048828125,45.3000030517578,-892.500061035156,-2.42401022399231,-0.0909901236516261,0.129778888388558,ST
187.6,-1.60601389408112,-0.651975810527802,8.82859039306641,5.03814172744751,0.518296003341675,-8.91011810302734,-936.300048828125,37.5,-902.100036621094,-2.40844804203233,-0.161179753563113,0.0798188148116313,ST
187.633333333333,-1.89192616939545,-0.45638307929039,9.12287616729736,3.7728898525238,-0.602137982845306,-6.89790964126587,-941.100036621094,36.9000015258789,-880.500061035156,-2.39531818255606,-0.195100403941432,0.0517544128090316,ST
187.666666666667,-2.19339036941528,-0.202172324061394,10.7809286117554,3.56709599494934,-0.777444005012512,-5.96802568435669,-938.700012207031,36.9000015258789,-892.500061035156,-2.38609416631677,-0.198214291390997,0.0220831359140443,ST
187.7,-1.12032175064087,0.144750595092773,10.1935529708862,2.22562384605408,-2.29422187805176,-4.39027214050293,-921.900024414062,38.1000022888184,-897.300048828125,-2.38033386114986,-0.124148329407815,-0.0091229463132511,ST
187.733333333333,-0.351708054542542,0.506028950214386,9.60079288482666,3.10215401649475,-1.50915598869324,-2.9268479347229,-943.500061035156,42.9000015258789,-894.900024414062,-2.37630871617926,-0.0522778758691929,-0.0479194959461047,ST
187.766666666667,-0.485692083835602,0.490477234125137,9.35256385803223,2.89635992050171,-1.17378795146942,-0.990859985351562,-943.500061035156,35.7000007629395,-899.700012207031,-2.37385835654626,-0.0503182781794386,-0.0555662761804617,ST
187.8,0.0137572884559631,0.657957255840302,8.23882102966309,1.88263392448425,-0.960371971130371,-0.182927995920181,-943.500061035156,37.5,-897.300048828125,-2.37378053661286,-0.0068707314222867,-0.0777725087338737,ST
187.833333333333,0.101684302091599,0.622068703174591,8.83875846862793,1.15092194080353,0.0152439996600151,0.0152439996600151,-945.900024414062,39.9000015258789,-897.300048828125,-2.37382110906257,0.0077586736670787,-0.0733814290981845,ST
187.866666666667,-0.361278355121613,0.590367138385773,10.2025241851807,0.975615978240967,-0.6250039935112,0.533540010452271,-936.300048828125,35.7000007629395,-897.300048828125,-2.37494567999019,-0.0275784696177537,-0.0617064163833839,ST
187.9,0.204564899206161,0.598741114139557,10.6427574157715,0.46494197845459,-1.42531394958496,1.17378795146942,-955.500061035156,36.9000015258789,-899.700012207031,-2.37740990064183,0.0118383666358621,-0.0579627375507364,ST
187.933333333333,0.544310092926025,0.640012979507446,8.92788219451904,0.716467976570129,-1.20427596569061,1.19665396213531,-938.700012207031,33.3000030517578,-899.700012207031,-2.37965536934392,0.052659296341402,-0.0697604666860419,ST
187.966666666667,-0.0598142966628075,0.353502482175827,9.24549579620361,0.746955990791321,-0.213415995240211,0.78506600856781,-955.500061035156,37.5,-906.900024414062,-2.38218942239864,0.0058134322679936,-0.0455927934116947,ST
188.0,-0.760837852954865,1.0216281414032,11.0154008865356,0.746955990791321,-0.0762199983000755,0.617381989955902,-957.900024414062,38.7000007629395,-890.100036621094,-2.38447429663011,-0.0534784646844686,-0.0840711433315765,ST
188.033333333333,0.11484345048666,0.851755619049072,9.03375339508057,0.670735955238342,-1.29574000835419,1.12043392658234,-948.300048828125,29.7000007629395,-906.900024414062,-2.38697176856384,0.0012524505925135,-0.0929716518621525,ST
188.066666666667,0.151330173015594,1.02222633361816,8.71853160858154,0.899396002292633,0.137196004390717,-0.221037998795509,-955.500061035156,32.7000007629395,-918.900024414062,-2.38636119370186,0.0137924292794638,-0.113185518077541,ST
188.1,-0.764426708221436,0.719565987586975,10.4178562164307,0.952749967575073,1.6844619512558,-1.76068198680878,-953.100036621094,35.1000022888184,-902.100036621094,-2.38174674557873,-0.0591904840913288,-0.0786686324582145,ST
188.133333333333,-1.02103006839752,0.945065915584564,10.8730430603027,0.87652999162674,1.16616594791412,-2.79727387428284,-953.100036621094,33.3000030517578,-899.700012207031,-2.37576810347867,-0.0887885692273688,-0.0861156583905387,ST
188.166666666667,-0.52636581659317,0.751267552375793,8.35366439819336,0.0609759986400604,-0.762199997901917,-2.23324584960938,-950.700012207031,35.7000007629395,-911.700012207031,-2.37023243480945,-0.0662364886839824,-0.0889364243181353,ST
188.2,-1.07366669178009,0.434849947690964,8.32136535644531,-0.0533539988100529,0.594515979290009,-2.38568592071533,-941.100036621094,34.5,-890.100036621094,-2.36174244121289,-0.118192337864576,-0.0583905240364526,ST
188.233333333333,-1.12331247329712,0.166881889104843,10.6654872894287,-0.716467976570129,0.92988395690918,-2.67532205581665,-955.500061035156,33.9000015258789,-890.100036621094,-2.35116535785358,-0.108644142471985,-0.0213298951864392,ST
188.266666666667,-0.932504892349243,0.468944102525711,10.6780481338501,-0.411587983369827,-0.937505960464478,-1.65397393703461,-948.300048828125,30.3000011444092,-897.300048828125,-2.34911416418405,-0.090154708518643,-0.0385499369233803,ST
188.3,-0.510215938091278,-0.141759887337685,8.76997184753418,-0.518296003341675,-0.701223969459534,-1.46342396736145,-950.700012207031,32.7000007629395,-909.300048828125,-2.3423924686272,-0.0636274077633713,0.0060303279331302,ST
188.333333333333,-0.736313998699188,-0.198583468794823,10.3083963394165,-1.15092194080353,0.282013982534409,-2.05031800270081,-955.500061035156,44.7000007629395,-894.900024414062,-2.33702162163915,-0.0701035771610374,0.0183942948202603,ST
188.366666666667,-0.642405569553375,-0.282323479652405,9.74135684967041,-1.27287399768829,-0.701223969459534,-1.96647596359253,-943.500061035156,41.7000007629395,-902.100036621094,-2.33203306912791,-0.0656400585240567,0.0287999475207395,ST
188.4,0.230883181095123,-0.0831418707966805,9.02418327331543,-1.03659200668335,-1.95123195648193,-1.36433792114258,-969.900024414062,39.9000015258789,-892.500061035156,-2.3294509435128,0.0099374476893191,0.0146413173536945,ST
188.433333333333,0.384605944156647,-0.0215331465005875,8.16524982452393,-0.0762199983000755,-1.95123195648193,-0.67835795879364,-955.500061035156,36.9000015258789,-899.700012207031,-2.32768024989147,0.0423129581204104,0.0051363222397566,ST
188.466666666667,-0.190209463238716,-0.35709136724472,10.186972618103,0.632625997066498,-0.236281991004944,-0.655492007732391,-960.300048828125,32.7000007629395,-897.300048828125,-2.32657593801683,-0.0067280186376944,0.0284604076378281,ST
188.5,0.41152235865593,0.574217259883881,11.7666683197021,2.25611186027527,-0.388722002506256,-1.76830399036407,-960.300048828125,38.7000007629395,-897.300048828125,-2.32189061542637,0.0270367833273901,-0.0363620467856588,ST
188.533333333333,1.30933499336243,0.973178625106812,9.22097206115723,3.89484190940857,-2.26373386383057,-0.800309956073761,-972.300048828125,31.5000019073486,-890.100036621094,-2.31576745085914,0.12185735177956,-0.0976159122988703,ST
188.566666666667,0.811680018901825,1.10716259479523,9.31846904754639,2.72105383872986,-1.09756803512573,-1.53202199935913,-960.300048828125,27.9000015258789,-890.100036621094,-2.31021879041553,0.09395290928797,-0.118733278707323,ST
188.6,0.331969350576401,1.12151801586151,8.84832859039307,0.884151995182037,-0.670735955238342,-0.92988395690918,-962.700012207031,36.9000015258789,-904.500061035156,-2.30732450938045,0.0475245990228145,-0.126231444281093,ST
188.633333333333,-0.269164323806763,0.22011661529541,8.38357162475586,-0.434453994035721,0.922261953353882,-0.731711983680725,-962.700012207031,38.7000007629395,-909.300048828125,-2.30702616240208,-0.0173869767964221,-0.0458494439083975,ST
188.666666666667,-1.22140789031982,-0.477318078279495,10.1457014083862,-1.47866797447205,2.24848985671997,-1.08232402801514,-965.100036621094,33.9000015258789,-894.900024414062,-2.29967558596492,-0.105778712841801,0.0335609064235593,ST
188.7,-1.64130425453186,-0.445018380880356,12.3713912963867,-1.05183601379395,0.342989981174469,0.236281991004944,-969.900024414062,36.9000015258789,-899.700012207031,-2.30013751081222,-0.127955472387381,0.0370435010112998,ST
188.733333333333,-0.919345736503601,0.0598142966628075,10.8897905349731,-0.320124000310898,-1.79117000102997,1.86738991737366,-950.700012207031,36.9000015258789,-906.900024414062,-2.30826350239808,-0.0906022754496888,0.0032296617288784,ST
188.766666666667,-0.730332553386688,0.0065795728005468,9.5385856628418,-0.525918006896973,-1.99696397781372,3.62807202339172,-962.700012207031,44.7000007629395,-887.700012207031,-2.3169331639634,-0.0765022365533798,0.000419706506828,ST
188.8,-0.437840640544891,-0.312828779220581,8.64795112609863,-1.85976791381836,0.0076219998300075,5.28204584121704,-974.700012207031,32.7000007629395,-899.700012207031,-2.32732251393557,-0.0559551875005673,0.0310822966575843,ST
188.833333333333,-0.177050322294235,0.0897214487195015,8.18977355957031,-1.57775402069092,1.20427596569061,5.98326969146729,-967.500061035156,35.7000007629395,-897.300048828125,-2.34256485848518,-0.0303175321303456,-0.0006096432607968,ST
188.866666666667,0.20755560696125,-0.374437510967255,8.01272296905518,-0.960371971130371,1.05183601379395,7.53815793991089,-945.900024414062,34.5,-902.100036621094,-2.35955032851279,0.0127983114108928,0.0384537882903607,ST
188.9,0.278136491775513,-1.31890523433685,7.11191987991333,-1.19665396213531,-0.282013982534409,6.69211578369141,-950.700012207031,42.9000015258789,-890.100036621094,-2.37757124819462,0.0326333350601536,0.155913298147246,ST
188.933333333333,-1.09041464328766,-1.02043187618256,9.38247108459473,-1.21189796924591,0.952749967575073,5.3506441116333,-936.300048828125,39.3000030517578,-887.700012207031,-2.39095541188967,-0.0892127437820861,0.118894549235121,ST
188.966666666667,-1.68496870994568,-0.769810020923615,11.6877136230469,-0.87652999162674,0.37347799539566,5.22106981277466,-943.500061035156,32.7000007629395,-904.500061035156,-2.407643011178,-0.133261095285707,0.0769341076821588,ST
189.0,-0.273949474096298,-1.01145970821381,10.3777809143066,-0.0990860015153885,-1.74543797969818,6.82931184768677,-943.500061035156,39.3000030517578,-890.100036621094,-2.42221373696149,-0.0462928830919074,0.0925097163696056,ST
189.033333333333,0.107665732502937,-0.668723821640015,10.1062240600586,0.487807989120483,-1.34909391403198,6.12046575546265,-943.500061035156,40.5,-885.300048828125,-2.43698778794995,0.0003498417627413,0.0705897799573688,ST
189.066666666667,-0.0592161528766155,-0.224303618073463,10.1181869506836,0.525918006896973,-1.18903195858002,6.13570976257324,-936.300048828125,40.5,-887.700012207031,-2.45129314469003,-0.0033320825393025,0.0311864002971257,ST
189.1,0.178844749927521,0.0245238617062569,8.84653472900391,0.663114011287689,-0.320124000310898,6.03662395477295,-931.500061035156,35.7000007629395,-909.300048828125,-2.46503906627466,0.0157985983051678,0.0032323262049697,ST
189.133333333333,0.182433605194092,-0.245836764574051,8.14551067352295,1.04421401023865,0.0762199983000755,5.73936605453491,-948.300048828125,42.9000015258789,-890.100036621094,-2.47866334937003,0.0208205621153385,0.0234333284082903,ST
189.166666666667,0.159106031060219,0.129198879003525,10.0523910522461,1.03659200668335,-0.335367977619171,4.81710386276245,-931.500061035156,33.3000030517578,-885.300048828125,-2.49021892650561,0.0171363334513754,-0.0081344226722532,ST
189.2,0.620274245738983,0.326586067676544,8.80047798156738,1.31860601902008,-1.89025592803955,4.49697971343994,-914.700012207031,34.5,-899.700012207031,-2.49991029116152,0.0630411985534784,-0.0331511451692632,ST
189.233333333333,0.648985147476196,0.151928320527077,8.49542427062988,1.04421401023865,-1.42531394958496,4.23783206939697,-931.500061035156,30.9000015258789,-911.700012207031,-2.51049184848801,0.0757126629879961,-0.0220011820923201,ST
189.266666666667,-0.132189601659775,0.352306216955185,10.5811491012573,0.815553963184357,-0.289635986089706,3.82624387741089,-917.100036621094,30.9000015258789,-902.100036621094,-2.51894677474635,0.0058735432788954,-0.0319868517964776,ST
189.3,-0.57660984992981,0.450999796390533,11.4233341217041,0.967993974685669,-0.449698001146317,3.14788603782654,-926.700012207031,32.7000007629395,-887.700012207031,-2.52690076398743,-0.0401211767982219,-0.0397236703075341,ST
189.333333333333,0.347521066665649,0.485093951225281,9.74374866485596,0.0304879993200302,-1.09756803512573,2.89635992050171,-921.900024414062,35.1000022888184,-899.700012207031,-2.53391859169043,0.0238270108011669,-0.0479926162952862,ST
189.366666666667,-0.575413525104523,0.495860517024994,10.0822982788086,0.510673999786377,-0.205793991684914,2.64483404159546,-936.300048828125,25.5000019073486,-880.500061035156,-2.54035333601161,-0.0420220918298352,-0.0497473052810856,ST
189.4,-1.30634427070618,0.522776961326599,10.5332975387573,0.579271972179413,1.2500079870224,1.98934197425842,-919.500061035156,41.1000022888184,-911.700012207031,-2.54545356419487,-0.111262965648751,-0.0507268750079095,ST
189.433333333333,-0.901401460170746,0.738108456134796,8.72451305389404,0.579271972179413,0.800309956073761,1.6920839548111,-921.900024414062,29.7000007629395,-897.300048828125,-2.55231614685193,-0.105300278521233,-0.0786867380439558,ST
189.466666666667,-1.33565330505371,0.231481328606606,8.0827054977417,-0.632625997066498,0.556405961513519,1.46342396736145,-919.500061035156,35.7000007629395,-885.300048828125,-2.55072481872651,-0.153322133463132,-0.0376027742570831,ST
189.5,-1.47801125049591,0.501841962337494,9.23353290557861,-1.43293595314026,-0.304879993200302,1.61586391925812,-907.500061035156,27.9000015258789,-902.100036621094,-2.55698751798973,-0.157032900199023,-0.0496181525607766,ST
189.533333333333,-0.700425446033478,0.399559497833252,9.65103721618652,-1.15854394435883,-1.53202199935913,1.73019397258759,-914.700012207031,25.5000019073486,-897.300048828125,-2.56013598520601,-0.0872260854377376,-0.0416772674446394,ST
189.566666666667,-0.287706762552261,-0.0370848625898361,9.86098480224609,-0.762199997901917,-2.04269599914551,1.54726600646973,-914.700012207031,30.3000011444092,-899.700012207031,-2.5613622935508,-0.0380041602430938,-0.0044361759943311,ST
189.6,-0.623264968395233,-0.337352633476257,10.832368850708,-1.43293595314026,-1.60824191570282,1.05945801734924,-917.100036621094,29.1000003814697,-906.900024414062,-2.56263316546394,-0.0513128430848751,0.0258828179400796,ST
189.633333333333,0.10527316480875,-0.203966751694679,9.6223258972168,-2.08842802047729,-1.37958192825317,0.899396002292633,-936.300048828125,33.9000015258789,-892.500061035156,-2.56506253214444,0.0017623020969794,0.0250053456086147,ST
189.666666666667,0.744089841842651,-0.270360618829727,8.28846740722656,-2.21037983894348,-0.716467976570129,1.03659200668335,-921.900024414062,29.1000003814697,-902.100036621094,-2.56780066625754,0.0747862329051206,0.0344946719761641,ST
189.7,-0.03828115016222,-0.937290012836456,8.95898532867432,-1.34909391403198,1.12805593013763,1.00610399246216,-917.100036621094,31.5000019073486,-902.100036621094,-2.5723309195429,0.0091040902978774,0.0929628569111962,ST
189.733333333333,-1.16936945915222,-0.973776757717133,9.66300010681152,-0.823175966739655,2.0731840133667,0.434453994035721,-917.100036621094,36.3000030517578,-897.300048828125,-2.57264889548912,-0.0982670342254156,0.100183859054964,ST
189.766666666667,-1.4241783618927,-0.675901532173157,10.9866905212402,-0.228659987449646,1.32622802257538,0.503051996231079,-919.500061035156,28.5000019073486,-894.900024414062,-2.57725581646412,-0.125559477740588,0.0682325795101295,ST
189.8,-0.427672237157822,-0.485692083835602,10.9549884796143,-0.647870004177094,-1.05945801734924,0.449698001146317,-907.500061035156,32.7000007629395,-892.500061035156,-2.58036841624872,-0.0520247272784967,0.0491975688788804,ST
189.833333333333,0.884653449058533,-0.580796837806702,10.2611427307129,0.0076219998300075,-2.80489587783813,0.137196004390717,-912.300048828125,32.7000007629395,-878.100036621094,-2.58112538640603,0.0667215880821034,0.0553216672324903,ST
189.866666666667,1.08263874053955,-0.0645994395017624,9.22336483001709,0.510673999786377,-2.23324584960938,-0.358233988285065,-926.700012207031,32.7000007629395,-885.300048828125,-2.57696285438412,0.11112685809282,0.0148951953996776,ST
189.9,0.907382905483246,0.11484345048666,8.23523235321045,1.70732796192169,-0.342989981174469,-0.457319974899292,-933.900024414062,38.1000022888184,-909.300048828125,-2.57341609228576,0.110476030201845,-0.0113186100456091,ST
189.933333333333,-0.132189601659775,-0.0927121639251709,8.03784561157227,2.17227005958557,0.403965979814529,-0.274392008781433,-926.700012207031,39.9000015258789,-887.700012207031,-2.57395079075936,0.0043203899567757,0.0045299689041889,ST
189.966666666667,-0.482701390981674,-0.324193477630615,9.45245361328125,1.22714197635651,0.213415995240211,-0.137196004390717,-931.500061035156,35.7000007629395,-882.900024414062,-2.57318241734048,-0.0401353418597887,0.0265713407859125,ST
190.0,-0.813474416732788,-0.0502440109848976,10.4202489852905,1.08232402801514,0.0304879993200302,-0.525918006896973,-931.500061035156,38.1000022888184,-906.900024414062,-2.57287342979834,-0.0703289183962768,0.0077497951020555,ST
190.033333333333,-0.939682602882385,-0.366661638021469,10.5189418792725,0.830797970294952,0.160062000155449,-0.670735955238342,-941.100036621094,33.3000030517578,-894.900024414062,-2.56957832890239,-0.08548068105434,0.0282934402061188,ST
190.066666666667,-0.887644171714783,-0.980356335639954,11.3677072525024,-0.708845973014832,0.503051996231079,-1.2576299905777,-921.900024414062,36.9000015258789,-904.500061035156,-2.56286709391242,-0.0798424739200722,0.0755333967166586,ST
190.1,-0.225499898195267,-0.842783451080322,10.2862644195557,-0.830797970294952,-0.175305992364883,-1.79117000102997,-936.300048828125,33.9000015258789,-894.900024414062,-2.5585461179019,-0.0330925757747341,0.0817869051155922,ST
190.133333333333,0.433653652667999,-1.03777801990509,7.89369297027588,-0.487807989120483,-0.350611984729767,-2.5152599811554,-929.100036621094,35.7000007629395,-897.300048828125,-2.5529438734524,0.0376222189211351,0.121488388535956,ST
190.166666666667,-0.38939106464386,-0.933103024959564,8.19276428222656,-0.419209986925125,1.22714197635651,-2.16464805603027,-926.700012207031,36.3000030517578,-887.700012207031,-2.54763517608985,-0.031426739138878,0.115656934383947,ST
190.2,-0.916355013847351,-1.3099330663681,9.26044940948486,0.0838419944047928,1.82165801525116,-1.60061991214752,-921.900024414062,30.9000015258789,-878.100036621094,-2.54227340365268,-0.0865408990895599,0.135554545756127,ST
190.233333333333,-1.04974091053009,-1.11673295497894,10.947811126709,0.487807989120483,1.54726600646973,-2.21037983894348,-938.700012207031,36.3000030517578,-909.300048828125,-2.53906618110702,-0.0952950876598293,0.107709147432111,ST
190.266666666667,-0.610703945159912,-0.693845868110657,8.88122653961182,1.37195992469788,-0.0152439996600151,-2.32470989227295,-926.700012207031,39.9000015258789,-897.300048828125,-2.53563281646008,-0.0735429018497371,0.0823013620913076,ST
190.3,-1.28660547733307,-0.672312676906586,9.37349891662598,1.2576299905777,1.18140995502472,-1.17378795146942,-924.300048828125,29.1000003814697,-892.500061035156,-2.53345438178916,-0.124976610926065,0.0722117307900771,ST
190.333333333333,-1.53304040431976,-0.430662930011749,10.6714687347412,0.990859985351562,1.14329993724823,-0.724089980125427,-926.700012207031,33.3000030517578,-894.900024414062,-2.53487898159583,-0.140569880775585,0.0455388863274694,ST
190.366666666667,-0.412120521068573,0.0789548754692078,8.6264181137085,0.762199997901917,-1.50915598869324,-0.0685980021953583,-917.100036621094,28.5000019073486,-894.900024414062,-2.5392065465841,-0.0643884625427094,0.0007660711596066,ST
190.4,-0.0358885787427425,-0.23925718665123,7.76628828048706,0.442075997591019,-0.861285984516144,1.31860601902008,-933.900024414062,32.1000022888184,-902.100036621094,-2.54138136742628,-0.0147851249719097,0.0244192428571835,ST
190.433333333333,-0.901999592781067,-0.310436189174652,9.54217529296875,0.0838419944047928,1.05945801734924,1.89025592803955,-924.300048828125,35.1000022888184,-892.500061035156,-2.54572753882646,-0.082471856197001,0.0308751910380577,ST
190.466666666667,-0.914560616016388,-0.340941488742828,9.77844142913818,0.175305992364883,0.503051996231079,2.27135586738586,-905.100036621094,35.7000007629395,-902.100036621094,-2.55063401242667,-0.091841642791103,0.0335273021573,ST
190.5,-0.431261092424393,-0.196789041161537,8.66170883178711,-0.708845973014832,-0.83841997385025,3.03355598449707,-917.100036621094,34.5,-887.700012207031,-2.55836844098414,-0.0571791044940458,0.0255821509076845,ST
190.533333333333,-0.641807436943054,-0.676499724388123,8.86388111114502,-1.29574000835419,-0.708845973014832,5.87656164169312,-914.700012207031,40.5,-887.700012207031,-2.56950942948027,-0.0685213787331102,0.0672314597676595,ST
190.566666666667,-0.250023752450943,-1.3841028213501,10.2479839324951,-1.53964400291443,-0.556405961513519,6.76071405410767,-914.700012207031,35.1000022888184,-885.300048828125,-2.58338487494641,-0.0323429791040807,0.124055178157342,ST
190.6,0.942075192928314,-0.936093747615814,10.1612529754639,-1.57775402069092,-1.92074394226074,6.69211578369141,-909.900024414062,35.1000022888184,-892.500061035156,-2.60006526542852,0.0728547772285878,0.100011521196527,ST
190.633333333333,1.51868498325348,-1.40264523029327,7.81832695007324,-0.731711983680725,-2.03507399559021,5.41161966323853,-909.900024414062,32.1000022888184,-897.300048828125,-2.62094720617964,0.168636278784749,0.164686916671421,ST
190.666666666667,0.206957474350929,-0.810483753681183,9.76468372344971,-0.67835795879364,-0.243903994560242,3.40703392028809,-905.100036621094,27.9000015258789,-894.900024414062,-2.62154524842198,0.0507809626131464,0.100628474380481,ST
190.7,0.0921140164136887,-0.679490387439728,9.4913330078125,0.0228659994900227,-0.960371971130371,3.75002384185791,-905.100036621094,30.3000011444092,-892.500061035156,-2.63031391450398,0.0175132660738728,0.0764886911284225,ST
190.733333333333,-0.797922730445862,-0.718369722366333,9.76767444610596,0.327746003866196,0.640248000621796,3.23934984207153,-917.100036621094,30.9000015258789,-875.700012207031,-2.63769529221333,-0.062565938936236,0.073445121001768,ST
190.766666666667,-1.60302317142487,-0.449803501367569,10.5261201858521,0.716467976570129,1.10518991947174,3.353679895401,-907.500061035156,34.5,-882.900024414062,-2.64870642544754,-0.138936595671643,0.0460061304212281,ST
190.8,-2.54390215873718,-0.586180090904236,11.3754825592041,1.76068198680878,1.72257196903229,3.07166600227356,-907.500061035156,32.1000022888184,-897.300048828125,-2.65496003392879,-0.20795732753746,0.0471687537489111,ST
190.833333333333,-0.314025074243546,-0.504234552383423,10.1379251480103,0.0990860015153885,-0.442075997591019,2.01220798492432,-895.500061035156,26.1000003814697,-887.700012207031,-2.6596261884752,-0.0621897872487947,0.0488313464208106,ST
190.866666666667,-0.999496877193451,-0.136376604437828,9.65701866149902,0.78506600856781,-2.0731840133667,1.46342396736145,-909.900024414062,27.9000015258789,-890.100036621094,-2.66565637640633,-0.0933096799492661,0.0186471333701439,ST
190.9,-0.742295444011688,-0.0986935868859291,9.24130916595459,0.861285984516144,-0.525918006896973,1.31860601902008,-919.500061035156,28.5000019073486,-890.100036621094,-2.66920218021184,-0.0820925733660186,0.0109243000087177,ST
190.933333333333,-0.627451956272125,0.504234552383423,8.02588272094727,1.48628997802734,-0.3125019967556,1.28811800479889,-897.900024414062,31.5000019073486,-902.100036621094,-2.67720352791863,-0.0781000563434659,-0.0526788383269769,ST
190.966666666667,-0.719565987586975,0.0837400183081627,9.15637302398682,1.02897000312805,-0.25152599811554,1.13567793369293,-917.100036621094,36.3000030517578,-897.300048828125,-2.67701603812449,-0.077972958848552,-0.0194782170719896,ST
191.0,0.214135184884071,-0.053234726190567,8.64017486572266,-0.807931959629059,-0.541162014007568,-0.541162014007568,-897.900024414062,27.3000011444092,-887.700012207031,-2.67503645381465,0.004788388116331,0.0021408941184338,ST
191.033333333333,-1.24473547935486,-0.375633776187897,10.5823450088501,-0.434453994035721,0.739333987236023,-1.05945801734924,-895.500061035156,28.5000019073486,-894.900024414062,-2.67140474903407,-0.093418886981943,0.0294002096196855,ST
191.066666666667,-1.66403377056122,-0.808091163635254,12.6602945327759,-0.800309956073761,0.792688012123108,-1.44817996025085,-900.300048828125,29.1000003814697,-897.300048828125,-2.6650907116446,-0.123984429687883,0.0581491038803863,ST
191.1,-0.285314202308655,-0.593357801437378,9.56789493560791,-0.990859985351562,-1.06708002090454,-2.29422187805176,-900.300048828125,31.5000019073486,-885.300048828125,-2.65978052083375,-0.0470793425622675,0.0628030567460929,ST
191.133333333333,0.468345940113068,-1.09280717372894,7.18309879302979,-2.19513607025146,-0.762199997901917,-2.31708788871765,-888.300048828125,33.9000015258789,-894.900024414062,-2.65439218584638,0.0445971584910329,0.137266224526493,ST
191.166666666667,-0.307445496320724,-0.936691880226135,8.84414196014404,-1.84452390670776,-0.99848198890686,-1.65397393703461,-907.500061035156,29.7000007629395,-890.100036621094,-2.65022736948792,-0.0195336831459718,0.113538317277333,ST
191.2,-0.690257012844086,-1.41700065135956,9.10612869262695,-0.87652999162674,-0.739333987236023,-1.17378795146942,-912.300048828125,38.7000007629395,-875.700012207031,-2.64636263506346,-0.0630132198690568,0.147917768757729,ST
191.233333333333,-0.343334078788757,-1.86441159248352,9.98001575469971,-1.85976791381836,-1.44055795669556,-1.48628997802734,-917.100036621094,37.5,-890.100036621094,-2.6418468646679,-0.0362843599566915,0.181307510728101,ST
191.266666666667,-1.18073427677155,-1.87517821788788,13.443263053894,-1.20427596569061,-1.89787793159485,-1.21951997280121,-902.700012207031,41.1000022888184,-885.300048828125,-2.64165412366412,-0.075307123236503,0.147629645615059,ST
191.3,1.17475283145905,-1.58567702770233,8.98410701751709,-0.960371971130371,-3.42227792739868,-0.792688012123108,-921.900024414062,37.5,-885.300048828125,-2.64126584864134,0.0942053899239298,0.170975874604039,ST
191.333333333333,1.40324342250824,-1.57072341442108,8.61266040802002,0.426831990480423,-2.05031800270081,-0.0381099991500378,-929.100036621094,42.9000015258789,-885.300048828125,-2.64312083437497,0.151708647046297,0.178342349380443,ST
191.366666666667,0.281725347042084,-1.08263874053955,8.61206245422363,1.98171997070312,-0.67835795879364,1.31098401546478,-924.300048828125,29.7000007629395,-897.300048828125,-2.64208645978745,0.0572201564729953,0.133180716799291,ST
191.4,-0.0771604403853416,-1.44930040836334,8.00793838500977,1.79879200458527,0.541162014007568,1.06708002090454,-926.700012207031,34.5,-882.900024414062,-2.64548565807912,0.0030176900020625,0.167338335642503,ST
191.433333333333,-0.715378999710083,-1.70052051544189,9.66180324554443,0.754577994346619,1.37195992469788,0.350611984729767,-924.300048828125,30.3000011444092,-894.900024414062,-2.64557449811027,-0.0594635426038888,0.1717899404727,ST
191.466666666667,-0.99889874458313,-1.79801774024963,10.7940883636475,0.0914639979600906,0.861285984516144,-0.167683988809586,-914.700012207031,34.5,-890.100036621094,-2.64524287480244,-0.0858136170516911,0.166327387454389,ST
191.5,-0.592759668827057,-1.81536388397217,10.9226884841919,-0.693601965904236,0.221037998795509,-0.266770005226135,-921.900024414062,37.5,-882.900024414062,-2.64469347706499,-0.0602404636940243,0.166022620915449,ST
191.533333333333,0.389989227056503,-1.42298209667206,8.78731822967529,-0.67835795879364,-1.33385002613068,0.228659987449646,-919.500061035156,39.9000015258789,-899.700012207031,-2.64580396313,0.0245781819825318,0.162626132544649,ST
191.566666666667,-0.204564899206161,-1.39367318153381,9.10553073883057,0.670735955238342,-0.327746003866196,2.17989206314087,-919.500061035156,37.5,-894.900024414062,-2.65083328040072,-0.0127933594502473,0.153120162312122,ST
191.6,-0.202172324061394,-1.23277270793915,9.60856914520264,1.2500079870224,0.137196004390717,2.88111591339111,-905.100036621094,35.1000022888184,-880.500061035156,-2.65827984969949,-0.0202846221758283,0.129997474784206,ST
191.633333333333,0.251818180084229,-1.50074076652527,8.99307918548584,1.50153398513794,-0.266770005226135,3.42989993095398,-929.100036621094,38.1000022888184,-909.300048828125,-2.66614948802626,0.0176192962128662,0.156150948443723,ST
191.666666666667,0.0143554313108325,-1.03239476680756,9.61455059051514,1.43293595314026,-0.769822001457214,3.3460578918457,-924.300048828125,35.1000022888184,-894.900024414062,-2.67359043166381,0.0051994864939852,0.114935523574043,ST
191.7,-0.009570287540555,-0.817063271999359,10.218674659729,1.77592599391937,-1.03659200668335,3.68142580986023,-921.900024414062,33.3000030517578,-906.900024414062,-2.68296456599254,0.0010941937836097,0.0831231797104043,ST
191.733333333333,-0.234472051262856,-0.393578082323074,9.55533409118652,2.63721203804016,-0.426831990480423,3.66618180274963,-914.700012207031,28.5000019073486,-882.900024414062,-2.69173394657651,-0.0190610085765093,0.0458953307076958,ST
191.766666666667,-0.351708054542542,-0.206957474350929,9.23054218292236,2.76678586006165,0.724089980125427,3.14026403427124,-900.300048828125,32.7000007629395,-875.700012207031,-2.69934793083607,-0.035388715218519,0.0231691360293766,ST
191.8,-0.720762252807617,0.134582161903381,9.75810432434082,2.75916385650635,1.11281192302704,2.30946588516235,-914.700012207031,27.9000015258789,-892.500061035156,-2.70604337288051,-0.0675549372441006,-0.010350655728249,ST
191.833333333333,-0.739304721355438,0.24882747232914,9.43570518493652,2.04269599914551,0.0762199983000755,1.79879200458527,-902.700012207031,25.5000019073486,-882.900024414062,-2.7111088009788,-0.0762073771080056,-0.0263986950313111,ST
191.866666666667,-0.545506417751312,0.244640469551086,9.97343635559082,0.754577994346619,-0.861285984516144,1.30336201190948,-897.900024414062,33.9000015258789,-899.700012207031,-2.71425592150849,-0.0567098249008156,-0.0260475313696256,ST
191.9,-0.409129798412323,0.40853163599968,9.39383506774902,0.754577994346619,-0.525918006896973,0.533540010452271,-912.300048828125,24.3000011444092,-894.900024414062,-2.71611857994363,-0.0453924526819882,-0.041041147934072,ST
191.933333333333,0.680686712265015,0.0717771574854851,10.0374374389648,-0.175305992364883,-1.40244793891907,-0.25152599811554,-917.100036621094,27.3000011444092,-892.500061035156,-2.71546952435344,0.0468199421472642,-0.0137739938101485,ST
191.966666666667,1.40563595294952,0.192003890872002,8.42723655700684,-0.586893975734711,-2.35519790649414,-1.2576299905777,-902.700012207031,26.7000007629395,-899.700012207031,-2.71173649649447,0.144575314375235,-0.0203276001557312,ST
192.0,1.02461886405945,-0.0197387188673019,7.92001104354858,-0.92988395690918,-1.41769194602966,-1.56251001358032,-929.100036621094,25.5000019073486,-897.300048828125,-2.71050681518794,0.13382767506059,-0.0011044950891516,ST
192.033333333333,0.52337509393692,0.0526365824043751,9.12287616729736,-0.87652999162674,-0.716467976570129,-1.11281192302704,-914.700012207031,29.1000003814697,-890.100036621094,-2.70712823751419,0.0704183581842655,-0.0039050805767147,ST
192.066666666667,0.115441590547562,-0.317613929510117,10.572774887085,-0.46494197845459,-0.792688012123108,-0.632625997066498,-921.900024414062,25.5000019073486,-904.500061035156,-2.70694847459622,0.0240330842825467,0.0238139143557053,ST
192.1,0.346922934055328,-0.224901750683784,10.5404758453369,-1.21189796924591,-0.67835795879364,-0.937505960464478,-921.900024414062,30.3000011444092,-902.100036621094,-2.70473940569177,0.0320846934608845,0.0234852477663351,ST
192.133333333333,-0.0101684303954244,-0.338548928499222,10.4519500732422,-0.922261953353882,0.297257989645004,-0.655492007732391,-924.300048828125,29.1000003814697,-909.300048828125,-2.70323503794101,0.0045307423872635,0.0321017037915027,ST
192.166666666667,-0.266771763563156,-0.404942780733109,11.5274114608765,-0.853663980960846,0.556405961513519,-0.525918006896973,-921.900024414062,33.9000015258789,-899.700012207031,-2.70196914992185,-0.0183005614697936,0.0357049117863425,ST
192.2,0.949252903461456,-0.400157660245895,8.91891002655029,-1.20427596569061,-0.37347799539566,-0.640248000621796,-929.100036621094,34.5,-894.900024414062,-2.70072455850832,0.0813955950451795,0.0446345098574073,ST
192.233333333333,0.218920320272446,-0.639414846897125,8.72032642364502,-0.754577994346619,1.04421401023865,-0.327746003866196,-917.100036621094,31.5000019073486,-902.100036621094,-2.70110405669959,0.0342929062973456,0.0688254979313695,ST
192.266666666667,-0.690257012844086,-0.643601834774017,10.0075302124023,-0.121951997280121,2.75154185295105,-0.525918006896973,-929.100036621094,33.9000015258789,-899.700012207031,-2.69950245324081,-0.0517089201150651,0.0653586662173587,ST
192.3,-1.43434679508209,-0.590965270996094,9.55473613739014,0.342989981174469,2.79727387428284,-0.762199997901917,-919.500061035156,36.3000030517578,-899.700012207031,-2.69744669279499,-0.13531618104784,0.0620854130677171,ST
192.333333333333,-1.54380702972412,-0.561058104038239,9.35495567321777,-0.114329993724823,2.38568592071533,-0.891773998737335,-900.300048828125,35.7000007629395,-892.500061035156,-2.69512260939564,-0.161954225517435,0.0606702443100633,ST
192.366666666667,-1.39307498931885,-0.928317904472351,10.3275365829468,-1.18140995502472,0.716467976570129,-1.06708002090454,-912.300048828125,33.9000015258789,-894.900024414062,-2.68922085842973,-0.140165457821713,0.0857087223048343,ST
192.4,-0.765622973442078,-1.01744115352631,10.3717994689941,-1.44817996025085,-1.13567793369293,-0.830797970294952,-914.700012207031,38.1000022888184,-885.300048828125,-2.68645261482094,-0.0827978810952391,0.0979873999636702,ST
192.433333333333,-0.319408357143402,-0.998300611972809,9.45783710479736,-0.937505960464478,-1.13567793369293,-0.754577994346619,-900.300048828125,32.7000007629395,-894.900024414062,-2.68454872935687,-0.0400799698018772,0.105378881663838,ST
192.466666666667,0.311034351587296,-1.01445043087006,9.5864372253418,-0.731711983680725,-0.990859985351562,-0.396344006061554,-909.900024414062,43.5,-887.700012207031,-2.68384734736268,0.0208071568027013,0.106480847089353,ST
192.5,0.938486337661743,-0.622068703174591,8.94104099273682,-0.0609759986400604,-2.39330792427063,0.0,-921.900024414062,37.5,-899.700012207031,-2.68270312779082,0.0908199407837649,0.0770831458172678,ST
192.533333333333,0.82065212726593,-0.690257012844086,7.23513746261597,0.716467976570129,-1.6844619512558,0.327746003866196,-914.700012207031,36.9000015258789,-894.900024414062,-2.68529260098449,0.110383260818251,0.0905445838880328,ST
192.566666666667,0.340343356132507,-0.790146887302399,9.75870227813721,0.487807989120483,-0.510673999786377,0.396344006061554,-929.100036621094,43.5,-873.300048828125,-2.68571253873227,0.0506668252099997,0.0821223908371752,ST
192.6,-0.416307508945465,-0.595750391483307,10.6290006637573,1.265251994133,-1.30336201190948,0.663114011287689,-924.300048828125,36.9000015258789,-894.900024414062,-2.68731185855254,-0.022180044187837,0.0585564263897944,ST
192.633333333333,-0.586778283119202,-0.811081886291504,11.1308422088623,1.44817996025085,-0.579271972179413,0.228659987449646,-921.900024414062,30.9000015258789,-894.900024414062,-2.68749397492337,-0.045627125314197,0.0678460810112821,ST
192.666666666667,-0.305052906274796,-0.462962657213211,12.0932550430298,0.533540010452271,-0.800309956073761,-0.137196004390717,-909.900024414062,30.3000011444092,-885.300048828125,-2.68813501721341,-0.0281958658040724,0.0434845884641575,ST
192.7,0.51440292596817,-0.504832684993744,9.80535793304443,0.297257989645004,-1.63110792636871,-0.46494197845459,-926.700012207031,32.7000007629395,-880.500061035156,-2.68727241097715,0.0384019406182532,0.049417553680145,ST
192.733333333333,1.18013608455658,-0.573020994663239,8.43441390991211,-0.411587983369827,-0.160062000155449,-1.16616594791412,-919.500061035156,42.3000030517578,-890.100036621094,-2.68555555754937,0.122183778205746,0.0651601731313777,ST
192.766666666667,0.811680018901825,-0.504832684993744,6.99887084960938,-0.548784017562866,0.800309956073761,-1.59299790859222,-936.300048828125,38.1000022888184,-887.700012207031,-2.68235209245836,0.115616329758883,0.0711205412373291,ST
192.8,-0.925327181816101,-1.04136693477631,8.24300861358643,-0.106707997620106,2.41617393493652,-1.77592599391937,-929.100036621094,39.3000030517578,-894.900024414062,-2.67824145513784,-0.0757780054477351,0.11667394414455,ST
192.833333333333,-0.421092659235001,-1.03717994689941,10.2168798446655,-1.56251001358032,1.52439999580383,-2.55336999893188,-921.900024414062,33.3000030517578,-885.300048828125,-2.67286810656146,-0.0497129393975886,0.106690296903558,ST
192.866666666667,-0.34811919927597,-1.28720366954803,10.0314559936523,-1.05945801734924,-1.04421401023865,-1.76830399036407,-924.300048828125,39.3000030517578,-885.300048828125,-2.66842489189844,-0.0357568458128695,0.124974424943967,ST
192.9,-0.715977132320404,-1.44511342048645,11.0991411209106,-1.27287399768829,-0.259148001670837,-1.2500079870224,-921.900024414062,39.3000030517578,-902.100036621094,-2.66552947816118,-0.0576311243707943,0.130424845639343,ST
192.933333333333,-0.202172324061394,-1.36256968975067,10.4764738082886,-1.08232402801514,0.0914639979600906,-0.541162014007568,-926.700012207031,39.9000015258789,-878.100036621094,-2.66434437755047,-0.0269201578323672,0.13109447174352,ST
192.966666666667,-0.120824880897999,-1.52167570590973,9.39622783660889,-0.236281991004944,0.396344006061554,0.106707997620106,-926.700012207031,39.3000030517578,-887.700012207031,-2.66394879354884,-0.0155357994395786,0.156258052140175,ST
193.0,-0.317015767097473,-1.20406174659729,7.65622997283936,0.807931959629059,1.09756803512573,0.846041977405548,-919.500061035156,42.3000030517578,-882.900024414062,-2.66560467077731,-0.0383924094423945,0.154832134884467,ST
193.033333333333,-0.44023323059082,-1.07546103000641,8.25676536560059,1.18903195858002,0.685979962348938,1.79879200458527,-909.900024414062,45.3000030517578,-873.300048828125,-2.67033549089603,-0.0512148477385257,0.132861334313475,ST
193.066666666667,-0.709397554397583,-0.846372306346893,9.29693603515625,1.89787793159485,0.160062000155449,3.00306797027588,-929.100036621094,36.3000030517578,-880.500061035156,-2.67912136633912,-0.0715682697307691,0.0963733523473899,ST
193.1,-0.66334056854248,-0.66034984588623,8.83158111572266,2.14178204536438,-0.769822001457214,3.42227792739868,-914.700012207031,35.1000022888184,-887.700012207031,-2.68824717250429,-0.0734470614723134,0.0756789836663569,ST
193.133333333333,-1.10297560691833,-0.541917502880096,10.3293313980103,2.82013988494873,-0.442075997591019,4.02441596984863,-914.700012207031,34.5,-894.900024414062,-2.69983646261105,-0.100439160621205,0.0516975612753157,ST
193.166666666667,-0.441429525613785,-0.397765070199966,10.7635831832886,1.56251001358032,-1.76830399036407,3.62045001983643,-924.300048828125,41.7000007629395,-878.100036621094,-2.70965374221349,-0.0492730418707714,0.0369774952248803,ST
193.2,0.390587359666824,-0.117236025631428,10.1002426147461,0.83841997385025,-3.353679895401,3.3460578918457,-912.300048828125,30.9000015258789,-880.500061035156,-2.71779396564046,0.0254694456451924,0.0155550758064914,ST
193.233333333333,1.11733102798462,-0.0185424312949181,9.68393516540527,0.525918006896973,-2.78202986717224,3.81099987030029,-933.900024414062,35.7000007629395,-892.500061035156,-2.72599116252414,0.10066030566207,0.004341389141865,ST
193.266666666667,0.875083148479462,0.393578082323074,9.73238468170166,1.2423859834671,-1.19665396213531,3.17837381362915,-931.500061035156,35.7000007629395,-899.700012207031,-2.73027687300037,0.0934008326124914,-0.0337784973064736,ST
193.3,0.832016885280609,0.275743901729584,9.6821403503418,1.39482593536377,0.0228659994900227,1.95885396003723,-933.900024414062,31.5000019073486,-882.900024414062,-2.73573246895748,0.0870406570931064,-0.0311330823429475,TR
193.333333333333,0.986337780952454,0.683079302310944,9.37529277801514,0.403965979814529,-0.739333987236023,1.07470202445984,-914.700012207031,39.9000015258789,-890.100036621094,-2.73510265668211,0.102777359351498,-0.0661799445675249,TR
193.366666666667,1.16039741039276,0.538926839828491,7.9433388710022,-0.0838419944047928,-0.609759986400604,0.152439996600151,-917.100036621094,38.7000007629395,-887.700012207031,-2.73520175243171,0.137135321461046,-0.0672928627417644,TR
193.4,0.0059814294800162,0.44023323059082,10.6840295791626,0.0609759986400604,1.14329993724823,-0.701223969459534,-929.100036621094,35.1000022888184,-887.700012207031,-2.73545146515517,0.0265082334297519,-0.046593652293823,TR
193.433333333333,-0.315819501876831,0.888242304325104,9.7120475769043,0.754577994346619,0.487807989120483,-0.617381989955902,-924.300048828125,33.3000030517578,-880.500061035156,-2.73392319386113,-0.0232555201957562,-0.0848059254245738,TR
193.466666666667,-1.02641332149506,1.08862018585205,10.6834316253662,1.38720393180847,1.46342396736145,-0.556405961513519,-924.300048828125,27.9000015258789,-878.100036621094,-2.73356360702368,-0.0845870141117016,-0.10050685970966,TR
193.5,-0.358287632465363,1.1418548822403,9.1808967590332,0.685979962348938,1.2423859834671,-1.09756803512573,-907.500061035156,35.7000007629395,-909.300048828125,-2.73245996481117,-0.0488539497937787,-0.120502908897555,TR
193.533333333333,-0.77579140663147,0.945664048194885,10.1911602020264,0.0076219998300075,1.13567793369293,-1.88263392448425,-914.700012207031,29.7000007629395,-887.700012207031,-2.72708121860148,-0.0721125657508133,-0.0980290906373914,TR
193.566666666667,-0.0986935868859291,1.01744115352631,10.0667457580566,-1.37958192825317,-0.335367977619171,-2.86587190628052,-929.100036621094,31.5000019073486,-882.900024414062,-2.7201990257255,-0.0208131545893083,-0.0981157857753215,TR
193.6,-0.0580198690295219,0.818857729434967,8.2023344039917,-1.265251994133,-0.807931959629059,-2.75154185295105,-917.100036621094,31.5000019073486,-890.100036621094,-2.71354567203496,-0.0088935443352484,-0.0973980994007107,TR
193.633333333333,-0.496458679437637,0.672312676906586,9.54695987701416,-1.39482593536377,0.556405961513519,-3.30794787406921,-936.300048828125,38.7000007629395,-882.900024414062,-2.70503915633814,-0.0453496331093944,-0.072996908179284,TR
193.666666666667,-0.009570287540555,0.409727931022644,10.3478736877441,-2.03507399559021,-0.419209986925125,-3.27745985984802,-936.300048828125,39.9000015258789,-878.100036621094,-2.6962997209844,-0.0085041447495598,-0.0425192221712326,TR
193.7,0.843979716300964,0.595750391483307,9.10134315490723,-2.15702605247498,-1.85976791381836,-3.49849796295166,-941.100036621094,39.3000030517578,-887.700012207031,-2.68653228163087,0.0777706958607275,-0.0586360261751292,TR
193.733333333333,0.997104346752167,-0.0071777156554162,8.5785665512085,-2.4923939704895,-0.320124000310898,-3.65093803405762,-933.900024414062,43.5,-887.700012207031,-2.6819041749322,0.109295829579737,-0.0067617841605775,TR
193.766666666667,0.0592161528766155,0.0,10.0284652709961,-1.89787793159485,1.14329993724823,-4.24545383453369,-948.300048828125,35.7000007629395,-882.900024414062,-2.67237416884052,0.0251543240206728,0.0009497036193488,TR
193.8,-0.173461467027664,-0.537132382392883,9.73836612701416,-1.97409796714783,1.41769194602966,-4.79423809051514,-929.100036621094,48.3000030517578,-885.300048828125,-2.66085377819729,-0.0119300297521563,0.0482598352839859,TR
193.833333333333,-0.273351341485977,-0.137572884559631,9.02657604217529,-1.91312193870544,1.15854394435883,-4.49697971343994,-941.100036621094,41.7000007629395,-882.900024414062,-2.65005001520766,-0.02867095234555,0.0237097993284637,TR
193.866666666667,-0.66633129119873,-0.678294122219086,10.326340675354,-1.41769194602966,1.18903195858002,-4.19210004806519,-945.900024414062,49.5000038146973,-887.700012207031,-2.63855528238538,-0.0589464257673939,0.0599313544895207,TR
193.9,-1.07426476478577,-0.906186580657959,11.2839670181274,-1.34147191047668,0.701223969459534,-3.60520601272583,-950.700012207031,50.1000022888184,-885.300048828125,-2.62851330448129,-0.0888786713178704,0.0788596863560711,TR
193.933333333333,0.66034984588623,-1.06648886203766,9.0971565246582,-2.57623600959778,-0.274392008781433,-3.81099987030029,-933.900024414062,52.5000038146973,-885.300048828125,-2.6184028083276,0.0458451208352767,0.114118414138097,TR
193.966666666667,0.705210566520691,-0.345128506422043,9.58404445648193,-1.76830399036407,-1.48628997802734,-2.9268479347229,-938.700012207031,52.5000038146973,-880.500061035156,-2.60772093312702,0.0709580125486887,0.0522521263058494,TR
194.0,1.06828331947327,-0.601133704185486,8.51815414428711,-1.05945801734924,-0.884151995182037,-2.22562384605408,-943.500061035156,50.7000007629395,-878.100036621094,-2.60357706962805,0.11696604227339,0.0686070553640827,TR
194.033333333333,0.810483753681183,-0.216527760028839,8.63957691192627,0.25152599811554,1.35671591758728,-1.95885396003723,-948.300048828125,44.7000007629395,-878.100036621094,-2.59522361377319,0.096489657259428,0.0331714981156289,TR
194.066666666667,0.13099330663681,0.0795530155301094,9.05169773101807,1.265251994133,1.98171997070312,-2.02745199203491,-953.100036621094,53.1000022888184,-878.100036621094,-2.58846269606129,0.0282882813320341,-0.0022694738909861,TR
194.1,-0.401353925466537,0.394774347543716,11.3144721984863,1.2500079870224,1.45580196380615,-2.05031800270081,-948.300048828125,47.7000007629395,-868.500061035156,-2.58374765607252,-0.0246753657487253,-0.0300291876824262,TR
194.133333333333,0.0891233012080193,0.739304721355438,10.1839818954468,1.60824191570282,0.480185985565186,-1.98934197425842,-943.500061035156,51.3000030517578,-870.900024414062,-2.57932717795696,0.0019193223303792,-0.0671787765548589,TR
194.166666666667,0.0406737215816975,0.916953146457672,9.52482891082764,1.50153398513794,2.19513607025146,-2.62196803092957,-945.900024414062,47.1000022888184,-863.700012207031,-2.57368071030083,0.0004283634487112,-0.0922687614694956,TR
194.2,-0.262584775686264,0.43425178527832,11.3114814758301,0.617381989955902,1.97409796714783,-3.20886182785034,-945.900024414062,45.3000030517578,-887.700012207031,-2.56594014573233,-0.021796881265214,-0.0494135727140177,TR
194.233333333333,0.602928102016449,0.406737208366394,9.6881217956543,-0.579271972179413,-0.297257989645004,-4.92381191253662,-941.100036621094,47.7000007629395,-866.100036621094,-2.5546345783492,0.0452912454120764,-0.0428064012720195,TR
194.266666666667,0.497056812047958,0.0167480036616325,8.86687183380127,-1.20427596569061,-0.426831990480423,-6.05948972702026,-948.300048828125,51.9000015258789,-880.500061035156,-2.54181416333062,0.0544037865370795,-0.0083863446463403,TR
194.3,-0.217724040150642,-0.425877809524536,10.2563571929932,-1.07470202445984,0.914639949798584,-6.14333200454712,-962.700012207031,51.9000015258789,-880.500061035156,-2.52854809702006,-0.0070855083966638,0.0328203510896399,TR
194.333333333333,0.231481328606606,-0.640012979507446,10.0882797241211,-1.41769194602966,0.205793991684914,-6.43296766281128,-965.100036621094,58.5000038146973,-870.900024414062,-2.51382612186932,0.0170176665688455,0.0591086579544565,TR
194.366666666667,0.707004964351654,-0.30325847864151,8.29624271392822,-1.36433792114258,-0.449698001146317,-5.96040391921997,-977.100036621094,57.3000030517578,-866.100036621094,-2.49841126420955,0.0738944294498788,0.0420767298540547,TR
194.4,0.01914057508111,-0.503636360168457,9.14441013336182,-0.602137982845306,1.37195992469788,-3.81099987030029,-974.700012207031,54.3000030517578,-868.500061035156,-2.48992356041764,0.0149138048239087,0.0530635810720376,TR
194.433333333333,-1.02402079105377,-0.720762252807617,11.8019590377808,-0.419209986925125,1.62348592281342,-3.17837381362915,-974.700012207031,53.1000022888184,-875.700012207031,-2.48153643203154,-0.071460132418274,0.0604824931021856,TR
194.466666666667,0.305651068687439,-0.531749129295349,10.3514623641968,-0.0685980021953583,0.213415995240211,-3.3689239025116,-972.300048828125,57.3000030517578,-856.500061035156,-2.47327472840014,0.0124966612142958,0.0530485412808564,TR
194.5,-0.239855334162712,-0.544908225536346,10.9938678741455,0.724089980125427,0.0533539988100529,-2.65245604515076,-986.700012207031,54.3000030517578,-866.100036621094,-2.46661196935558,-0.0159205355595024,0.0490892945373835,TR
194.533333333333,-0.497654944658279,-0.358287632465363,11.1936473846436,1.16616594791412,0.815553963184357,-3.04879999160767,-991.500061035156,58.5000038146973,-873.300048828125,-2.4598630693101,-0.0396380783644119,0.0339512532438507,TR
194.566666666667,0.294884473085403,0.0029907147400081,8.5187520980835,1.02897000312805,0.716467976570129,-3.26221585273743,-981.900024414062,65.1000061035156,-854.100036621094,-2.45258941560493,0.0187100428861452,0.005143756516032,TR
194.6,0.364867210388184,0.184228032827377,6.93666410446167,0.579271972179413,0.975615978240967,-3.10215401649475,-977.100036621094,56.1000022888184,-846.900024414062,-2.44467530890222,0.0443116127646201,-0.0211185689598371,TR
194.633333333333,-1.48399269580841,-0.18482618033886,10.1863746643066,1.17378795146942,2.88111591339111,-3.11739802360535,-991.500061035156,57.9000015258789,-851.700012207031,-2.43645195746892,-0.110417301221944,0.0087027816931474,TR
194.666666666667,-1.05213344097137,0.253014475107193,11.4155588150024,0.693601965904236,1.69970595836639,-3.44514393806458,-993.900024414062,52.5000038146973,-858.900024414062,-2.43039563289951,-0.0975128495312361,-0.0174941659536094,TR
194.7,-0.888840436935425,-0.159106031060219,11.0782060623169,1.33385002613068,1.13567793369293,-3.28508186340332,-993.900024414062,56.7000007629395,-863.700012207031,-2.42013375913421,-0.0849877075198157,0.0068598947834152,TR
194.733333333333,-0.494066089391708,0.392979919910431,12.3014087677002,0.564027965068817,0.266770005226135,-3.24697184562683,-981.900024414062,59.1000022888184,-863.700012207031,-2.41429388459112,-0.0485869291241831,-0.0255517032415679,TR
194.766666666667,1.15680849552155,0.061608724296093,10.154673576355,1.36433792114258,-1.30336201190948,-2.78202986717224,-989.100036621094,55.5000038146973,-861.300048828125,-2.40775708253934,0.0862060295000281,-0.0117133583141656,TR
194.8,2.27892470359802,0.259594053030014,8.42663860321045,0.670735955238342,-1.36433792114258,-4.20734405517578,-1005.90002441406,61.5000038146973,-880.500061035156,-2.39495731855816,0.233938373122726,-0.0294215341966599,TR
194.833333333333,0.454588651657104,0.407335370779037,10.4435758590698,1.87501192092896,0.25152599811554,-3.45276594161987,-1008.30004882812,51.3000030517578,-858.900024414062,-2.3860847744521,0.0814859618916819,-0.0404069037346936,TR
194.866666666667,0.0628050118684769,0.315221339464188,10.0619611740112,1.98934197425842,0.213415995240211,-3.33081388473511,-1015.50006103516,57.9000015258789,-870.900024414062,-2.37889849332801,0.0209309485273985,-0.036118975367702,TR
194.9,-0.230883181095123,0.920542061328888,9.07143592834473,1.84452390670776,0.350611984729767,-3.51374197006226,-1025.10009765625,50.7000007629395,-870.900024414062,-2.3707618899823,-0.0168310305346964,-0.0905811354055331,TR
194.933333333333,-1.12450873851776,1.31890523433685,9.87713527679443,1.98171997070312,1.41769194602966,-3.28508186340332,-1015.50006103516,57.3000030517578,-868.500061035156,-2.36536691804825,-0.0955929930125135,-0.126678872688291,TR
194.966666666667,-0.801511585712433,0.982748925685883,10.7587976455688,1.2500079870224,1.39482593536377,-3.00306797027588,-1020.30004882812,53.1000022888184,-861.300048828125,-2.35600824089458,-0.0805717211942113,-0.0992501494425852,TR
195.0,-0.333165645599365,0.635227859020233,9.39921855926514,0.411587983369827,0.46494197845459,-4.80185985565186,-1003.50006103516,50.1000022888184,-878.100036621094,-2.34275066642955,-0.0446504226712138,-0.0733384460193064,TR
195.033333333333,-0.699827253818512,0.337352633476257,10.5877285003662,-0.0685980021953583,1.00610399246216,-6.01375770568848,-1008.30004882812,49.5000038146973,-870.900024414062,-2.32635152148572,-0.0640526272674616,-0.0386648612655738,TR
195.066666666667,0.101086162030697,0.191405743360519,10.2737035751343,-0.655492007732391,-0.0533539988100529,-6.53205394744873,-1022.70001220703,56.1000022888184,-875.700012207031,-2.31076323036887,-0.0052213622109728,-0.0215081945058406,TR
195.1,0.203966751694679,0.0406737215816975,9.18927001953125,-0.693601965904236,0.236281991004944,-5.98326969146729,-1032.30004882812,56.7000007629395,-880.500061035156,-2.29622012334418,0.016867455068485,-0.0065584035289608,TR
195.133333333333,0.102880589663982,-0.394176214933395,9.70187854766846,-0.152439996600151,1.92836594581604,-4.55033397674561,-1032.30004882812,52.5000038146973,-858.900024414062,-2.28521834684962,0.0089800566633505,0.0328449858068201,TR
195.166666666667,-0.113647162914276,-0.507823407649994,10.0930643081665,0.434453994035721,2.28659987449646,-4.22258806228638,-1022.70001220703,66.3000030517578,-875.700012207031,-2.27466898863286,-0.0106603770414067,0.046566351013522,TR
195.2,-0.863120317459106,-0.465355217456818,10.270712852478,0.922261953353882,1.86738991737366,-3.63569402694702,-1032.30004882812,56.7000007629395,-875.700012207031,-2.26558331496713,-0.0731458861540223,0.0444691722733968,TR
195.233333333333,-0.815268874168396,-0.38939106464386,10.0081281661987,0.655492007732391,1.57775402069092,-3.30794787406921,-1029.90002441406,51.9000015258789,-873.300048828125,-2.25764184102793,-0.081846030794714,0.0393258642603922,TR
195.266666666667,-0.608909547328949,-0.325987905263901,9.27958965301514,0.708845973014832,0.914639949798584,-2.74391984939575,-1044.30004882812,53.7000007629395,-882.900024414062,-2.2514468700867,-0.0699126965898448,0.0352617506774358,TR
195.3,-0.883457183837891,-0.453990519046783,10.11878490448,0.480185985565186,1.05183601379395,-1.97409796714783,-1041.90002441406,61.5000038146973,-875.700012207031,-2.24617855463223,-0.0849140851082599,0.0424605053918752,TR
195.333333333333,-0.194396466016769,-0.125011876225471,9.16355037689209,0.0533539988100529,0.0304879993200302,-2.16464805603027,-1034.70007324219,54.9000015258789,-870.900024414062,-2.24255608088366,-0.0340092456322076,0.0195209137048389,TR
195.366666666667,0.0059814294800162,0.0598142966628075,8.95838737487793,0.602137982845306,-0.243903994560242,-1.40244793891907,-1034.70007324219,51.9000015258789,-875.700012207031,-2.23944673089463,-0.004787033836629,-0.0031289790930755,TR
195.4,0.0107665732502937,0.0293090064078569,8.92608737945557,1.265251994133,0.137196004390717,-1.08232402801514,-1044.30004882812,58.5000038146973,-868.500061035156,-2.23672483831553,-5.30671932085747e-06,-0.0050930495037979,TR
195.433333333333,0.10527316480875,-0.147143170237541,9.36990928649902,1.34147191047668,-0.442075997591019,-0.983237981796265,-1044.30004882812,57.9000015258789,-868.500061035156,-2.23441576374927,0.0098687719776974,0.0100579495898535,TR
195.466666666667,-0.0705808699131012,-0.0705808699131012,9.43331241607666,1.13567793369293,-0.221037998795509,-1.65397393703461,-1044.30004882812,54.9000015258789,-870.900024414062,-2.23025975353815,-0.0042329221115656,0.0062633962817224,TR
195.5,-0.197387173771858,-0.240453481674194,10.1612529754639,0.457319974899292,0.0228659994900227,-1.2500079870224,-1058.70007324219,50.1000022888184,-866.100036621094,-2.22695898081805,-0.0168758306992731,0.0200999326025083,TR
195.533333333333,-0.168078169226646,-0.303856641054153,9.2640380859375,0.358233988285065,-0.533540010452271,-1.40244793891907,-1058.70007324219,54.3000030517578,-873.300048828125,-2.22338205929536,-0.0170890271241563,0.0300438290920943,TR
195.566666666667,-0.564048826694489,-0.785361707210541,10.6391687393188,0.320124000310898,0.350611984729767,-1.58537602424622,-1053.90002441406,51.3000030517578,-873.300048828125,-2.21831376566904,-0.0468278042064087,0.0655109701396611,TR
195.6,-0.594554126262665,-0.780576586723328,10.684627532959,0.289635986089706,0.647870004177094,-2.38568592071533,-1051.5,51.9000015258789,-875.700012207031,-2.21188823143002,-0.0546951072978808,0.0714458797182929,TR
195.633333333333,-0.328978627920151,-1.07366669178009,9.78621673583984,0.510673999786377,0.358233988285065,-2.41617393493652,-1070.70007324219,52.5000038146973,-873.300048828125,-2.20447166165854,-0.0374024136163828,0.101950017820289,TR
195.666666666667,-0.742295444011688,-0.938486337661743,9.86816310882568,0.129574000835419,0.868907988071442,-2.30184388160706,-1063.5,57.9000015258789,-870.900024414062,-2.1988047245484,-0.0694103525786312,0.0960344337909931,TR
195.7,-0.467149674892426,-0.688462555408478,10.2575540542603,0.0914639979600906,0.106707997620106,-1.41769194602966,-1068.30004882812,59.1000022888184,-875.700012207031,-2.19674372279166,-0.0496840941866905,0.072174370349324,TR
195.733333333333,0.244640469551086,-0.82065212726593,8.57497787475586,0.815553963184357,-0.442075997591019,-0.746955990791321,-1063.5,53.7000007629395,-873.300048828125,-2.19466694060489,0.0151666923978135,0.0901082900668226,TR
195.766666666667,0.12441373616457,-0.825437307357788,8.58095932006836,0.937505960464478,0.327746003866196,-0.586893975734711,-1058.70007324219,51.3000030517578,-882.900024414062,-2.19324902031641,0.0141722602441309,0.0935084619036141,TR
195.8,-0.280529052019119,-0.512010395526886,9.1988410949707,1.72257196903229,0.663114011287689,-0.442075997591019,-1063.5,57.9000015258789,-870.900024414062,-2.19223323849352,-0.022325281336884,0.0608549367139903,TR
195.833333333333,-0.403746515512466,-0.495860517024994,9.51765060424805,1.96647596359253,0.899396002292633,-0.564027965068817,-1056.30004882812,50.7000007629395,-875.700012207031,-2.1908550140133,-0.040241226484852,0.0507037777694977,TR
195.866666666667,-0.572422802448273,0.105871304869652,9.30650615692139,1.73781597614288,0.266770005226135,0.0685980021953583,-1070.70007324219,46.5,-885.300048828125,-2.19342541433484,-0.0580416294447621,-0.002771426604205,TR
195.9,-1.06828331947327,0.245238617062569,9.65043830871582,1.99696397781372,0.480185985565186,0.92988395690918,-1046.70007324219,50.7000007629395,-887.700012207031,-2.19687051097736,-0.100343557894625,-0.0237210170886261,TR
195.933333333333,-0.91874760389328,0.042468149214983,10.4692964553833,1.16616594791412,0.914639949798584,0.556405961513519,-1046.70007324219,54.3000030517578,-878.100036621094,-2.19658356172242,-0.0913810723021847,-0.0097145229362216,TR
195.966666666667,-0.2613884806633,-0.105871304869652,10.1134014129639,0.594515979290009,-0.708845973014832,0.487807989120483,-1058.70007324219,51.9000015258789,-894.900024414062,-2.19662525513565,-0.0380701374279862,0.0055466031098734,TR
196.0,0.548497080802917,-0.718967854976654,9.53738975524902,0.274392008781433,-1.6615959405899,-0.769822001457214,-1051.5,49.5000038146973,-878.100036621094,-2.19504161259983,0.0403980856283821,0.0607620961710924,TR
196.033333333333,0.695042133331299,-0.665733098983765,9.401611328125,0.259148001670837,-1.19665396213531,-2.02745199203491,-1063.5,49.5000038146973,-894.900024414062,-2.19099927201943,0.0687694407309093,0.0681682018291307,TR
196.066666666667,0.575413525104523,-0.659751713275909,9.53619384765625,0.937505960464478,-0.990859985351562,-1.82165801525116,-1068.30004882812,48.3000030517578,-882.900024414062,-2.18706858790984,0.0634146981055259,0.0674256777112243,TR
196.1,0.533543527126312,-0.599937379360199,8.68204498291016,1.60061991214752,-0.67835795879364,-1.18140995502472,-1070.70007324219,40.5,-873.300048828125,-2.18440777462206,0.0626947528341168,0.066300055311595,TR
196.133333333333,0.442027658224106,-0.199779748916626,8.97513484954834,1.69970595836639,-0.46494197845459,-0.670735955238342,-1075.5,52.5000038146973,-880.500061035156,-2.18084171583662,0.0523214291807282,0.0276230570528609,TR
196.166666666667,-0.100488021969795,-0.40853163599968,9.34538555145264,2.14178204536438,-0.213415995240211,-0.228659987449646,-1073.10009765625,45.9000015258789,-909.300048828125,-2.18070791384951,0.0008409851878778,0.0377449926035132,TR
196.2,-0.885849714279175,-0.0693845823407173,11.1607494354248,2.13416004180908,0.335367977619171,-0.358233988285065,-1061.10009765625,50.1000022888184,-897.300048828125,-2.18059335447614,-0.0635180232947528,0.0096438652996266,TR
196.233333333333,-0.802109718322754,0.17525589466095,10.6170377731323,2.5000159740448,0.411587983369827,0.396344006061554,-1073.10009765625,43.5,-885.300048828125,-2.182905547871,-0.0739987456512815,-0.0157868037971028,TR
196.266666666667,-0.930710434913635,0.467149674892426,9.81672286987305,1.91312193870544,0.731711983680725,0.640248000621796,-1070.70007324219,49.5000038146973,-880.500061035156,-2.18638116241251,-0.0912985230528734,-0.0438844466326775,TR
196.3,-0.638218522071838,0.767417430877686,9.78561878204346,0.846041977405548,-0.419209986925125,1.29574000835419,-1065.90002441406,50.1000022888184,-882.900024414062,-2.19144989463569,-0.0695591617995744,-0.0726572938330982,TR
196.333333333333,-0.432457357645035,0.681882977485657,9.74255275726318,0.792688012123108,-0.823175966739655,1.79879200458527,-1061.10009765625,45.3000030517578,-894.900024414062,-2.19562538122725,-0.0471196238828895,-0.0716309684156429,ST
196.366666666667,0.104076877236366,0.884653449058533,9.1922607421875,0.830797970294952,-0.518296003341675,1.70732796192169,-1073.10009765625,42.9000015258789,-894.900024414062,-2.20022610844937,0.0024208538965219,-0.0931054353533842,ST
196.4,0.406737208366394,1.01445043087006,8.58036136627197,0.762199997901917,-0.0914639979600906,1.18140995502472,-1068.30004882812,48.3000030517578,-882.900024414062,-2.20252566650306,0.0383419978258176,-0.113745576791138,ST
196.433333333333,0.41152235865593,0.884653449058533,8.55942630767822,0.320124000310898,0.297257989645004,0.46494197845459,-1068.30004882812,40.5,-887.700012207031,-2.20407863381781,0.0456483361286896,-0.105453555285112,ST
196.466666666667,-0.154919028282166,0.724949300289154,9.11330604553223,0.152439996600151,1.09756803512573,-0.137196004390717,-1061.10009765625,45.9000015258789,-890.100036621094,-2.20440659373093,-0.0080476111351485,-0.0839851359959632,ST
196.5,-0.709397554397583,0.498253107070923,10.3676118850708,0.213415995240211,1.39482593536377,-0.663114011287689,-1068.30004882812,42.9000015258789,-897.300048828125,-2.20195489334148,-0.0602285878032814,-0.0543499141782966,ST
196.533333333333,-1.20226740837097,0.497056812047958,11.0937576293945,0.121951997280121,1.05183601379395,-1.27287399768829,-1051.5,47.1000022888184,-892.500061035156,-2.1985250675799,-0.099802217265583,-0.046735479149376,ST
196.566666666667,-0.828428030014038,0.419298231601715,11.1637401580811,-0.571649968624115,0.762199997901917,-1.58537602424622,-1065.90002441406,50.1000022888184,-899.700012207031,-2.19421939897371,-0.0800798384715826,-0.0382825929064947,ST
196.6,-0.0448607243597507,0.442625790834427,9.68333625793457,-0.922261953353882,-0.0152439996600151,-1.89787793159485,-1061.10009765625,46.5,-878.100036621094,-2.19018677249446,-0.0199278184938647,-0.0427989951604879,ST
196.633333333333,0.331969350576401,0.272753208875656,9.4907341003418,-1.20427596569061,0.0533539988100529,-1.80641400814056,-1063.5,48.9000015258789,-887.700012207031,-2.18605133575955,0.023729408596389,-0.029911662960984,ST
196.666666666667,0.628050148487091,0.500047504901886,8.49662113189697,-1.03659200668335,-0.442075997591019,-1.87501192092896,-1058.70007324219,53.7000007629395,-897.300048828125,-2.18032426276101,0.0652587333178259,-0.0522732489714561,ST
196.7,0.556871116161346,0.229088753461838,8.74784088134766,-0.846041977405548,-0.525918006896973,-1.86738991737366,-1068.30004882812,47.1000022888184,-894.900024414062,-2.17727432249626,0.0645316934644676,-0.0304286580357861,ST
196.733333333333,0.83560574054718,0.232677608728409,8.49004173278809,-1.22714197635651,-0.777444005012512,-2.95733594894409,-1061.10009765625,55.5000038146973,-899.700012207031,-2.1705063828789,0.0922822376432554,-0.0266441878828569,ST
196.766666666667,-0.199181616306305,0.061608724296093,9.81612396240234,-0.182927995920181,0.0457319989800453,-2.95733594894409,-1085.10009765625,53.1000022888184,-887.700012207031,-2.164248772105,0.000963331497043,-0.0100200266802062,ST
196.8,-0.256603330373764,-0.381017059087753,10.9508018493652,-0.0457319989800453,0.3125019967556,-3.70429182052612,-1080.30004882812,49.5000038146973,-878.100036621094,-2.15484628342328,-0.0194371149288478,0.0269184709418852,ST
196.833333333333,-0.421092659235001,-0.061608724296093,10.4148654937744,-0.381099998950958,-0.228659987449646,-3.87959790229797,-1080.30004882812,46.5,-892.500061035156,-2.14560219738459,-0.0364756492390468,0.0101664424811054,ST
196.866666666667,-0.249425619840622,-0.373839348554611,9.87534046173096,-1.43293595314026,-0.0076219998300075,-3.30032587051392,-1089.90002441406,51.3000030517578,-882.900024414062,-2.13733322399846,-0.0273693066638215,0.0344048759761643,ST
196.9,-0.0861325860023499,-0.738706588745117,9.34359169006348,-1.88263392448425,0.243903994560242,-2.95733594894409,-1070.70007324219,48.3000030517578,-892.500061035156,-2.1298143930283,-0.012948769808818,0.0726349181015307,ST
196.933333333333,-0.225499898195267,-1.34641981124878,9.65582180023193,-1.97409796714783,1.09756803512573,-2.58385801315308,-1077.90002441406,53.7000007629395,-892.500061035156,-2.12274128993732,-0.0222059592519773,0.128085533715955,ST
196.966666666667,-0.311034351587296,-1.60063064098358,9.77545070648193,-1.58537602424622,1.36433792114258,-2.72867584228516,-1089.90002441406,54.9000015258789,-885.300048828125,-2.11474335579982,-0.0312203201505637,0.158984553084725,ST
197.0,-0.513804793357849,-1.48518896102905,9.69828987121582,-0.800309956073761,1.15854394435883,-2.47714996337891,-1094.70007324219,52.5000038146973,-870.900024414062,-2.1087637571176,-0.0493933763988577,0.154586389159815,ST
197.033333333333,-0.702817976474762,-1.47202980518341,9.27779579162598,-0.160062000155449,1.09756803512573,-1.40244793891907,-1087.5,54.9000015258789,-875.700012207031,-2.1047223863997,-0.071693454961913,0.157266657242627,ST
197.066666666667,-0.771604418754578,-1.23755776882172,10.0105209350586,-0.0609759986400604,0.342989981174469,-0.129574000835419,-1082.70007324219,51.9000015258789,-870.900024414062,-2.10633431673026,-0.0758658137010391,0.130012454398025,ST
197.1,-0.418101936578751,-0.947458446025848,9.14201736450195,1.09756803512573,-0.282013982534409,1.265251994133,-1070.70007324219,44.1000022888184,-885.300048828125,-2.11060076141649,-0.0514007219621587,0.107018264554473,ST
197.133333333333,-0.651975810527802,-0.766819298267365,9.6163444519043,1.22714197635651,0.495429992675781,1.60824191570282,-1082.70007324219,47.7000007629395,-885.300048828125,-2.11564285741942,-0.0655286172467595,0.0825835759897895,ST
197.166666666667,-0.687266290187836,-0.544310092926025,10.0117168426514,1.20427596569061,0.396344006061554,2.11129403114319,-1085.10009765625,50.7000007629395,-887.700012207031,-2.12187024448518,-0.0686020036854077,0.0581403838025526,ST
197.2,-0.74648243188858,-0.13398402929306,8.87345123291016,1.42531394958496,0.411587983369827,2.24086785316467,-1082.70007324219,48.9000015258789,-887.700012207031,-2.12947156730846,-0.0815209237263684,0.0215622124226252,ST
197.233333333333,-1.09579789638519,0.0897214487195015,9.32504844665527,1.72257196903229,1.05183601379395,2.37806391716003,-1070.70007324219,50.7000007629395,-885.300048828125,-2.13718130603534,-0.111304246818073,-0.0060490310939691,ST
197.266666666667,-0.742893576622009,-0.159106031060219,10.1702251434326,1.51677799224854,0.175305992364883,1.89787793159485,-1080.30004882812,51.9000015258789,-894.900024414062,-2.14007700696355,-0.0796260742927293,0.0095650675155923,ST
197.3,-0.154320880770683,0.115441590547562,9.15637302398682,0.823175966739655,-0.967993974685669,0.975615978240967,-1073.10009765625,51.9000015258789,-882.900024414062,-2.14345662097185,-0.0259822297928672,-0.0101465108474825,ST
197.333333333333,-0.586778283119202,0.0693845823407173,9.00623893737793,1.2347639799118,-0.899396002292633,0.99848198890686,-1068.30004882812,48.3000030517578,-887.700012207031,-2.14561131795403,-0.0559133108128357,-0.0099814945235499,ST
197.366666666667,-0.101086162030697,0.139367312192917,10.9137163162231,0.0304879993200302,-1.79117000102997,0.708845973014832,-1077.90002441406,50.7000007629395,-899.700012207031,-2.14742261566179,-0.0144788794029936,-0.012373438522557,ST
197.4,1.27703523635864,0.364269077777863,8.96078014373779,0.350611984729767,-3.10215401649475,0.853663980960846,-1068.30004882812,50.1000022888184,-878.100036621094,-2.14811396603687,0.114252555283823,-0.0352877827175115,ST
197.433333333333,1.15082705020905,0.593357801437378,7.92898321151733,0.891773998737335,-1.37958192825317,0.358233988285065,-1087.5,52.5000038146973,-887.700012207031,-2.14489562623969,0.139757132963703,-0.0679210632480292,ST
197.466666666667,0.0388792939484119,0.498851239681244,9.59182071685791,1.50153398513794,0.617381989955902,0.0228659994900227,-1075.5,48.3000030517578,-885.300048828125,-2.14624137528323,0.0305969540187,-0.0572794795697472,ST
197.5,-0.843979716300964,0.598142981529236,11.147590637207,0.884151995182037,0.381099998950958,-0.739333987236023,-1077.90002441406,51.9000015258789,-887.700012207031,-2.14454429526016,-0.0546477321308214,-0.0555673561633602,ST
197.533333333333,-0.254210770130157,0.721958577632904,8.72032642364502,-0.0076219998300075,0.0076219998300075,-1.51677799224854,-1082.70007324219,51.3000030517578,-868.500061035156,-2.14173333767646,-0.0335094169390596,-0.0779719931426268,ST
197.566666666667,-0.984543323516846,0.302062213420868,10.4124727249146,-0.640248000621796,1.31860601902008,-1.70732796192169,-1070.70007324219,54.9000015258789,-885.300048828125,-2.13523755125735,-0.0860966880598504,-0.0361556570688269,ST
197.6,-0.672910869121552,0.28411790728569,10.342490196228,-0.868907988071442,0.213415995240211,-1.91312193870544,-1068.30004882812,48.3000030517578,-899.700012207031,-2.13022981061137,-0.069342730193613,-0.0276791308000686,ST
197.633333333333,-0.32838049530983,-0.0239257179200649,9.0373420715332,-0.564027965068817,-0.106707997620106,-2.21800184249878,-1089.90002441406,50.7000007629395,-885.300048828125,-2.12378461767625,-0.0428624473605229,-0.0025054756852139,ST
197.666666666667,-0.11484345048666,-0.166283741593361,9.1270637512207,-0.92988395690918,-0.0914639979600906,-2.76678586006165,-1068.30004882812,45.3000030517578,-892.500061035156,-2.11633866048542,-0.017484066446541,0.0161988206562865,ST
197.7,-0.634629666805267,-0.117834165692329,9.37648963928223,-0.769822001457214,-0.236281991004944,-2.64483404159546,-1077.90002441406,48.9000015258789,-904.500061035156,-2.10984357317971,-0.0587725706394787,0.0144722363528017,ST
197.733333333333,-0.858933329582214,-0.480308800935745,10.3640232086182,-0.945127964019775,-0.228659987449646,-2.58385801315308,-1094.70007324219,45.3000030517578,-899.700012207031,-2.10182137701406,-0.0779021806280223,0.0422425631761087,ST
197.766666666667,-0.0358885787427425,-0.593357801437378,9.61514854431152,-0.739333987236023,-0.327746003866196,-2.66770005226135,-1099.5,56.1000022888184,-894.900024414062,-2.09500718622486,-0.018020999302363,0.0589131033521582,ST
197.8,-0.166881889104843,-0.580198705196381,9.45364952087402,-0.670735955238342,-0.0990860015153885,-2.89635992050171,-1094.70007324219,45.3000030517578,-870.900024414062,-2.0883348849036,-0.0173156571221158,0.0618216970346835,ST
197.833333333333,-0.336754500865936,-0.0203368607908487,10.3412942886353,-0.396344006061554,-0.594515979290009,-2.72867584228516,-1094.70007324219,47.7000007629395,-878.100036621094,-2.08320755148,-0.0285448386443194,0.0146773336036452,ST
197.866666666667,0.0107665732502937,-0.111852735280991,9.79937648773193,0.426831990480423,-0.510673999786377,-2.24848985671997,-1109.10009765625,51.3000030517578,-875.700012207031,-2.07807784739388,-0.004120810513566,0.0115154957975263,ST
197.9,0.367857933044434,-0.363670915365219,9.7658805847168,0.426831990480423,-0.480185985565186,-2.5000159740448,-1101.90002441406,57.3000030517578,-897.300048828125,-2.07261047063642,0.0299698741440184,0.0313812173850232,ST
197.933333333333,-0.247033044695854,-0.51739364862442,10.027268409729,1.11281192302704,-0.144817993044853,-2.66007804870605,-1106.70007324219,40.5,-887.700012207031,-2.06664137888461,-0.0132490786827492,0.0459324051659322,ST
197.966666666667,-0.455186814069748,-0.314623206853867,9.69171047210693,0.46494197845459,0.160062000155449,-2.88873791694641,-1109.10009765625,47.7000007629395,-885.300048828125,-2.05965970418197,-0.0413379899138622,0.0341756674872768,ST
198.0,0.314623206853867,0.0257201474159956,10.0266704559326,-0.3125019967556,-1.6615959405899,-2.18751406669617,-1113.90002441406,48.3000030517578,-878.100036621094,-2.05454373191726,0.0216256051211241,0.0040528988989659,ST
198.033333333333,0.939682602882385,-0.506028950214386,8.0827054977417,-0.0914639979600906,-1.6768399477005,-1.91312193870544,-1123.5,47.1000022888184,-890.100036621094,-2.05304306111149,0.0990192117880506,0.0505917325671386,ST
198.066666666667,0.473729223012924,-0.930710434913635,9.56071758270264,-0.525918006896973,0.548784017562866,-2.15702605247498,-1137.90002441406,56.1000022888184,-885.300048828125,-2.0508839006431,0.0587837540784095,0.0882180345889063,ST
198.1,-0.0059814294800162,-0.852951884269714,10.2174777984619,-0.243903994560242,1.05183601379395,-2.62959003448486,-1113.90002441406,52.5000038146973,-887.700012207031,-2.04449466114869,0.0102325712798436,0.0845204918179808,ST
198.133333333333,0.0305052921175957,-1.06947958469391,9.48176193237305,0.198172003030777,0.632625997066498,-2.69056582450867,-1130.70007324219,41.7000007629395,-882.900024414062,-2.03777278482952,0.0038541214619879,0.10734675963726,ST
198.166666666667,-0.593955993652344,-1.06589078903198,9.28676795959473,0.46494197845459,1.45580196380615,-2.56861400604248,-1125.90002441406,48.9000015258789,-882.900024414062,-2.03137884907141,-0.0515072674554803,0.112359219934522,ST
198.2,-1.51090919971466,-0.919345736503601,10.4764738082886,0.510673999786377,1.73019397258759,-2.16464805603027,-1116.30004882812,50.1000022888184,-885.300048828125,-2.02719967507266,-0.130536253914326,0.0911090901289142,ST
198.233333333333,-1.01983380317688,-0.957028746604919,10.6660852432251,0.175305992364883,0.411587983369827,-1.88263392448425,-1113.90002441406,46.5,-897.300048828125,-2.02292012707385,-0.102448277349233,0.0898706125452838,ST
198.266666666667,-0.123815596103668,-0.930710434913635,8.5666036605835,0.67835795879364,-0.594515979290009,-1.40244793891907,-1118.70007324219,46.5,-887.700012207031,-2.0187101990335,-0.0300562278363023,0.103909433694035,ST
198.3,0.0161498598754406,-0.87986832857132,8.61385726928711,0.670735955238342,0.0609759986400604,-1.28049600124359,-1111.5,49.5000038146973,-897.300048828125,-2.01577868432446,-0.0044674121682632,0.101309377027561,ST
198.333333333333,-0.157311603426933,-0.82663357257843,10.3508644104004,0.861285984516144,-0.0152439996600151,-0.503051996231079,-1123.5,45.3000030517578,-887.700012207031,-2.01477117855745,-0.0129129812497507,0.0828550287972996,ST
198.366666666667,0.20097604393959,-0.689060688018799,8.22506427764893,0.754577994346619,-0.388722002506256,-0.0457319989800453,-1121.10009765625,47.1000022888184,-882.900024414062,-2.01474155751741,0.0186616244764581,0.0823641241879461,ST
198.4,-0.178844749927521,-0.871494293212891,9.62053108215332,-0.221037998795509,0.807931959629059,0.457319974899292,-1128.30004882812,49.5000038146973,-906.900024414062,-2.01565167118395,-0.0121940422722568,0.0890412500429049,ST
198.433333333333,-0.391185492277145,-1.19269704818726,10.4011077880859,-0.3125019967556,0.487807989120483,1.2347639799118,-1125.90002441406,48.9000015258789,-875.700012207031,-2.01821563871737,-0.0342834696242326,0.110620631316111,ST
198.466666666667,-0.60651695728302,-0.985739588737488,9.77963733673096,-0.152439996600151,0.602137982845306,1.14329993724823,-1128.30004882812,34.5,-885.300048828125,-2.02106386624042,-0.0571172784856091,0.102647446629509,ST
198.5,-0.681882977485657,-0.691453278064728,10.1516828536987,0.442075997591019,0.823175966739655,1.73781597614288,-1109.10009765625,47.7000007629395,-890.100036621094,-2.02656483126864,-0.0662910929370577,0.074232375267869,ST
198.533333333333,-1.06170380115509,-0.600535571575165,9.90225696563721,1.28811800479889,0.861285984516144,2.18751406669617,-1128.30004882812,43.5,-885.300048828125,-2.03226941128277,-0.0998814459967931,0.061278971961393,ST
198.566666666667,-0.346324771642685,-0.580198705196381,8.67307281494141,0.731711983680725,-0.342989981174469,2.57623600959778,-1113.90002441406,51.9000015258789,-906.900024414062,-2.03855972172715,-0.0490304330092956,0.0646139449008144,ST
198.6,-0.166881889104843,-0.428868502378464,8.63060474395752,0.0457319989800453,-0.907018005847931,2.40855193138123,-1113.90002441406,45.3000030517578,-890.100036621094,-2.04500666033459,-0.0235147639161053,0.0521454079622828,ST
198.633333333333,0.343334078788757,-0.179442897439003,8.84115123748779,-0.228659987449646,-1.85976791381836,2.53812599182129,-1111.5,50.7000007629395,-899.700012207031,-2.05095269966373,0.0286992331005584,0.0270851558029569,ST
198.666666666667,-0.068188302218914,0.101684302091599,8.60129547119141,0.221037998795509,-1.09756803512573,3.03355598449707,-1101.90002441406,44.1000022888184,-882.900024414062,-2.05835608185832,-0.0005531476897703,-0.0059723672343444,ST
198.7,-0.531150937080383,0.125011876225471,10.5213346481323,0.602137982845306,0.121951997280121,2.96495795249939,-1116.30004882812,46.5,-885.300048828125,-2.06589998704019,-0.0421906695940481,-0.0118868231332613,ST
198.733333333333,-0.978561878204346,0.412718653678894,10.8730430603027,0.914639949798584,-0.46494197845459,2.58385801315308,-1104.30004882812,44.1000022888184,-897.300048828125,-2.07304188500366,-0.0793704465177968,-0.0341822866202256,ST
198.766666666667,-0.163891181349754,0.461168229579926,8.99367809295654,0.396344006061554,-1.06708002090454,1.31098401546478,-1113.90002441406,49.5000038146973,-890.100036621094,-2.07667530734826,-0.0289723111656575,-0.0484349467380134,ST
198.8,-0.649583280086517,0.713584542274475,10.6212244033813,0.297257989645004,-0.708845973014832,0.731711983680725,-1123.5,51.3000030517578,-892.500061035156,-2.07892874826214,-0.0538162837582192,-0.0640039238538175,TR
198.833333333333,0.114245310425758,1.37333631515503,9.7479362487793,0.388722002506256,-1.28811800479889,-0.0304879993200302,-1106.70007324219,50.7000007629395,-890.100036621094,-2.08019802024934,0.0001582903879106,-0.125187210836396,TR
198.866666666667,0.126208171248436,1.38290655612946,8.23044681549072,0.198172003030777,0.25152599811554,-0.472563982009888,-1118.70007324219,49.5000038146973,-887.700012207031,-2.07900856044047,0.0116596132332847,-0.158427295284916,TR
198.9,-0.264977335929871,1.23636150360107,9.07442665100098,-0.365855991840363,1.6768399477005,-1.65397393703461,-1121.10009765625,50.7000007629395,-892.500061035156,-2.07570640641946,-0.023401523893908,-0.139523802457188,TR
198.933333333333,-0.40853163599968,0.964804589748383,8.88840484619141,-1.35671591758728,1.28811800479889,-3.32319188117981,-1104.30004882812,54.3000030517578,-890.100036621094,-2.06675015737478,-0.0446289887013599,-0.110896514404385,TR
198.966666666667,-0.346324771642685,0.917551338672638,9.38785362243652,-1.92074394226074,0.914639949798584,-4.10825777053833,-1111.5,48.9000015258789,-892.500061035156,-2.05688661470457,-0.0400794055383979,-0.0970283178312355,TR
199.0,0.0011962859425693,0.430064797401428,9.6283073425293,-2.11129403114319,0.487807989120483,-4.23783206939697,-1118.70007324219,50.7000007629395,-899.700012207031,-2.0462504254234,-0.0090544264278958,-0.0521243766726086,TR
199.033333333333,0.52935653924942,0.0412718653678894,9.70486927032471,-2.58385801315308,0.236281991004944,-5.42686367034912,-1118.70007324219,56.1000022888184,-906.900024414062,-2.03433862601765,0.0411799452257888,-0.0104887650992967,TR
199.066666666667,0.449205368757248,-0.0221312902867794,10.3694067001343,-2.28659987449646,0.548784017562866,-5.90704965591431,-1113.90002441406,45.3000030517578,-885.300048828125,-2.019820016678,0.0421309619010198,0.0029839049671169,TR
199.1,0.388792932033539,-0.11484345048666,9.62412071228027,-1.73781597614288,0.907018005847931,-5.31253385543823,-1125.90002441406,53.1000022888184,-873.300048828125,-2.00703938560659,0.0394572140405463,0.0125222374028955,TR
199.133333333333,0.416307508945465,-0.342137783765793,10.5332975387573,-1.95123195648193,1.59299790859222,-4.96954393386841,-1121.10009765625,44.7000007629395,-897.300048828125,-1.99604864462256,0.0374284057018924,0.0309089965081998,TR
199.166666666667,0.486888378858566,-0.0011962859425693,10.230637550354,-1.12805593013763,1.39482593536377,-5.07625198364258,-1121.10009765625,52.5000038146973,-880.500061035156,-1.98324364349202,0.0436868791793628,0.0075943675274748,TR
199.2,0.221312895417213,-0.396568775177002,10.7552089691162,-0.655492007732391,1.80641400814056,-5.65552377700806,-1133.10009765625,47.1000022888184,-887.700012207031,-1.97088356638347,0.0228844416195817,0.0316457198622304,TR
199.233333333333,0.386400371789932,-0.084936298429966,10.486044883728,-0.693601965904236,0.990859985351562,-5.88418388366699,-1133.10009765625,53.7000007629395,-892.500061035156,-1.95672485421271,0.0328069412806475,0.0135640487742362,TR
199.266666666667,0.122021168470383,0.360680222511292,9.52423095703125,-0.25152599811554,1.65397393703461,-5.68601179122925,-1140.30004882812,48.9000015258789,-880.500061035156,-1.94185681781631,0.0138785682048529,-0.0284907033461535,TR
199.3,-0.149535745382309,0.400157660245895,10.5739717483521,-0.0304879993200302,2.52288198471069,-5.35826587677002,-1145.10009765625,52.5000038146973,-880.500061035156,-1.92968991334484,-0.012258776111121,-0.0358794740109973,TR
199.333333333333,-0.0227294322103262,0.430662930011749,10.486044883728,0.0457319989800453,2.22562384605408,-5.34302186965942,-1142.70007324219,50.7000007629395,-878.100036621094,-1.91761565754119,-0.0075847602959278,-0.0400038499133656,TR
199.366666666667,0.0245238617062569,0.455186814069748,9.59301662445068,0.0076219998300075,2.14178204536438,-5.52594995498657,-1145.10009765625,54.3000030517578,-873.300048828125,-1.90512978166319,-0.002807744232059,-0.0459002779356021,TR
199.4,-0.602329969406128,0.29009935259819,10.3071994781494,0.0076219998300075,2.74391984939575,-5.64027976989746,-1147.5,50.7000007629395,-882.900024414062,-1.89199111076736,-0.0512790247944599,-0.0314598140921105,TR
199.433333333333,-0.973776757717133,0.552684128284454,11.4921207427979,0.0304879993200302,2.27897787094116,-5.83083009719849,-1137.90002441406,45.3000030517578,-890.100036621094,-1.87962086568293,-0.0812635142673697,-0.0441813460677974,TR
199.466666666667,-0.510215938091278,1.04435765743256,10.7109460830688,0.586893975734711,0.655492007732391,-5.20582580566406,-1145.10009765625,43.5,-878.100036621094,-1.870602672604,-0.0556555722356749,-0.0868972072826227,TR
199.5,-0.60651695728302,1.19748222827911,10.4675016403198,1.18140995502472,1.56251001358032,-4.46649169921875,-1142.70007324219,42.9000015258789,-887.700012207031,-1.86103825827015,-0.0601251497744433,-0.110730090253867,TR
199.533333333333,-0.492869794368744,0.954038023948669,9.85320949554443,0.769822001457214,2.53812599182129,-4.62655401229858,-1147.5,43.5,-894.900024414062,-1.85034550838882,-0.0560235892287779,-0.100106421823627,TR
199.566666666667,-0.844577848911285,1.05093717575073,9.40998554229736,0.503051996231079,2.75154185295105,-4.96954393386841,-1137.90002441406,46.5,-899.700012207031,-1.83925748380541,-0.0881890539439374,-0.10955837456742,TR
199.6,-1.19329524040222,0.693845868110657,10.5482511520386,0.190549999475479,2.30946588516235,-4.68753004074097,-1152.30004882812,47.1000022888184,-897.300048828125,-1.8243520801545,-0.112283315959522,-0.0726376399427049,TR
199.633333333333,-1.33326065540314,0.773398876190186,11.2690134048462,0.396344006061554,1.50915598869324,-4.59606599807739,-1145.10009765625,47.7000007629395,-885.300048828125,-1.81327255509599,-0.119089787012209,-0.0691195888259918,TR
199.666666666667,-1.09340536594391,0.900803327560425,11.1093091964722,1.20427596569061,1.31860601902008,-4.84759187698364,-1145.10009765625,41.7000007629395,-902.100036621094,-1.80197986237729,-0.103619367657096,-0.0800735774616961,TR
199.7,-0.852951884269714,0.820053994655609,9.97403430938721,0.899396002292633,1.15092194080353,-4.96192169189453,-1142.70007324219,39.9000015258789,-887.700012207031,-1.79085685174188,-0.0909285373428501,-0.08224874405267,TR
199.733333333333,-0.584983825683594,0.86491471529007,9.37888145446777,0.221037998795509,0.792688012123108,-4.96954393386841,-1137.90002441406,39.9000015258789,-897.300048828125,-1.7802010020513,-0.069551535740894,-0.0897949433646394,TR
199.766666666667,-0.940878868103027,0.584983825683594,10.6026821136475,0.0762199983000755,0.899396002292633,-4.42075967788696,-1147.5,37.5,-909.300048828125,-1.76734737152405,-0.0867576656993868,-0.0609066865496618,TR
199.8,-0.791941285133362,0.847568571567535,11.1469926834106,0.800309956073761,0.647870004177094,-4.07776975631714,-1147.5,44.7000007629395,-887.700012207031,-1.75897374438505,-0.0752472035952859,-0.0735483243018308,TR
199.833333333333,-0.881662726402283,0.934299349784851,10.8963708877563,1.73019397258759,0.548784017562866,-3.83386588096619,-1161.90002441406,39.9000015258789,-887.700012207031,-1.75088096606967,-0.0805946910070487,-0.0851172475697076,TR
199.866666666667,-0.33137121796608,0.720762252807617,10.3993139266968,1.36433792114258,0.335367977619171,-3.89484190940857,-1145.10009765625,42.9000015258789,-911.700012207031,-1.7411328837861,-0.0424961366634658,-0.0740014922389376,TR
199.9,0.0986935868859291,1.10417187213898,9.64266300201416,0.967993974685669,-0.274392008781433,-4.28356409072876,-1166.70007324219,33.9000015258789,-897.300048828125,-1.73191313085559,-0.0006403650079625,-0.10722297953325,TR
199.933333333333,-0.803904175758362,1.45109486579895,9.67675685882568,1.92074394226074,1.13567793369293,-3.18599581718445,-1161.90002441406,35.7000007629395,-897.300048828125,-1.72565781677691,-0.0696744343572206,-0.143944473754494,TR
199.966666666667,-0.988132178783417,0.867307305335999,11.5800476074219,1.51677799224854,2.30946588516235,-3.3460578918457,-1147.5,38.1000022888184,-914.100036621094,-1.71422157677807,-0.0855707294540336,-0.0904682151555307,TR
200.0,-0.86192399263382,1.53543305397034,10.5141572952271,1.96647596359253,1.02134799957275,-3.23172783851624,-1161.90002441406,33.3000030517578,-897.300048828125,-1.71061681229923,-0.0838552040288778,-0.136401556067056,TR
200.033333333333,-0.812278151512146,1.54859220981598,10.9675493240356,1.51677799224854,0.830797970294952,-3.68142580986023,-1154.70007324219,30.9000015258789,-899.700012207031,-1.70261037709718,-0.0772089363642827,-0.141214716750448,TR
200.066666666667,-0.360680222511292,1.93200182914734,10.3012180328369,1.79879200458527,0.716467976570129,-3.803377866745,-1147.5,35.7000007629395,-890.100036621094,-1.69627255124773,-0.0449049203711379,-0.178740128374931,TR
200.1,0.202770471572876,1.94575905799866,9.49492168426514,1.60824191570282,0.884151995182037,-4.07014799118042,-1154.70007324219,28.5000019073486,-904.500061035156,-1.68778379984374,0.0053474657941032,-0.199607834536652,TR
200.133333333333,-0.771006286144257,1.74478304386139,9.70068264007568,1.58537602424622,2.00458598136902,-4.23783206939697,-1159.5,28.5000019073486,-904.500061035156,-1.67792932970765,-0.0671639098321485,-0.183880240190806,TR
200.166666666667,-1.19808042049408,1.3278774023056,10.9220905303955,0.426831990480423,1.96647596359253,-4.45886993408203,-1152.30004882812,30.3000011444092,-887.700012207031,-1.66306042882792,-0.105361285203616,-0.131610494092607,TR
200.2,-0.931308627128601,1.23217451572418,10.3113870620728,0.266770005226135,0.724089980125427,-4.5808219909668,-1152.30004882812,19.5,-914.100036621094,-1.65044998488894,-0.0938344692562915,-0.120676121737537,TR
200.233333333333,-0.662144243717194,0.936691880226135,11.1888628005981,0.167683988809586,0.0457319989800453,-4.71039581298828,-1149.90002441406,29.7000007629395,-916.500061035156,-1.63726514874766,-0.0666655558739625,-0.0907221704807487,TR
200.266666666667,-0.0281127188354731,1.08024621009827,10.6906089782715,0.739333987236023,-0.853663980960846,-4.50460195541382,-1145.10009765625,26.1000003814697,-909.300048828125,-1.6270407416765,-0.0149392040251322,-0.0995289510222409,TR
200.3,0.325987905263901,1.32847559452057,9.01879978179932,1.06708002090454,-0.548784017562866,-4.38264989852905,-1159.5,23.7000007629395,-918.900024414062,-1.61666731582992,0.0255200209315196,-0.138399176897359,TR
200.333333333333,-0.233873903751373,0.912168025970459,8.81722545623779,1.02897000312805,2.03507399559021,-3.7957558631897,-1164.30004882812,21.9000015258789,-899.700012207031,-1.60788937402984,-0.0212761776392283,-0.110467833085099,TR
200.366666666667,-1.06648886203766,0.954038023948669,9.98480033874512,1.21189796924591,2.53812599182129,-3.83386588096619,-1147.5,25.5000019073486,-911.700012207031,-1.59894679097394,-0.0929489449031009,-0.0996884214686075,TR
200.4,-1.25251138210297,0.785959839820862,10.2402076721191,1.47104597091675,1.53202199935913,-3.65093803405762,-1145.10009765625,19.5,-916.500061035156,-1.5879381281666,-0.11928103291063,-0.0820482895921798,TR
200.433333333333,-1.79084002971649,0.929514169692993,11.7301816940308,1.91312193870544,0.739333987236023,-3.27745985984802,-1149.90002441406,23.7000007629395,-926.100036621094,-1.57926099777332,-0.14717122553654,-0.0817056357164391,TR
200.466666666667,-0.735715866088867,1.5121054649353,11.087776184082,2.24848985671997,-0.518296003341675,-2.9192259311676,-1147.5,23.1000003814697,-904.500061035156,-1.57662592481066,-0.0791040834685834,-0.129400237493102,TR
200.5,0.190807610750198,1.88235592842102,9.7778434753418,2.55336999893188,-1.19665396213531,-2.77440786361694,-1137.90002441406,20.1000003814697,-914.100036621094,-1.57149733561812,0.0014744434121585,-0.18217770680878,TR
200.533333333333,0.851157426834106,2.34890747070312,9.29454326629639,2.02745199203491,-1.05945801734924,-3.49849796295166,-1145.10009765625,15.3000001907349,-916.500061035156,-1.56126941897385,0.071336710662815,-0.237392793828705,TR
200.566666666667,0.727940022945404,2.60072565078735,8.66051197052002,1.77592599391937,-0.663114011287689,-3.63569402694702,-1152.30004882812,15.3000001907349,-911.700012207031,-1.54965643214332,0.0780685746263365,-0.283639501139233,TR
200.6,0.245836764574051,2.30524301528931,9.57806301116943,1.38720393180847,0.0762199983000755,-3.37654590606689,-1157.10009765625,17.1000003814697,-916.500061035156,-1.5443900815517,0.0343257629997269,-0.247882668479721,TR
200.633333333333,-0.43425178527832,1.75375521183014,10.864070892334,1.73019397258759,0.914639949798584,-3.82624387741089,-1161.90002441406,22.5,-918.900024414062,-1.53647745328548,-0.0269418219377864,-0.180143947730741,TR
200.666666666667,-0.721958577632904,1.15441596508026,11.3485670089722,1.39482593536377,1.05183601379395,-4.73326206207275,-1147.5,5.70000028610229,-914.100036621094,-1.52330427088196,-0.0583093651356024,-0.118894986906729,TR
200.7,-0.888242304325104,1.35419571399689,10.9202966690063,0.541162014007568,0.0533539988100529,-5.38113164901733,-1147.5,16.5,-909.300048828125,-1.51120216216422,-0.0770541648504995,-0.122698875938635,TR
200.733333333333,-0.465953379869461,0.800315320491791,10.0499982833862,0.0685980021953583,-0.685979962348938,-4.59606599807739,-1152.30004882812,10.5,-933.300048828125,-1.49791189808554,-0.051715946800633,-0.0873500025577277,TR
200.766666666667,-0.269164323806763,0.100488021969795,10.4076881408691,-0.381099998950958,-0.67835795879364,-4.01679372787476,-1152.30004882812,13.5000009536743,-911.700012207031,-1.48512003141376,-0.0294643480971569,-0.0219023157615379,TR
200.8,-0.479112505912781,0.0328978635370731,10.7306852340698,0.853663980960846,-0.350611984729767,-3.76526784896851,-1157.10009765625,18.3000011444092,-914.100036621094,-1.47532130251568,-0.0414789200921561,-0.0074454834815523,TR
200.833333333333,0.518589973449707,0.593357801437378,9.21977615356445,1.07470202445984,-0.701223969459534,-4.49697971343994,-1137.90002441406,9.30000019073486,-921.300048828125,-1.46432302393801,0.0393873421166211,-0.0557485244179087,TR
200.866666666667,-0.296678900718689,0.598142981529236,10.1116065979004,2.9192259311676,0.487807989120483,-2.17227005958557,-1149.90002441406,14.7000007629395,-914.100036621094,-1.4590924989129,-0.0179126714096111,-0.0626771064741325,TR
200.9,-0.53533798456192,0.080151155591011,9.90165901184082,1.32622802257538,1.35671591758728,-3.31556987762451,-1157.10009765625,14.7000007629395,-914.100036621094,-1.4493025819582,-0.0500933248275703,-0.0189898940633377,TR
200.933333333333,-1.50253510475159,0.592759668827057,9.9973611831665,0.853663980960846,1.57775402069092,-2.76678586006165,-1149.90002441406,14.1000003814697,-916.500061035156,-1.44575229347463,-0.132550945057242,-0.0523013110535967,TR
200.966666666667,-1.72982943058014,0.43724250793457,10.122971534729,1.21951997280121,1.62348592281342,-1.35671591758728,-1142.70007324219,3.30000019073486,-916.500061035156,-1.44156522818119,-0.164081801284396,-0.046438331016261,TR
201.0,-0.92173832654953,-0.0209350045770407,8.74604606628418,1.14329993724823,1.49391198158264,-1.18903195858002,-1137.90002441406,5.10000038146973,-926.100036621094,-1.43325510798516,-0.119052644660619,-0.0087478485331464,TR
201.033333333333,-1.09998488426208,-0.0334960073232651,8.52712631225586,1.05183601379395,1.75305998325348,-1.49391198158264,-1140.30004882812,8.70000076293945,-904.500061035156,-1.42832420002728,-0.12902360686454,0.000301731764015,TR
201.066666666667,-0.904990315437317,-0.247033044695854,8.65273666381836,0.434453994035721,1.50915598869324,-1.57013201713562,-1133.10009765625,7.50000047683716,-914.100036621094,-1.42190853249897,-0.111252940831581,0.0225254145531478,TR
201.1,-0.590367138385773,0.0436644367873669,8.73109340667725,0.182927995920181,0.228659987449646,-1.37958192825317,-1128.30004882812,3.30000019073486,-909.300048828125,-1.42077019965533,-0.0766347338654114,0.0004434068000368,TR
201.133333333333,0.308641761541367,-0.232079476118088,7.87515020370483,-0.114329993724823,-0.602137982845306,-0.579271972179413,-1135.5,5.70000028610229,-909.300048828125,-1.41872532746626,0.0180116373241544,0.0241280168746004,TR
201.166666666667,0.0921140164136887,-0.522776961326599,8.79389762878418,-0.350611984729767,-0.617381989955902,-0.411587983369827,-1123.5,2.10000014305115,-921.300048828125,-1.41819661464626,0.0126485150581741,0.0539647876984683,TR
201.2,0.253014475107193,-0.367857933044434,8.74365425109863,-0.137196004390717,-0.952749967575073,-0.182927995920181,-1133.10009765625,5.70000028610229,-914.100036621094,-1.41766573260677,0.0273792068528034,0.0443668907553878,TR
201.233333333333,0.401353925466537,-0.546702682971954,9.29574012756348,0.259148001670837,-0.83841997385025,0.777444005012512,-1135.5,4.5,-923.700012207031,-1.41995161517057,0.0410221849074754,0.0555257853798546,TR
201.266666666667,0.349315494298935,-0.520982503890991,9.37469482421875,0.442075997591019,-1.02134799957275,1.08232402801514,-1128.30004882812,8.10000038146973,-933.300048828125,-1.42258707895872,0.0392980318115353,0.0549652455664452,TR
201.3,-0.253014475107193,-0.471934795379639,10.1409158706665,0.807931959629059,-0.815553963184357,1.28049600124359,-1135.5,3.30000019073486,-921.300048828125,-1.42563638326772,-0.0116571357764402,0.0469764283142626,TR
201.333333333333,-0.473729223012924,-0.296678900718689,11.1858720779419,0.990859985351562,-1.04421401023865,1.60824191570282,-1137.90002441406,4.5,-930.900024414062,-1.42990971410441,-0.0350932940294712,0.0289385937773072,ST
201.366666666667,-0.891233026981354,-0.16568560898304,10.6882171630859,1.00610399246216,-1.33385002613068,1.83690190315247,-1130.70007324219,0.900000035762787,-918.900024414062,-1.43514776541227,-0.0732210705054811,0.0161345319516725,ST
201.4,-1.53483486175537,-0.0125610027462244,9.86636829376221,1.53202199935913,0.6250039935112,2.21800184249878,-1125.90002441406,3.30000019073486,-926.100036621094,-1.44136110057269,-0.138840076864075,0.0017980652955283,ST
201.433333333333,-1.44989860057831,-0.148937597870827,10.0996437072754,1.78354799747467,1.33385002613068,2.5152599811554,-1152.30004882812,6.30000019073486,-916.500061035156,-1.44560633830291,-0.14377583855752,0.0092575512052916,ST
201.466666666667,-1.22140789031982,-0.335558205842972,9.09775447845459,1.50153398513794,0.137196004390717,1.37958192825317,-1140.30004882812,3.30000019073486,-923.700012207031,-1.4455219567555,-0.135710971759796,0.0289506104494474,ST
201.5,-1.67539846897125,0.540123105049133,9.75212287902832,1.82165801525116,-1.02897000312805,1.34147191047668,-1135.5,12.3000001907349,-918.900024414062,-1.45831388804203,-0.161603586319235,-0.0410499292063718,ST
201.533333333333,-0.869101762771606,0.565245091915131,9.77425384521484,1.6844619512558,-2.14178204536438,1.02897000312805,-1140.30004882812,5.10000038146973,-926.100036621094,-1.46198591088931,-0.100217604129285,-0.0569093595840755,ST
201.566666666667,-0.876279473304749,0.496458679437637,9.76528167724609,1.76830399036407,-1.58537602424622,0.861285984516144,-1147.5,11.1000003814697,-918.900024414062,-1.46315037854125,-0.0892923531091981,-0.0545907153340388,ST
201.6,0.269762486219406,0.278136491775513,9.61335372924805,-0.129574000835419,-1.80641400814056,-0.0914639979600906,-1137.90002441406,8.70000076293945,-918.900024414062,-1.46190666225926,0.0082814126184579,-0.0336021852333226,ST
201.633333333333,-0.158507883548737,0.428868502378464,9.10553073883057,-0.495429992675781,-1.04421401023865,-0.746955990791321,-1140.30004882812,5.70000028610229,-918.900024414062,-1.46010796691645,-0.0108030453781928,-0.0436562077238332,ST
201.666666666667,0.253612607717514,-0.13099330663681,8.69580268859863,-1.01372599601746,0.6250039935112,-0.0457319989800453,-1142.70007324219,7.50000047683716,-923.700012207031,-1.46024807131686,0.0202273079341368,0.0046294731340203,ST
201.7,0.0496458671987057,-0.438438802957535,8.35844993591309,-0.792688012123108,0.594515979290009,-0.213415995240211,-1128.30004882812,1.5,-911.700012207031,-1.46021336255156,0.0074807432863034,0.0455363265446985,ST
201.733333333333,-0.288304924964905,-0.583787560462952,9.20063495635986,-1.09756803512573,0.266770005226135,-0.320124000310898,-1128.30004882812,2.10000014305115,-914.100036621094,-1.45933567268459,-0.0237982813413152,0.0613075698684409,ST
201.766666666667,0.232677608728409,-0.269164323806763,8.6742696762085,-1.53202199935913,-1.01372599601746,-0.0533539988100529,-1152.30004882812,2.70000004768372,-918.900024414062,-1.4594051279462,0.0180211317039279,0.0392643906949965,ST
201.8,0.0281127188354731,-0.238060906529427,10.0362405776978,-0.762199997901917,-1.21189796924591,0.78506600856781,-1147.5,5.10000038146973,-897.300048828125,-1.46130579474603,0.0070792603925889,0.027444053357087,ST
201.833333333333,0.893027484416962,-0.775193274021149,10.1145973205566,-1.13567793369293,-2.23324584960938,-0.0914639979600906,-1152.30004882812,7.50000047683716,-897.300048828125,-1.4628978147021,0.0746410375390229,0.0681450863012961,ST
201.866666666667,1.04017066955566,-0.817063271999359,9.52183818817139,-0.594515979290009,-1.63110792636871,-0.708845973014832,-1147.5,6.90000009536743,-906.900024414062,-1.46274514038777,0.103952783060157,0.08282476787303,ST
201.9,0.320604622364044,-0.939084470272064,9.56071758270264,0.236281991004944,-0.205793991684914,-0.823175966739655,-1152.30004882812,12.3000001907349,-911.700012207031,-1.46173570941908,0.0463733391203964,0.0948141861747737,ST
201.933333333333,-0.256603330373764,-0.900803327560425,10.1654396057129,0.274392008781433,0.144817993044853,-0.358233988285065,-1140.30004882812,8.10000038146973,-914.100036621094,-1.46079660614227,-0.0108719297573239,0.0892964115966094,ST
201.966666666667,-0.0257201474159956,-1.04196500778198,9.01102352142334,-0.121951997280121,-0.754577994346619,-0.205793991684914,-1159.5,8.70000076293945,-926.100036621094,-1.4603324657392,-0.0031633904848792,0.110686253762604,ST
202.0,-0.60352623462677,-1.59524726867676,10.804256439209,-1.08232402801514,0.487807989120483,-0.25152599811554,-1140.30004882812,6.30000019073486,-911.700012207031,-1.45886713053265,-0.0465484352075028,0.141737756730119,ST
202.033333333333,-1.13826608657837,-1.43075799942017,11.1828813552856,-0.83841997385025,0.198172003030777,-0.442075997591019,-1147.5,6.90000009536743,-911.700012207031,-1.45862017273182,-0.0905497404091,0.131253875205223,ST
202.066666666667,-0.489280939102173,-1.20286548137665,9.2520751953125,0.236281991004944,0.495429992675781,-0.403965979814529,-1145.10009765625,7.50000047683716,-906.900024414062,-1.45755480942613,-0.0594303776400295,0.129320514829644,ST
202.1,-0.160900458693504,-1.55098474025726,8.44278812408447,0.37347799539566,0.46494197845459,-0.411587983369827,-1140.30004882812,6.30000019073486,-921.300048828125,-1.45452254474515,-0.0265809869663061,0.171830529643331,ST
202.133333333333,-0.767417430877686,-1.29019439220428,9.68034553527832,0.152439996600151,-0.0762199983000755,-0.571649968624115,-1137.90002441406,9.30000019073486,-906.900024414062,-1.45472140724069,-0.0677507086538543,0.140281715939269,ST
202.166666666667,-0.544310092926025,-1.05990934371948,9.2999267578125,0.525918006896973,-0.3125019967556,-0.388722002506256,-1140.30004882812,8.70000076293945,-921.300048828125,-1.45525691117942,-0.0595360807279698,0.118174913032009,ST
202.2,-0.0873288735747337,-0.931308627128601,9.17551326751709,0.762199997901917,-0.564027965068817,0.289635986089706,-1142.70007324219,-0.300000011920929,-911.700012207031,-1.4565687970281,-0.0188190500491411,0.103506221306358,ST
202.233333333333,0.194396466016769,-1.13706982135773,9.59959697723389,0.533540010452271,-1.18140995502472,0.891773998737335,-1152.30004882812,5.10000038146973,-923.700012207031,-1.45887624074457,0.0137585978695847,0.114260943247006,ST
202.266666666667,0.486888378858566,-0.955832481384277,9.63847541809082,0.586893975734711,-1.21189796924591,0.746955990791321,-1135.5,12.3000001907349,-918.900024414062,-1.46059870119081,0.0449000901353513,0.100989030699234,ST
202.3,0.299071490764618,-1.09280717372894,10.1995344161987,1.03659200668335,-0.320124000310898,1.31098401546478,-1159.5,6.30000019073486,-902.100036621094,-1.46408684172444,0.0322234516340821,0.104293065834047,ST
202.333333333333,0.144750595092773,-0.910373628139496,10.0212869644165,1.16616594791412,-0.160062000155449,0.78506600856781,-1152.30004882812,6.90000009536743,-914.100036621094,-1.46567442169755,0.0180977080313699,0.0917553101006976,ST
202.366666666667,0.185424327850342,-0.881064593791962,9.03375339508057,1.15092194080353,-0.152439996600151,0.99848198890686,-1145.10009765625,14.1000003814697,-916.500061035156,-1.46810040187313,0.0200380892252071,0.0945441059807464,ST
202.4,0.235668331384659,-1.00248765945435,9.90345287322998,1.13567793369293,-0.228659987449646,0.83841997385025,-1135.5,0.900000035762787,-914.100036621094,-1.47033061507751,0.0232323507323268,0.0981497087808454,ST
202.433333333333,0.372044920921326,-0.620274245738983,9.88371467590332,1.44055795669556,-1.22714197635651,0.663114011287689,-1140.30004882812,6.90000009536743,-911.700012207031,-1.47132345934245,0.0364960804122293,0.0674074142886608,ST
202.466666666667,1.10536825656891,-0.531749129295349,8.76877593994141,1.70732796192169,-1.57013201713562,0.92988395690918,-1157.10009765625,2.10000014305115,-918.900024414062,-1.47355054116058,0.111479674877896,0.0594772856808215,ST
202.5,1.1998747587204,-0.249425619840622,8.87345123291016,1.79117000102997,-1.51677799224854,0.868907988071442,-1157.10009765625,5.10000038146973,-918.900024414062,-1.47287333652837,0.131813776170654,0.0321055935804351,ST
202.533333333333,0.875681281089783,0.141759887337685,8.85191822052002,1.93598794937134,-1.85214591026306,0.846041977405548,-1149.90002441406,3.90000009536743,-918.900024414062,-1.47048781301935,0.107887620787363,-0.0089069844484418,ST
202.566666666667,0.649583280086517,0.0699827298521996,9.25446796417236,1.19665396213531,-2.11129403114319,0.731711983680725,-1154.70007324219,3.30000019073486,-923.700012207031,-1.47233412261353,0.0806480061029956,-0.0094110076685506,ST
202.6,0.433055520057678,-0.0885251611471176,9.55772686004639,0.350611984729767,-1.73781597614288,0.716467976570129,-1147.5,4.5,-909.300048828125,-1.47500754843983,0.0548299055905482,0.0050788182554471,ST
202.633333333333,0.0693845823407173,-0.267968058586121,10.7103481292725,-0.0304879993200302,-0.983237981796265,0.533540010452271,-1149.90002441406,2.70000004768372,-926.100036621094,-1.47684136681669,0.0175841718910031,0.0210637161047311,ST
202.666666666667,-0.377428203821182,-0.171068891882896,11.2157793045044,0.152439996600151,-1.05183601379395,0.731711983680725,-1166.70007324219,12.3000001907349,-914.100036621094,-1.47879613554248,-0.0240325365444104,0.0159307873247576,ST
202.7,0.2105463296175,0.0239257179200649,9.91780853271484,0.297257989645004,0.198172003030777,1.28811800479889,-1166.70007324219,3.90000009536743,-928.500061035156,-1.48210920337551,0.013330278490571,0.0002412160312481,ST
202.733333333333,0.324193477630615,0.0233275759965181,9.27839374542236,0.175305992364883,0.579271972179413,1.56251001358032,-1176.30004882812,7.50000047683716,-906.900024414062,-1.48566579577567,0.029768039220396,-0.0021491556547077,ST
202.766666666667,0.30325847864151,-0.396568775177002,9.58763408660889,-0.419209986925125,0.960371971130371,1.63110792636871,-1164.30004882812,5.70000028610229,-921.300048828125,-1.49041192271548,0.0298417711733921,0.0332186531729373,ST
202.8,0.808091163635254,-0.358287632465363,8.2262601852417,-0.708845973014832,0.541162014007568,0.655492007732391,-1161.90002441406,5.10000038146973,-916.500061035156,-1.49240728001062,0.084865868750372,0.042755715023163,ST
202.833333333333,0.190209463238716,-0.507225215435028,8.48705101013184,-0.0609759986400604,1.53202199935913,0.67835795879364,-1152.30004882812,7.50000047683716,-897.300048828125,-1.49458568095847,0.0327919477224478,0.0564115563539251,ST
202.866666666667,-0.141161739826202,-0.70461243391037,10.0194931030273,-0.259148001670837,1.85976791381836,0.487807989120483,-1145.10009765625,2.10000014305115,-906.900024414062,-1.49557907350237,-0.0072370518817907,0.0677925050291004,ST
202.9,0.469542235136032,-0.648985147476196,10.2120952606201,-0.67835795879364,-0.221037998795509,0.160062000155449,-1149.90002441406,5.70000028610229,-897.300048828125,-1.49592375227661,0.0354453359919596,0.0652912091832384,ST
202.933333333333,0.66034984588623,-0.756052732467651,8.97872447967529,-0.594515979290009,-0.457319974899292,0.0838419944047928,-1152.30004882812,1.5,-921.300048828125,-1.49692505482827,0.0661823337135963,0.0810653043667623,ST
202.966666666667,0.486290246248245,-1.0796480178833,9.5984001159668,-1.02897000312805,0.769822001457214,0.0,-1149.90002441406,-0.900000035762787,-923.700012207031,-1.49816775943042,0.0524426511249842,0.107205283864987,ST
203.0,0.450999796390533,-1.06529259681702,9.89926624298096,-1.18903195858002,0.221037998795509,-0.289635986089706,-1142.70007324219,5.70000028610229,-923.700012207031,-1.49739554103589,0.0464498688463803,0.108837646716998,ST
203.033333333333,0.961215734481812,-1.26925933361053,8.52772426605225,-0.960371971130371,-0.0685980021953583,-0.419209986925125,-1147.5,9.90000057220459,-906.900024414062,-1.49863685430883,0.0981861589457544,0.141161570991187,ST
203.066666666667,0.705808699131012,-1.50552582740784,8.49063968658447,-1.08994603157043,0.403965979814529,-0.701223969459534,-1152.30004882812,9.30000019073486,-921.300048828125,-1.49930747038136,0.0846104743573767,0.170004504769643,ST
203.1,-0.0963010191917419,-1.28122222423553,10.450156211853,-0.640248000621796,0.46494197845459,-0.579271972179413,-1159.5,12.9000005722046,-918.900024414062,-1.4959994487455,0.0092540072474403,0.132522927962847,ST
203.133333333333,0.365465342998505,-1.47143173217773,10.1821880340576,-0.0304879993200302,-0.137196004390717,-0.167683988809586,-1130.70007324219,9.90000057220459,-904.500061035156,-1.49581391305947,0.0313350541270229,0.141710641410017,ST
203.166666666667,0.220714762806892,-1.734614610672,9.80236721038818,0.175305992364883,0.243903994560242,-0.0152439996600151,-1142.70007324219,8.70000076293945,-906.900024414062,-1.49644248293192,0.023468399547957,0.168922140759461,ST
203.2,-0.440831363201141,-1.7184647321701,10.5596160888672,-0.0685980021953583,0.762199997901917,-0.0304879993200302,-1135.5,19.5,-916.500061035156,-1.49607508996198,-0.0314078879194816,0.162710883103372,ST
203.233333333333,-0.180639177560806,-1.62694883346558,9.06066989898682,-0.0381099991500378,0.510673999786377,-0.426831990480423,-1145.10009765625,5.70000028610229,-921.300048828125,-1.49458638764037,-0.0225959837400967,0.174726252679203,ST
203.266666666667,-0.422887086868286,-1.86740231513977,8.97692966461182,-0.25152599811554,1.06708002090454,-0.419209986925125,-1125.90002441406,8.70000076293945,-921.300048828125,-1.49233860305452,-0.0429955146621988,0.199717677463773,ST
203.3,-0.436644375324249,-1.87816894054413,9.42314434051514,-0.289635986089706,0.602137982845306,-0.579271972179413,-1137.90002441406,12.9000005722046,-911.700012207031,-1.49078165903639,-0.0456638644904842,0.197727912844022,ST
203.333333333333,-0.597544848918915,-1.95114243030548,9.43690204620361,0.342989981174469,0.754577994346619,-0.213415995240211,-1125.90002441406,6.30000019073486,-923.700012207031,-1.48958836717651,-0.0602116734400322,0.202381982972671,ST
203.366666666667,-0.469542235136032,-1.56354570388794,9.59660625457764,0.922261953353882,0.25152599811554,0.510673999786377,-1128.30004882812,8.10000038146973,-921.300048828125,-1.49251601344696,-0.0508748568901511,0.167442874634414,ST
203.4,-0.349913626909256,-1.62993955612183,8.87046051025391,1.50153398513794,0.243903994560242,1.10518991947174,-1142.70007324219,10.5,-911.700012207031,-1.49433699999626,-0.0418186786515638,0.176687845490416,ST
203.433333333333,-0.581394970417023,-1.50851655006409,9.50389385223389,1.38720393180847,0.884151995182037,1.49391198158264,-1133.10009765625,6.90000009536743,-918.900024414062,-1.49819784121012,-0.058407943253516,0.159012854725549,ST
203.466666666667,-0.41451308131218,-1.41819703578949,10.0314559936523,1.09756803512573,0.0152439996600151,1.82165801525116,-1133.10009765625,7.50000047683716,-923.700012207031,-1.50305532743399,-0.0448169889601582,0.142533015534324,ST
203.5,-0.168676316738129,-0.968991637229919,9.37230205535889,1.6615959405899,-0.304879993200302,2.24848985671997,-1128.30004882812,7.50000047683716,-914.100036621094,-1.509304609165,-0.0232773656685924,0.108575700506413,ST
203.533333333333,-0.196190893650055,-0.851755619049072,9.18269062042236,1.90549993515015,0.350611984729767,2.56861400604248,-1130.70007324219,6.30000019073486,-906.900024414062,-1.51536337129513,-0.0225114484370753,0.0929997942495281,ST
203.566666666667,-0.35709136724472,-0.783567309379578,9.39263916015625,1.94360995292664,1.21951997280121,2.66770005226135,-1135.5,0.900000035762787,-909.300048828125,-1.52141673375263,-0.0367829481288749,0.0823783889033291,ST
203.6,-0.33137121796608,-0.634031534194946,8.97393894195557,1.47866797447205,0.602137982845306,2.20275783538818,-1135.5,12.9000005722046,-926.100036621094,-1.52667227840685,-0.0378756351043266,0.0707500775122853,ST
203.633333333333,-0.0041870009154081,-0.812876284122467,8.80885124206543,0.46494197845459,-0.647870004177094,1.29574000835419,-1128.30004882812,9.90000057220459,-918.900024414062,-1.52937248709507,-0.0072631966109573,0.0870541703103326,ST
203.666666666667,-0.0388792939484119,-0.96061760187149,8.82619762420654,0.381099998950958,-0.670735955238342,0.457319974899292,-1125.90002441406,6.30000019073486,-923.700012207031,-1.53061142129192,-0.0039189999163623,0.104480793855902,ST
203.7,0.51739364862442,-1.03119850158691,9.234130859375,0.426831990480423,-1.79117000102997,0.282013982534409,-1123.5,3.90000009536743,-906.900024414062,-1.53189386964193,0.047502641782459,0.109420383891359,ST
203.733333333333,0.441429525613785,-0.881064593791962,10.1163921356201,0.548784017562866,-2.82776188850403,0.602137982845306,-1135.5,-0.300000011920929,-911.700012207031,-1.53308947287588,0.0481052120067873,0.090709610707751,ST
203.766666666667,0.636424124240875,-0.716575264930725,9.80416107177734,0.632625997066498,-2.33995389938354,1.49391198158264,-1142.70007324219,8.70000076293945,-914.100036621094,-1.53662795297146,0.0652996704134322,0.0749775930598157,ST
203.8,0.43724250793457,-0.47851437330246,9.34718036651611,0.663114011287689,-0.46494197845459,2.27897787094116,-1140.30004882812,0.300000011920929,-911.700012207031,-1.54086709718721,0.050891257655361,0.0552034409124074,ST
203.833333333333,-0.2613884806633,-0.503038227558136,9.95429515838623,0.609759986400604,0.914639949798584,2.38568592071533,-1137.90002441406,6.30000019073486,-916.500061035156,-1.54617973783802,-0.0121015917196679,0.0506196916563537,ST
203.866666666667,-1.04675018787384,-0.524571359157562,9.86577033996582,0.495429992675781,1.2576299905777,1.57013201713562,-1145.10009765625,11.1000003814697,-911.700012207031,-1.54992489335453,-0.0927616272198132,0.051847603438895,ST
203.9,-1.30215728282928,-0.426475942134857,9.80356311798096,-0.0533539988100529,1.50153398513794,1.36433792114258,-1142.70007324219,5.10000038146973,-899.700012207031,-1.55384126639124,-0.127172789297848,0.0448377562869759,ST
203.933333333333,-1.41221559047699,-0.13099330663681,10.0015487670898,0.0076219998300075,0.754577994346619,1.31860601902008,-1135.5,11.7000007629395,-911.700012207031,-1.56018382052849,-0.138734671587094,0.0192500589881761,ST
203.966666666667,-0.771006286144257,-0.138769164681435,9.97881889343262,0.175305992364883,0.274392008781433,1.32622802257538,-1142.70007324219,8.10000038146973,-923.700012207031,-1.56369945653683,-0.0899415973638142,0.014543736565671,ST
204.0,-0.159106031060219,-0.461168229579926,9.43092060089111,-0.342989981174469,-0.114329993724823,1.01372599601746,-1145.10009765625,21.3000011444092,-923.700012207031,-1.56451545670335,-0.0298013344040791,0.0431735466972018,ST
204.033333333333,-0.146545022726059,-0.684873700141907,9.64505577087402,-1.36433792114258,-0.0838419944047928,0.434453994035721,-1137.90002441406,-0.900000035762787,-921.300048828125,-1.56502620741185,-0.0180272792842168,0.0671916881657019,ST
204.066666666667,-0.0011962859425693,-0.654966533184052,8.22805500030518,-1.82927989959717,0.182927995920181,-0.518296003341675,-1128.30004882812,6.90000009536743,-921.300048828125,-1.56371547335412,-0.0039478380617962,0.0795233705977908,ST
204.1,-0.709995687007904,-1.40324342250824,9.39622783660889,-2.01982998847961,1.32622802257538,-0.617381989955902,-1140.30004882812,6.30000019073486,-918.900024414062,-1.56012066469809,-0.0629239679127468,0.138064129941422,ST
204.133333333333,-0.690855145454407,-1.57730305194855,9.80655384063721,-2.0579400062561,0.175305992364883,-1.39482593536377,-1123.5,8.10000038146973,-930.900024414062,-1.55556162876695,-0.0682926161497747,0.159009133404081,ST
204.166666666667,-0.172863319516182,-1.79981219768524,9.38546180725098,-1.54726600646973,-1.34909391403198,-1.85214591026306,-1121.10009765625,9.30000019073486,-906.900024414062,-1.55080702510883,-0.0258992367279436,0.185586179352434,ST
204.2,-0.549693405628204,-1.71966099739075,9.40400409698486,-0.228659987449646,-0.884151995182037,-1.62348592281342,-1125.90002441406,15.3000001907349,-942.900024414062,-1.54765099764342,-0.0494574059537508,0.182223181212052,ST
204.233333333333,-1.06110560894012,-1.73880159854889,9.95848274230957,0.647870004177094,-0.0838419944047928,-1.01372599601746,-1128.30004882812,12.9000005722046,-923.700012207031,-1.54587408638157,-0.0931035483689845,0.173968635300653,ST
204.266666666667,-0.890634894371033,-1.10417187213898,9.12287616729736,0.67835795879364,-1.07470202445984,-0.266770005226135,-1133.10009765625,12.3000001907349,-921.300048828125,-1.54963334041736,-0.094410322625375,0.129665029799491,ST
204.3,-0.846372306346893,-0.873288750648499,8.50858402252197,0.891773998737335,-1.72257196903229,0.266770005226135,-1140.30004882812,8.10000038146973,-909.300048828125,-1.55276608140777,-0.0954576496682607,0.106155587477433,ST
204.333333333333,-0.281725347042084,-1.18731379508972,9.88371467590332,0.670735955238342,-2.58385801315308,1.14329993724823,-1135.5,9.30000019073486,-911.700012207031,-1.55556271747677,-0.0360274833939908,0.11623683833113,ST
204.366666666667,0.511412262916565,-1.66283750534058,10.2605447769165,-0.0914639979600906,-3.61282801628113,0.830797970294952,-1145.10009765625,9.30000019073486,-930.900024414062,-1.55892500997221,0.0398697526237511,0.153366331985611,ST
204.4,1.39427125453949,-1.59883618354797,8.72750377655029,-0.815553963184357,-3.32319188117981,0.0990860015153885,-1140.30004882812,9.30000019073486,-926.100036621094,-1.56247700476836,0.139791487345225,0.17744271052784,ST
204.433333333333,1.32488667964935,-1.89431881904602,8.83636569976807,-0.564027965068817,-1.65397393703461,0.541162014007568,-1137.90002441406,8.10000038146973,-909.300048828125,-1.56819953372473,0.146531189085013,0.205332424688573,ST
204.466666666667,0.571226537227631,-2.02232146263123,9.54815578460693,0.0152439996600151,-0.457319974899292,0.480185985565186,-1145.10009765625,8.10000038146973,-914.100036621094,-1.56996740799546,0.0728759275113906,0.208249851219067,ST
204.5,0.171068891882896,-2.18441820144653,9.17551326751709,0.320124000310898,-0.0152439996600151,0.518296003341675,-1157.10009765625,9.30000019073486,-926.100036621094,-1.57219007092583,0.029049819247216,0.22818174384214,ST
204.533333333333,-0.515599250793457,-1.88235592842102,9.39802265167236,1.05183601379395,1.40244793891907,0.434453994035721,-1147.5,10.5,-928.500061035156,-1.57267960031504,-0.0428279495681663,0.20095637152729,ST
204.566666666667,-0.974973022937775,-1.63352847099304,9.57327842712402,1.50915598869324,1.85976791381836,0.685979962348938,-1152.30004882812,8.10000038146973,-921.300048828125,-1.57504916972968,-0.0912412084494214,0.173338746524708,ST
204.6,-0.956430613994598,-1.19150078296661,10.7013759613037,1.63872992992401,0.647870004177094,1.15092194080353,-1133.10009765625,12.3000001907349,-923.700012207031,-1.58183990124181,-0.0902634465991942,0.121056415570769,ST
204.633333333333,0.0149535741657019,-0.961215734481812,9.92737865447998,1.55488801002502,-1.44817996025085,1.85976791381836,-1123.5,6.90000009536743,-928.500061035156,-1.58742331304556,-0.0152743269636059,0.0992013589960945,ST
204.666666666667,0.733921408653259,-0.800913453102112,8.58574390411377,2.01982998847961,-2.27897787094116,2.40855193138123,-1140.30004882812,3.30000019073486,-921.300048828125,-1.59336684110182,0.0675318323515949,0.0916092790747111,ST
204.7,0.144152462482452,-1.10536825656891,9.24190711975098,2.46190595626831,-0.670735955238342,2.46190595626831,-1142.70007324219,7.50000047683716,-918.900024414062,-1.60029870575694,0.0265669969139934,0.110224657184803,ST
204.733333333333,0.964206457138062,-1.24533367156982,8.94343376159668,0.846041977405548,-1.15854394435883,1.34147191047668,-1145.10009765625,6.90000009536743,-914.100036621094,-1.60506239997418,0.0916467566369063,0.131619134358029,ST
204.766666666667,0.902597725391388,-0.699827253818512,8.85251617431641,0.556405961513519,-2.25611186027527,0.701223969459534,-1152.30004882812,0.900000035762787,-923.700012207031,-1.60321385305472,0.102404887668844,0.0888753586118694,ST
204.8,-0.184228032827377,-0.212938904762268,10.3562469482422,2.10367202758789,-1.38720393180847,1.42531394958496,-1142.70007324219,2.70000004768372,-921.300048828125,-1.60407057113046,0.0043759099984012,0.0290298411764413,ST
204.833333333333,-0.355895072221756,-0.760837852954865,11.1804885864258,2.43903994560242,-0.304879993200302,1.53202199935913,-1149.90002441406,7.50000047683716,-909.300048828125,-1.60729827214198,-0.024140535197108,0.0566612448161192,ST
204.866666666667,-0.159106031060219,-0.835007607936859,11.5130558013916,1.28049600124359,-0.731711983680725,0.708845973014832,-1159.5,10.5,-909.300048828125,-1.6087642684367,-0.0149163940068893,0.0674251780637738,ST
204.9,0.791343152523041,-0.401952087879181,9.19525146484375,-0.175305992364883,-1.83690190315247,0.274392008781433,-1169.10009765625,5.10000038146973,-916.500061035156,-1.60913468530212,0.0679897369011921,0.0487655763862105,ST
204.933333333333,0.452794224023819,-0.244042336940765,9.12945652008057,0.0304879993200302,-0.777444005012512,1.2347639799118,-1161.90002441406,12.3000001907349,-918.900024414062,-1.61097559682255,0.0542802766758163,0.0312243149828149,ST
204.966666666667,0.464757084846497,-0.351708054542542,9.75511360168457,0.663114011287689,-0.0762199983000755,2.0731840133667,-1157.10009765625,10.5,-916.500061035156,-1.61628212936711,0.048783238721864,0.0343781078275357,ST
205.0,0.904392182826996,-0.299669623374939,9.33521747589111,1.22714197635651,-0.25152599811554,1.64635193347931,-1157.10009765625,6.90000009536743,-904.500061035156,-1.62028177214209,0.0882824677917817,0.0309199477996027,ST
205.033333333333,1.40443968772888,0.0131591456010938,8.85072135925293,0.83841997385025,-0.746955990791321,0.426831990480423,-1164.30004882812,5.10000038146973,-909.300048828125,-1.61836610416213,0.145302516313419,0.003602878374901,ST
205.066666666667,1.15321969985962,0.134582161903381,10.2719097137451,1.00610399246216,-1.42531394958496,0.0609759986400604,-1147.5,-0.900000035762787,-916.500061035156,-1.61680807629348,0.119487310546629,-0.0117623208669621,ST
205.1,1.51270353794098,0.0370848625898361,9.45903301239014,0.739333987236023,-2.11891603469849,-0.647870004177094,-1173.90002441406,-0.900000035762787,-906.900024414062,-1.6162091685409,0.153644183669967,-0.0066756098623638,ST
205.133333333333,0.604124426841736,0.028710862621665,9.05827713012695,0.259148001670837,-0.175305992364883,-0.396344006061554,-1173.90002441406,10.5,-899.700012207031,-1.61558535637587,0.0814575359850696,-0.0041985284362134,ST
205.166666666667,-1.02461886405945,0.413316786289215,10.3909397125244,1.36433792114258,2.61434602737427,0.0609759986400604,-1154.70007324219,6.30000019073486,-921.300048828125,-1.6157283521244,-0.0717119530583374,-0.0357433285387273,ST
205.2,-1.17953789234161,0.202770471572876,9.96685600280762,1.51677799224854,2.52288198471069,0.160062000155449,-1157.10009765625,10.5,-892.500061035156,-1.61502337315695,-0.111998814402629,-0.0256043340183629,ST
205.233333333333,-0.816465139389038,0.0496458671987057,9.57985782623291,-0.442075997591019,1.6692179441452,-0.426831990480423,-1161.90002441406,1.5,-918.900024414062,-1.61247844450507,-0.0927947555273527,-0.0086146792533188,ST
205.266666666667,-1.12989211082458,0.176452174782753,9.99018383026123,-1.09756803512573,1.28811800479889,-0.586893975734711,-1154.70007324219,8.70000076293945,-904.500061035156,-1.61192447078162,-0.111163486502865,-0.0144572631976839,ST
205.3,-0.640012979507446,-0.352904349565506,10.9196977615356,-1.18140995502472,1.18140995502472,-0.167683988809586,-1140.30004882812,3.30000019073486,-918.900024414062,-1.6082260554235,-0.0707866670827522,0.0245850690455231,ST
205.333333333333,0.714182734489441,-0.599937379360199,8.87345123291016,-1.57775402069092,-0.304879993200302,-1.29574000835419,-1137.90002441406,2.10000014305115,-923.700012207031,-1.60493166907601,0.0501429139047641,0.0610095401420623,ST
205.366666666667,1.29019439220428,-0.647190690040588,7.6329026222229,-1.52439999580383,-0.0685980021953583,-1.56251001358032,-1149.90002441406,8.70000076293945,-914.100036621094,-1.60302672933247,0.143559534785067,0.0816521058784661,ST
205.4,1.23097825050354,-0.639414846897125,7.43551540374756,-1.11281192302704,0.632625997066498,-1.50915598869324,-1145.10009765625,11.7000007629395,-918.900024414062,-1.59977339021876,0.158761103184786,0.0861640028798672,ST
205.433333333333,0.386400371789932,-0.799717128276825,8.52293872833252,-0.282013982534409,1.46342396736145,-1.07470202445984,-1140.30004882812,2.10000014305115,-921.300048828125,-1.59764228097041,0.0661473128465029,0.0923059319602432,ST
205.466666666667,-0.107067592442036,-0.989328503608704,9.64984035491943,-0.243903994560242,1.53964400291443,-1.08994603157043,-1137.90002441406,2.10000014305115,-926.100036621094,-1.59506449218852,0.0025427720789798,0.100484613651496,ST
205.5,-0.397166937589645,-1.10237753391266,11.2068071365356,-0.632625997066498,0.670735955238342,-1.12805593013763,-1135.5,12.9000005722046,-928.500061035156,-1.59235633574297,-0.0284113166754371,0.0994561379694233,ST
205.533333333333,0.0233275759965181,-1.3099330663681,10.8897905349731,-1.05945801734924,-0.807931959629059,-1.37958192825317,-1142.70007324219,11.7000007629395,-916.500061035156,-1.58889183913836,-0.001604365587105,0.117875367234386,ST
205.566666666667,-0.239855334162712,-1.25550210475922,10.3269386291504,-0.846041977405548,-0.175305992364883,-1.01372599601746,-1133.10009765625,6.30000019073486,-916.500061035156,-1.58646633056138,-0.0187995892493798,0.121660131925229,ST
205.6,-0.111852735280991,-1.31950342655182,9.83646106719971,-0.480185985565186,0.342989981174469,-0.609759986400604,-1135.5,4.5,-916.500061035156,-1.58469054428714,-0.0129130642255694,0.132098958853355,ST
205.633333333333,-0.13398402929306,-1.06828331947327,9.18508338928223,0.685979962348938,0.0076219998300075,0.0685980021953583,-1140.30004882812,10.5,-928.500061035156,-1.5850337523418,-0.014247152848312,0.117525099415788,ST
205.666666666667,-0.0119628589600325,-1.44451522827148,8.02289199829102,0.937505960464478,0.0381099991500378,0.213415995240211,-1137.90002441406,2.70000004768372,-933.300048828125,-1.58507857920602,-0.0038498328781555,0.165963604499336,ST
205.7,-0.995309889316559,-1.87338376045227,9.43630313873291,0.381099998950958,1.04421401023865,-0.655492007732391,-1130.70007324219,8.70000076293945,-911.700012207031,-1.58182732520547,-0.0877072745362279,0.190451477028596,ST
205.733333333333,-1.34941053390503,-2.00856399536133,10.2527685165405,-0.221037998795509,0.419209986925125,-1.16616594791412,-1121.10009765625,9.90000057220459,-923.700012207031,-1.57842050437023,-0.122302742827496,0.19351320489549,ST
205.766666666667,-1.49834811687469,-1.67121148109436,9.24908447265625,0.106707997620106,-0.411587983369827,-0.541162014007568,-1133.10009765625,6.90000009536743,-921.300048828125,-1.57894750621303,-0.150584331638844,0.18151855012985,ST
205.8,-1.80878436565399,-1.758540391922,10.6995811462402,0.579271972179413,0.0685980021953583,0.83841997385025,-1140.30004882812,4.5,-911.700012207031,-1.58323595471412,-0.162969642110124,0.165213396339696,ST
205.833333333333,-1.11852741241455,-1.50911474227905,10.7366666793823,0.67835795879364,-1.21189796924591,1.40244793891907,-1128.30004882812,14.7000007629395,-906.900024414062,-1.58959628543448,-0.113550190540368,0.143549529374796,ST
205.866666666667,-0.705808699131012,-1.10118126869202,9.34000205993652,0.952749967575073,-1.78354799747467,1.81403601169586,-1145.10009765625,14.1000003814697,-914.100036621094,-1.59622756885523,-0.080556748873308,0.12104362500795,ST
205.9,-0.0795530155301094,-0.891233026981354,8.34887981414795,1.76068198680878,-1.18140995502472,2.01220798492432,-1135.5,2.10000014305115,-921.300048828125,-1.60225975790577,-0.0192778879095355,0.105964921736757,ST
205.933333333333,0.249425619840622,-0.847568571567535,8.05279922485352,1.85214591026306,-1.60824191570282,1.80641400814056,-1142.70007324219,6.30000019073486,-923.700012207031,-1.60706102367286,0.023875664888423,0.102439462357038,ST
205.966666666667,0.339745193719864,-0.765622973442078,8.59830474853516,1.35671591758728,-2.19513607025146,1.34909391403198,-1142.70007324219,-0.900000035762787,-918.900024414062,-1.61075359997798,0.0399305232530931,0.089043997562867,ST
206.0,1.06230187416077,-0.833811283111572,9.60856914520264,0.853663980960846,-2.54574799537659,1.12805593013763,-1130.70007324219,5.70000028610229,-914.100036621094,-1.6140590172237,0.101524717323369,0.0859035321727842,ST
206.033333333333,1.44272089004517,-0.993515491485596,9.45723819732666,0.533540010452271,-2.59910202026367,1.37195992469788,-1152.30004882812,6.90000009536743,-897.300048828125,-1.62010568331553,0.145899303454666,0.101037667570042,ST
206.066666666667,0.835007607936859,-0.610105812549591,9.6701774597168,1.50915598869324,-0.46494197845459,1.92074394226074,-1157.10009765625,5.70000028610229,-904.500061035156,-1.62137696807108,0.0965008210074406,0.0674797436280743,ST
206.1,0.35110992193222,-0.538926839828491,9.81133937835693,1.79879200458527,0.503051996231079,1.92074394226074,-1145.10009765625,-0.300000011920929,-911.700012207031,-1.62550780362447,0.0450352502825117,0.054538212751477,ST
206.133333333333,0.0568235814571381,-0.763828575611115,9.5625114440918,0.792688012123108,0.434453994035721,0.792688012123108,-1140.30004882812,10.5,-911.700012207031,-1.62787169191045,0.0131340694644143,0.0735576959836904,ST
206.166666666667,0.434849947690964,-0.792539417743683,9.14201736450195,-0.411587983369827,-0.846041977405548,0.503051996231079,-1152.30004882812,3.90000009536743,-916.500061035156,-1.62945301497378,0.0415739998352663,0.0844693044642684,ST
206.2,0.330174922943115,-0.839194595813751,9.26164531707764,-0.3125019967556,-1.10518991947174,0.823175966739655,-1157.10009765625,5.10000038146973,-909.300048828125,-1.6320034981104,0.0379601626157558,0.0899464745577391,ST
206.233333333333,0.850559294223785,-0.948654770851135,9.84483528137207,-0.46494197845459,-1.88263392448425,1.00610399246216,-1161.90002441406,9.30000019073486,-914.100036621094,-1.63514758849689,0.0797958983150147,0.0957499271391873,ST
206.266666666667,0.846372306346893,-0.731528878211975,8.45594692230225,0.274392008781433,-1.18903195858002,1.62348592281342,-1149.90002441406,9.90000057220459,-918.900024414062,-1.63848325896918,0.0968868551981867,0.0880423376444764,ST
206.3,-0.0239257179200649,-0.607713282108307,9.70905685424805,0.716467976570129,0.556405961513519,2.14178204536438,-1161.90002441406,6.90000009536743,-923.700012207031,-1.64218135443278,0.0166106951069882,0.0667754194814983,ST
206.333333333333,-0.29009935259819,-0.370848655700684,9.58105373382568,1.12805593013763,0.304879993200302,1.98934197425842,-1149.90002441406,6.30000019073486,-909.300048828125,-1.64705662365215,-0.022451447203378,0.0420624441729729,ST
206.366666666667,-1.14664006233215,-0.172863319516182,11.4245309829712,1.39482593536377,0.617381989955902,2.32470989227295,-1152.30004882812,10.5,-914.100036621094,-1.65345830021467,-0.0853084528935326,0.0184396314845721,ST
206.4,-0.0837400183081627,-0.0921140164136887,10.3688087463379,0.891773998737335,-0.114329993724823,2.0579400062561,-1152.30004882812,1.5,-916.500061035156,-1.65857228457586,-0.0235335712906182,0.0094444149125199,ST
206.433333333333,0.118432305753231,-0.110058307647705,10.1283550262451,0.442075997591019,-0.327746003866196,1.37195992469788,-1159.5,-0.300000011920929,-911.700012207031,-1.6620135402993,0.0062347238545521,0.0099802102417084,ST
206.466666666667,0.278734624385834,-0.189611315727234,10.006932258606,0.0609759986400604,-0.282013982534409,0.426831990480423,-1147.5,2.10000014305115,-914.100036621094,-1.66321202200117,0.0246162574647154,0.0173640358201375,ST
206.5,0.443822085857391,-0.474925518035889,8.98709774017334,-0.541162014007568,0.0762199983000755,-0.495429992675781,-1164.30004882812,3.30000019073486,-906.900024414062,-1.66298657078424,0.0447947260874055,0.0472126586314935,ST
206.533333333333,0.278136491775513,-0.442625790834427,8.53310775756836,-0.960371971130371,0.472563982009888,-0.746955990791321,-1137.90002441406,2.70000004768372,-909.300048828125,-1.66132451300629,0.0344037532368335,0.0521940212783262,ST
206.566666666667,-0.129198879003525,-0.537132382392883,9.64206504821777,-0.952749967575073,0.655492007732391,-0.175305992364883,-1140.30004882812,5.10000038146973,-918.900024414062,-1.66085204409159,-0.0052198083945722,0.0563400752402336,ST
206.6,0.0047851437702775,-1.07426476478577,9.28557109832764,-0.647870004177094,0.419209986925125,-0.0304879993200302,-1154.70007324219,11.1000003814697,-911.700012207031,-1.66055567683028,-0.0012202725008362,0.104218029735672,ST
206.633333333333,0.0203368607908487,-1.51270353794098,9.82808685302734,-1.41006994247437,0.617381989955902,-0.594515979290009,-1149.90002441406,7.50000047683716,-918.900024414062,-1.65882239665476,0.000751308094541,0.147147292179363,ST
206.666666666667,-0.0556272976100445,-1.49117040634155,10.7528162002563,-1.82165801525116,-0.365855991840363,-0.815553963184357,-1140.30004882812,1.5,-909.300048828125,-1.65709597316173,-0.0032729512032731,0.142222847404373,ST
206.7,0.125011876225471,-1.35957896709442,9.8137321472168,-1.37195992469788,-1.07470202445984,-0.663114011287689,-1159.5,7.50000047683716,-916.500061035156,-1.65591330003463,0.0110289783691106,0.140489238480902,ST
206.733333333333,0.559263706207275,-0.933701157569885,9.20900917053223,-0.289635986089706,-0.693601965904236,0.0990860015153885,-1147.5,11.7000007629395,-923.700012207031,-1.6553487495293,0.0513609804437998,0.109425886844661,ST
206.766666666667,0.570030272006989,-0.930112302303314,8.76399040222168,0.541162014007568,-0.518296003341675,0.746955990791321,-1152.30004882812,10.5,-914.100036621094,-1.65726782263488,0.0631456285966581,0.105589854667308,ST
206.8,0.219518467783928,-1.09519982337952,9.71982288360596,0.640248000621796,-0.106707997620106,0.685979962348938,-1149.90002441406,9.30000019073486,-904.500061035156,-1.6592954649076,0.0293194444632268,0.110206266585418,ST
206.833333333333,0.0490477234125137,-0.936691880226135,10.3879489898682,0.114329993724823,-0.83841997385025,0.228659987449646,-1147.5,5.10000038146973,-911.700012207031,-1.65969368845218,0.0107959073904668,0.0938616331537622,ST
206.866666666667,0.641209244728088,-1.04017066955566,9.83526515960693,-0.0457319989800453,-1.06708002090454,0.0076219998300075,-1147.5,4.5,-914.100036621094,-1.6602550083588,0.0553468664977493,0.103116075623862,ST
206.9,0.650779545307159,-1.30275535583496,9.62591457366943,0.0838419944047928,-0.777444005012512,0.152439996600151,-1145.10009765625,6.30000019073486,-923.700012207031,-1.66241360152581,0.065919704808306,0.128810739006465,ST
206.933333333333,0.381017059087753,-1.48160016536713,9.35675048828125,-0.167683988809586,-0.388722002506256,-0.106707997620106,-1159.5,6.30000019073486,-911.700012207031,-1.66354707267254,0.0459472005643578,0.151587715135387,ST
206.966666666667,-0.185424327850342,-1.50133883953094,9.67974758148193,-0.579271972179413,0.167683988809586,-0.198172003030777,-1157.10009765625,2.70000004768372,-914.100036621094,-1.66304617717458,-0.0067959337825881,0.154262878036712,ST
207.0,-0.160302311182022,-1.57909739017487,9.6582145690918,-0.632625997066498,-0.0990860015153885,-0.0685980021953583,-1161.90002441406,11.1000003814697,-906.900024414062,-1.66285730891954,-0.0145116314522252,0.161579265424115,ST
207.033333333333,-0.197387173771858,-1.32129776477814,9.16115760803223,0.228659987449646,0.0457319989800453,0.335367977619171,-1157.10009765625,6.30000019073486,-926.100036621094,-1.66385429561421,-0.020083428423501,0.146609611474681,ST
207.066666666667,-0.379222631454468,-1.21722090244293,9.80834865570068,0.472563982009888,-0.106707997620106,1.2500079870224,-1149.90002441406,15.3000001907349,-909.300048828125,-1.66723483258307,-0.0347534019834399,0.127425749189321,ST
207.1,-0.432457357645035,-1.19269704818726,10.0834941864014,0.800309956073761,-0.167683988809586,1.31860601902008,-1159.5,11.7000007629395,-914.100036621094,-1.67094420393515,-0.0413227913158238,0.118009048817388,ST
207.133333333333,-0.448607236146927,-0.720762252807617,10.3101902008057,1.00610399246216,-0.160062000155449,1.57013201713562,-1159.5,12.3000001907349,-930.900024414062,-1.67616312259162,-0.0429461040208146,0.078021591165612,ST
207.166666666667,0.397166937589645,-0.576011657714844,9.18747615814209,1.63110792636871,-0.647870004177094,2.13416004180908,-1147.5,12.9000005722046,-911.700012207031,-1.68185368177941,0.0302805523334991,0.0626835402085651,ST
207.2,0.662144243717194,-0.287706762552261,8.85789966583252,1.42531394958496,-0.586893975734711,1.28811800479889,-1149.90002441406,8.70000076293945,-916.500061035156,-1.68392818769782,0.0674250392630431,0.0359394890922247,ST
207.233333333333,0.482701390981674,-0.33137121796608,8.52892017364502,1.43293595314026,0.37347799539566,0.754577994346619,-1157.10009765625,11.7000007629395,-914.100036621094,-1.68603509928583,0.0577460205989833,0.0363321027991721,ST
207.266666666667,0.0951047316193581,-0.364269077777863,8.51157474517822,1.07470202445984,1.20427596569061,0.0914639979600906,-1147.5,8.70000076293945,-923.700012207031,-1.68637481720422,0.0188715035257998,0.0399790760961863,ST
207.3,0.321202784776688,-0.217724040150642,10.0212869644165,0.594515979290009,-0.487807989120483,0.510673999786377,-1152.30004882812,9.30000019073486,-916.500061035156,-1.68724386764297,0.0300401203290233,0.0245940752499185,ST
207.333333333333,0.546104550361633,-0.577207982540131,9.41177940368652,1.16616594791412,-1.18903195858002,0.37347799539566,-1147.5,13.5000009536743,-923.700012207031,-1.68959237395295,0.0545683850128312,0.0530531124065267,ST
207.366666666667,0.852353751659393,-0.814670741558075,9.66599082946777,0.457319974899292,-0.510673999786377,-0.25152599811554,-1149.90002441406,4.5,-916.500061035156,-1.69080474532693,0.0817176547683031,0.077155025011814,ST
207.4,1.1418548822403,-0.625657558441162,9.68154239654541,-0.297257989645004,-2.00458598136902,-0.853663980960846,-1145.10009765625,8.70000076293945,-906.900024414062,-1.6881693177706,0.112888540130105,0.0673966689089614,ST
207.433333333333,1.21123957633972,-0.528160214424133,8.17481994628906,-0.106707997620106,-2.20275783538818,-0.594515979290009,-1157.10009765625,5.70000028610229,-916.500061035156,-1.68683085270168,0.143079917437401,0.0651648789017492,ST
207.466666666667,0.430064797401428,-1.03777801990509,8.37220764160156,-0.419209986925125,-1.27287399768829,-0.487807989120483,-1145.10009765625,5.10000038146973,-899.700012207031,-1.69096795675727,0.068365526055456,0.114181900509184,ST
207.5,-0.744089841842651,-0.895420014858246,10.8814172744751,-0.0,-0.655492007732391,-0.335367977619171,-1152.30004882812,8.10000038146973,-902.100036621094,-1.68997408440262,-0.0426338234940658,0.0878725385921717,ST
207.533333333333,0.0053832866251468,-0.313426911830902,10.8425378799438,0.487807989120483,-2.16464805603027,-0.243903994560242,-1159.5,8.70000076293945,-918.900024414062,-1.69083391108165,-0.0040875698754855,0.0387319346164608,ST
207.566666666667,-0.0119628589600325,-0.146545022726059,10.3646211624146,0.815553963184357,-2.13416004180908,0.487807989120483,-1159.5,6.30000019073486,-914.100036621094,-1.69212421603741,0.0012112401035993,0.0179580607915214,ST
207.6,0.0502440109848976,0.0909177288413048,11.2032175064087,0.952749967575073,-1.2500079870224,0.754577994346619,-1161.90002441406,7.50000047683716,-918.900024414062,-1.69381497960052,0.0055638112789572,-0.0041828684599981,ST
207.633333333333,0.948056638240814,0.450401663780212,9.04093074798584,0.594515979290009,-1.91312193870544,0.304879993200302,-1166.70007324219,9.90000057220459,-899.700012207031,-1.69275818218328,0.0870907913326883,-0.0413393513574421,ST
207.666666666667,1.05213344097137,0.205761179327965,7.93556261062622,0.495429992675781,-0.564027965068817,0.213415995240211,-1171.5,11.1000003814697,-921.300048828125,-1.69458268459144,0.12409804539176,-0.0295361824109802,ST
207.7,1.23636150360107,-0.326586067676544,8.36861801147461,-0.114329993724823,0.846041977405548,-0.236281991004944,-1176.30004882812,5.70000028610229,-911.700012207031,-1.70125297501236,0.140916534188374,0.0252499795457911,ST
207.733333333333,0.190807610750198,-0.107665732502937,10.1277570724487,-0.0762199983000755,0.6250039935112,-0.762199997901917,-1161.90002441406,6.90000009536743,-911.700012207031,-1.69839003496667,0.0426248649410803,0.0135724250381874,ST
207.766666666667,0.204564899206161,-0.119628593325615,9.90943431854248,0.0914639979600906,0.0304879993200302,-0.403965979814529,-1166.70007324219,6.90000009536743,-916.500061035156,-1.69733520397542,0.0242904138708069,0.012172782329939,ST
207.8,0.467149674892426,-0.529954671859741,9.87055492401123,-0.571649968624115,-0.0685980021953583,0.0685980021953583,-1161.90002441406,6.90000009536743,-904.500061035156,-1.69863787580679,0.0432287898539123,0.0470510493704535,ST
207.833333333333,0.507823407649994,-0.818857729434967,10.1791973114014,-1.05183601379395,-0.129574000835419,0.0533539988100529,-1149.90002441406,5.70000028610229,-906.900024414062,-1.6999928269235,0.0487183010947702,0.0758499191300223,ST
207.866666666667,0.681882977485657,-0.854148149490356,8.88421726226807,-1.2347639799118,-0.426831990480423,-0.205793991684914,-1169.10009765625,3.90000009536743,-906.900024414062,-1.70049378414388,0.0713220955300259,0.0935175146100501,ST
207.9,0.610703945159912,-1.17295837402344,9.31846904754639,-1.11281192302704,0.724089980125427,-0.236281991004944,-1161.90002441406,12.3000001907349,-911.700012207031,-1.70143253545047,0.0652610695684075,0.120349605439917,ST
207.933333333333,0.857138872146606,-1.11434030532837,9.71683216094971,-0.571649968624115,0.182927995920181,-0.480185985565186,-1169.10009765625,8.70000076293945,-904.500061035156,-1.69975217424984,0.0835163675165087,0.115993209745356,ST
207.966666666667,1.49296486377716,-1.38111209869385,8.80586051940918,-0.442075997591019,-0.213415995240211,-0.487807989120483,-1169.10009765625,5.70000028610229,-911.700012207031,-1.70232429494865,0.149725192402054,0.148046579927535,ST
208.0,1.40862667560577,-1.23337078094482,9.08818435668945,-0.6250039935112,0.0381099991500378,-0.640248000621796,-1149.90002441406,3.30000019073486,-923.700012207031,-1.69918348581445,0.151934591921068,0.138274556272135,ST
208.033333333333,1.39666378498077,-1.26925933361053,9.1922607421875,-0.640248000621796,-0.533540010452271,0.274392008781433,-1169.10009765625,4.5,-909.300048828125,-1.69976525562735,0.150586356770873,0.138391000368614,ST
208.066666666667,1.34881234169006,-1.78904557228088,9.12347507476807,-0.914639949798584,-0.213415995240211,0.411587983369827,-1161.90002441406,16.5,-916.500061035156,-1.70740158578648,0.145477059261494,0.185173804672022,ST
208.1,0.934897482395172,-2.12221121788025,9.61514854431152,-1.47104597091675,0.632625997066498,0.198172003030777,-1149.90002441406,8.70000076293945,-918.900024414062,-1.71058106260471,0.104008699045559,0.212860153265729,ST
208.133333333333,0.0305052921175957,-1.96908664703369,10.708553314209,-0.945127964019775,1.80641400814056,0.0152439996600151,-1161.90002441406,1.5,-921.300048828125,-1.70818225773296,0.0207631500791515,0.18938981801573,ST
208.166666666667,0.0986935868859291,-2.36625361442566,10.5817470550537,-0.640248000621796,1.59299790859222,0.320124000310898,-1166.70007324219,14.7000007629395,-918.900024414062,-1.70852637548629,0.0091928998761286,0.214719906782739,ST
208.2,-0.298473328351974,-2.66652131080627,10.1791973114014,-0.472563982009888,2.02745199203491,-0.0990860015153885,-1149.90002441406,10.5,-909.300048828125,-1.70684420778922,-0.0248686419691351,0.249936892717275,ST
208.233333333333,-0.51739364862442,-2.40872168540955,9.31248760223389,0.175305992364883,2.9344699382782,0.0457319989800453,-1142.70007324219,14.1000003814697,-921.300048828125,-1.7051625283602,-0.0518936494013607,0.25226881848368,ST
208.266666666667,-0.968991637229919,-2.15032386779785,9.43809795379639,0.990859985351562,2.78965187072754,0.670735955238342,-1142.70007324219,9.90000057220459,-909.300048828125,-1.7067097325885,-0.0941196869934177,0.228350451604492,ST
208.3,-1.09878861904144,-1.69752979278564,7.96786260604858,2.01982998847961,1.96647596359253,1.53964400291443,-1142.70007324219,12.3000001907349,-918.900024414062,-1.71062097835139,-0.129149597033503,0.210650997007472,ST
208.333333333333,-1.11254596710205,-1.24533367156982,8.48406028747559,2.40092992782593,2.24848985671997,2.47714996337891,-1145.10009765625,4.5,-918.900024414062,-1.72177924510304,-0.132764205373789,0.155104610828817,ST
208.366666666667,-1.02581524848938,-0.910373628139496,9.46501445770264,2.28659987449646,0.586893975734711,3.00306797027588,-1140.30004882812,2.70000004768372,-928.500061035156,-1.73403491637925,-0.113908201309037,0.104131057590201,ST
208.4,-0.489280939102173,-0.966000914573669,9.27899169921875,2.39330792427063,-0.327746003866196,3.65093803405762,-1125.90002441406,6.90000009536743,-918.900024414062,-1.7423126824962,-0.0648655700070907,0.100075591964902,ST
208.433333333333,-0.0251220054924488,-0.727940022945404,9.64804649353027,1.92074394226074,-0.381099998950958,4.09301376342773,-1135.5,9.30000019073486,-916.500061035156,-1.75249960169017,-0.0151134221935267,0.0774488076189198,ST
208.466666666667,0.391783654689789,-0.730332553386688,9.17431735992432,1.79117000102997,-0.663114011287689,3.81099987030029,-1137.90002441406,6.90000009536743,-911.700012207031,-1.76139431067031,0.0314231321204087,0.0766298160293635,ST
208.5,0.009570287540555,-0.881064593791962,8.45594692230225,0.708845973014832,-0.0533539988100529,2.56099200248718,-1149.90002441406,7.50000047683716,-899.700012207031,-1.76807079846999,0.006284508727665,0.0979988144110491,ST
208.533333333333,-0.541917502880096,-1.01026344299316,9.28676795959473,0.259148001670837,0.716467976570129,1.97409796714783,-1149.90002441406,6.90000009536743,-916.500061035156,-1.77250717298252,-0.0477748711415258,0.106054313034551,ST
208.566666666667,-0.485093951225281,-1.16458439826965,10.6678800582886,0.945127964019775,-0.472563982009888,1.73781597614288,-1135.5,4.5,-918.900024414062,-1.77646408929819,-0.0453004288472816,0.106764668186038,ST
208.6,-0.201574176549911,-1.12151801586151,10.075119972229,1.59299790859222,-1.00610399246216,1.06708002090454,-1137.90002441406,12.9000005722046,-916.500061035156,-1.77899305894964,-0.0237706619190137,0.107765696893386,ST
208.633333333333,0.0550291538238525,-0.942075192928314,9.30830097198486,1.54726600646973,-1.38720393180847,0.685979962348938,-1128.30004882812,2.70000004768372,-921.300048828125,-1.78094126719481,0.0017312224115648,0.100093036660097,ST
208.666666666667,0.156713455915451,-0.555076658725739,9.06366062164307,0.647870004177094,-2.15702605247498,0.640248000621796,-1137.90002441406,9.30000019073486,-914.100036621094,-1.78273602514042,0.0179036651365859,0.0663640079489718,ST
208.7,0.826035439968109,-0.528758406639099,8.17063331604004,-0.228659987449646,-3.22410583496094,0.487807989120483,-1140.30004882812,10.5,-911.700012207031,-1.7843553200306,0.0903451892891103,0.0653358390200228,ST
208.733333333333,0.617283523082733,-0.674107134342194,8.96436882019043,0.236281991004944,-1.12043392658234,1.52439999580383,-1159.5,8.10000038146973,-909.300048828125,-1.78869448589758,0.0743597450645087,0.0729490125738696,ST
208.766666666667,-0.0514402948319912,-0.674705266952515,10.4872407913208,0.663114011287689,0.0457319989800453,1.18903195858002,-1149.90002441406,9.30000019073486,-923.700012207031,-1.7911487732705,0.0109215805696714,0.0651302176389725,ST
208.8,-0.571824669837952,-0.60651695728302,11.0698318481445,0.945127964019775,0.0762199983000755,1.14329993724823,-1152.30004882812,14.1000003814697,-902.100036621094,-1.7939551078173,-0.0398717726964488,0.0553405448136623,ST
208.833333333333,-0.787156164646149,-0.196789041161537,10.3807716369629,1.28811800479889,-0.121951997280121,0.106707997620106,-1147.5,9.30000019073486,-918.900024414062,-1.79571895828881,-0.06829455993033,0.0245003119300019,ST
208.866666666667,-0.797922730445862,-0.190209463238716,10.1648416519165,0.960371971130371,0.198172003030777,-0.137196004390717,-1164.30004882812,1.5,-921.300048828125,-1.79566429825012,-0.0765752923186721,0.0185538006236552,ST
208.9,-0.792539417743683,-0.0059814294800162,9.99616527557373,0.449698001146317,-0.0457319989800453,-0.579271972179413,-1154.70007324219,9.30000019073486,-918.900024414062,-1.79540920189123,-0.0785377809491353,0.003653246865775,DLL
208.933333333333,-0.464757084846497,-0.223107323050499,8.84832859039307,-0.0609759986400604,-0.243903994560242,-0.0304879993200302,-1145.10009765625,8.70000076293945,-921.300048828125,-1.79414875737515,-0.0567675971270565,0.0214572639875972,DLL
208.966666666667,-0.21712589263916,-0.379222631454468,9.04511833190918,-0.769822001457214,-0.548784017562866,0.0304879993200302,-1157.10009765625,2.10000014305115,-923.700012207031,-1.7935751012919,-0.0286871175381067,0.0395905039352123,DLL
209.0,-0.141759887337685,-0.681882977485657,9.4793701171875,-0.685979962348938,-0.853663980960846,0.289635986089706,-1166.70007324219,7.50000047683716,-911.700012207031,-1.79383397430352,-0.0160146987469903,0.067390362909774,DLL
209.033333333333,-0.910373628139496,-0.402550220489502,8.96436882019043,-1.18140995502472,-0.137196004390717,0.983237981796265,-1154.70007324219,3.30000019073486,-914.100036621094,-1.79715870370872,-0.0848192489366491,0.0507689992658072,DLL
209.066666666667,-0.87388688325882,-0.458775669336319,9.03375339508057,-2.63721203804016,-0.0685980021953583,4.53508996963501,-1142.70007324219,11.7000007629395,-909.300048828125,-1.80781974818111,-0.0942313260673962,0.0538444491703301,DLL
209.1,0.0562254376709461,-1.35898077487946,9.67556095123291,-4.83234786987305,-0.922261953353882,8.17078399658203,-1147.5,7.50000047683716,-916.500061035156,-1.8232764398793,-0.0144103791376997,0.128522765567987,DLL
209.133333333333,-0.611302137374878,-1.56653642654419,9.94352912902832,-4.53508996963501,-1.28049600124359,9.39030361175537,-1147.5,16.5,-911.700012207031,-1.84448885135199,-0.0514546577289373,0.156447642551605,DLL
209.166666666667,0.299669623374939,-2.35548710823059,9.40340518951416,-3.30032587051392,0.731711983680725,10.3811635971069,-1147.5,20.7000007629395,-916.500061035156,-1.86764119527953,0.0119989576199767,0.23409303780466,DLL
209.2,0.276940196752548,-2.4637508392334,9.92319202423096,-1.6920839548111,0.815553963184357,8.00309944152832,-1145.10009765625,17.7000007629395,-926.100036621094,-1.88624683413305,0.0205065265293947,0.244319058529418,DLL
209.233333333333,0.637620389461517,-2.62824010848999,9.17730808258057,-0.83841997385025,-0.259148001670837,5.16771602630615,-1140.30004882812,25.5000019073486,-916.500061035156,-1.89931053072175,0.0563617430319672,0.273835997262656,DLL
209.266666666667,0.122619308531284,-2.22269916534424,8.77415943145752,0.525918006896973,0.510673999786377,2.16464805603027,-1149.90002441406,15.3000001907349,-906.900024414062,-1.90330476807414,0.019695813965945,0.252034981327367,DLL
209.3,-0.479112505912781,-1.94815170764923,9.18927001953125,0.731711983680725,0.525918006896973,1.2500079870224,-1140.30004882812,23.1000003814697,-911.700012207031,-1.90622059785185,-0.0386614037814163,0.21606144846931,DLL
209.333333333333,-0.593357801437378,-1.87398195266724,8.99487400054932,0.190549999475479,-0.274392008781433,1.70732796192169,-1130.70007324219,18.3000011444092,-923.700012207031,-1.91086096294009,-0.0600015143278313,0.206904099209848,DLL
209.366666666667,-1.00248765945435,-1.72145545482635,9.03016471862793,0.289635986089706,-0.0533539988100529,3.3460578918457,-1137.90002441406,20.1000003814697,-909.300048828125,-1.92034543394855,-0.101321736526144,0.190661142945683,DLL
209.4,-1.39666378498077,-1.91106677055359,10.1014385223389,0.0685980021953583,0.556405961513519,4.87807989120483,-1137.90002441406,23.7000007629395,-914.100036621094,-1.93247829791391,-0.131477653466972,0.186666656906415,DLL
209.433333333333,-1.6544634103775,-2.03548049926758,10.1762065887451,-0.259148001670837,-0.457319974899292,6.31101608276367,-1145.10009765625,17.1000003814697,-911.700012207031,-1.94579325518367,-0.153769390382787,0.194312898305405,DLL
209.466666666667,-1.53782558441162,-1.92362785339355,9.29633808135986,-0.25152599811554,-1.53964400291443,7.157057762146,-1135.5,22.5,-902.100036621094,-1.96348467595414,-0.159381175747924,0.201161508962621,DLL
209.5,-1.39726197719574,-2.18262362480164,9.08579158782959,-0.289635986089706,-1.75305998325348,8.20889377593994,-1130.70007324219,22.5,-899.700012207031,-1.9786332220375,-0.150755533525928,0.227370963994191,DLL
209.533333333333,-0.297875195741653,-2.61149215698242,9.521240234375,-0.92988395690918,-2.30184388160706,8.07169818878174,-1133.10009765625,25.5000019073486,-906.900024414062,-1.99474186995698,-0.0542264205175705,0.259943897543078,DLL
209.566666666667,0.341539651155472,-2.19877362251282,8.48705101013184,-0.175305992364883,-1.85976791381836,5.22869205474854,-1135.5,27.9000015258789,-914.100036621094,-2.00872176018075,0.0239679515226292,0.254867565317464,DLL
209.6,-0.214135184884071,-2.26157855987549,10.018895149231,1.18903195858002,-0.967993974685669,3.38416790962219,-1130.70007324219,25.5000019073486,-899.700012207031,-2.01715899853961,-0.0126174358299301,0.226180483183925,DLL
209.633333333333,-0.281725347042084,-2.19757723808289,9.51226806640625,0.83841997385025,-1.64635193347931,2.17989206314087,-1145.10009765625,27.9000015258789,-904.500061035156,-2.02321971059774,-0.0243485081993513,0.225613103440442,DLL
209.666666666667,-0.521580696105957,-1.75794219970703,9.42852783203125,0.37347799539566,-1.40244793891907,1.63872992992401,-1133.10009765625,24.3000011444092,-918.900024414062,-2.02874141349356,-0.0468360979800993,0.192045380250922,DLL
209.7,-0.895420014858246,-1.80340111255646,9.50568771362305,0.358233988285065,-0.830797970294952,2.33233189582825,-1147.5,22.5,-899.700012207031,-2.03459307110111,-0.0825890445655689,0.187677460269987,DLL
209.733333333333,-0.245238617062569,-1.76093292236328,8.9595832824707,-0.289635986089706,-0.609759986400604,2.21037983894348,-1147.5,26.7000007629395,-911.700012207031,-2.03956800552763,-0.0378411726357273,0.1930266663262,DLL
209.766666666667,-1.15441596508026,-1.33684957027435,8.91532135009766,0.259148001670837,-0.0152439996600151,1.91312193870544,-1135.5,25.5000019073486,-918.900024414062,-2.04667804992762,-0.110785346021392,0.156727951172404,DLL
209.8,-1.07127404212952,-1.77050316333771,9.63967227935791,0.777444005012512,1.2347639799118,3.19361782073975,-1145.10009765625,29.1000003814697,-904.500061035156,-2.051353238712,-0.111722165962558,0.175350437544394,DLL
209.833333333333,-0.283519774675369,-1.8787670135498,9.97223949432373,0.327746003866196,-0.983237981796265,2.53812599182129,-1133.10009765625,32.1000022888184,-911.700012207031,-2.05717053890889,-0.0421747595949364,0.183589121994268,DLL
209.866666666667,0.761435985565186,-1.69872605800629,8.54207992553711,-0.0762199983000755,-3.19361782073975,0.907018005847931,-1130.70007324219,30.3000011444092,-897.300048828125,-2.06094427997171,0.0683133577105243,0.194248309995933,DLL
209.9,0.633433401584625,-1.52347016334534,8.86268424987793,0.0457319989800453,-2.14178204536438,0.670735955238342,-1140.30004882812,29.7000007629395,-921.300048828125,-2.06207525097329,0.072754338395607,0.174831347380272,DLL
209.933333333333,0.44023323059082,-1.38948607444763,10.030858039856,0.213415995240211,-0.922261953353882,1.11281192302704,-1137.90002441406,34.5,-894.900024414062,-2.06312905420024,0.0503922134754964,0.14493465426667,DLL
209.966666666667,0.939084470272064,-1.0916109085083,8.93685436248779,0.167683988809586,-1.18903195858002,1.08232402801514,-1152.30004882812,21.9000015258789,-909.300048828125,-2.06469236397848,0.0952374595674279,0.125910051223208,DLL
210.0,-0.311034351587296,-0.788950562477112,9.35734844207764,1.14329993724823,0.830797970294952,0.472563982009888,-1149.90002441406,24.3000011444092,-909.300048828125,-2.06422719134179,-0.0113799164033855,0.0899689440076008,DLL
210.033333333333,-0.448607236146927,-1.27105379104614,10.1474952697754,0.472563982009888,1.07470202445984,-0.236281991004944,-1152.30004882812,23.7000007629395,-911.700012207031,-2.06272668217523,-0.0387483516798702,0.116978359017248,DLL
210.066666666667,-0.945664048194885,-0.739304721355438,10.0691385269165,-0.541162014007568,-0.228659987449646,-0.67835795879364,-1142.70007324219,24.3000011444092,-911.700012207031,-2.06334619847313,-0.0838083829192565,0.081511186450605,DLL
210.1,-0.635227859020233,-0.799118995666504,9.25028133392334,-0.152439996600151,0.243903994560242,0.0076219998300075,-1145.10009765625,24.9000015258789,-911.700012207031,-2.06303814063723,-0.0717727487920239,0.0854500835173277,DLL
210.133333333333,-0.832016885280609,-1.06170380115509,9.86816310882568,0.0381099991500378,1.02897000312805,-0.137196004390717,-1161.90002441406,18.3000011444092,-916.500061035156,-2.06115980523529,-0.0826548924760931,0.102768586299679,DLL
210.166666666667,-0.0951047316193581,-1.30036282539368,8.74903678894043,-0.480185985565186,0.457319974899292,-0.945127964019775,-1140.30004882812,32.1000022888184,-887.700012207031,-2.05695228230142,-0.0257254010519135,0.139285177350143,DLL
210.2,-0.999496877193451,-0.846372306346893,8.29743957519531,-1.41006994247437,-0.129574000835419,-1.2500079870224,-1145.10009765625,30.3000011444092,-906.900024414062,-2.05609242982811,-0.100011520863653,0.111413249435603,DLL
210.233333333333,-1.94157207012177,-1.18611752986908,9.62651252746582,-1.80641400814056,0.274392008781433,0.381099998950958,-1130.70007324219,28.5000019073486,-909.300048828125,-2.055882810498,-0.178299912535516,0.122789124785359,DLL
210.266666666667,-1.38649535179138,-1.81356954574585,9.91122913360596,-2.70580983161926,-0.533540010452271,1.97409796714783,-1145.10009765625,23.1000003814697,-897.300048828125,-2.05348345283097,-0.144865387495647,0.172632560348042,DLL
210.3,-1.06529259681702,-2.25260639190674,9.85739612579346,-2.98020195960999,-2.0579400062561,3.73477983474731,-1147.5,31.5000019073486,-892.500061035156,-2.05860281277351,-0.109873508128,0.219564409955138,DLL
210.333333333333,-1.24772620201111,-2.52416324615479,9.41477012634277,-1.41769194602966,-1.82165801525116,5.05338573455811,-1145.10009765625,32.7000007629395,-902.100036621094,-2.06810884045754,-0.123601406845112,0.255935239290945,DLL
210.366666666667,-0.537132382392883,-3.42496657371521,9.54755783081055,-0.907018005847931,-1.45580196380615,5.22869205474854,-1140.30004882812,31.5000019073486,-875.700012207031,-2.07394766622021,-0.0674966191470585,0.327258205994892,DLL
210.4,0.811081886291504,-3.5691192150116,8.14610958099365,-1.47104597091675,-2.20275783538818,3.07928800582886,-1147.5,35.7000007629395,-899.700012207031,-2.08305202559576,0.0655369082169726,0.400816508020632,DLL
210.433333333333,-0.360680222511292,-2.88962864875793,9.36811542510986,-0.533540010452271,-0.663114011287689,1.57775402069092,-1140.30004882812,33.3000030517578,-904.500061035156,-2.08495074412124,-0.0159676149013044,0.320533614235826,DLL
210.466666666667,0.300267785787582,-3.02660346031189,9.15577411651611,0.37347799539566,-0.327746003866196,1.50915598869324,-1157.10009765625,35.1000022888184,-899.700012207031,-2.08848615648514,0.0214107065457907,0.319024691053553,DLL
210.5,-0.196789041161537,-2.42726421356201,8.91831207275391,0.960371971130371,-1.14329993724823,0.724089980125427,-1140.30004882812,33.9000015258789,-902.100036621094,-2.09079743596855,-0.0123841088397848,0.273877877363752,DLL
210.533333333333,0.30923992395401,-2.48109698295593,8.1245756149292,0.708845973014832,-0.701223969459534,0.274392008781433,-1149.90002441406,41.1000022888184,-892.500061035156,-2.09215232396181,0.0295759460948457,0.291814385270413,DLL
210.566666666667,-0.625059425830841,-2.13776302337646,10.3837623596191,0.335367977619171,-0.525918006896973,0.716467976570129,-1145.10009765625,32.7000007629395,-902.100036621094,-2.09473238354049,-0.0435319754103633,0.217508927168888,DLL
210.6,0.401353925466537,-2.78914070129395,9.68632698059082,-0.586893975734711,-1.34909391403198,0.586893975734711,-1140.30004882812,27.9000015258789,-894.900024414062,-2.09631738622252,0.0245909488818305,0.268512212673785,DLL
210.633333333333,-0.596348524093628,-2.44042325019836,9.56370830535889,-0.449698001146317,0.137196004390717,0.609759986400604,-1157.10009765625,38.7000007629395,-906.900024414062,-2.09778017452924,-0.0446083408138911,0.254044487380317,DLL
210.666666666667,-0.174059599637985,-3.11512851715088,9.76468372344971,0.0457319989800453,1.10518991947174,1.01372599601746,-1152.30004882812,33.9000015258789,-897.300048828125,-2.09791601795444,-0.0235804520914866,0.299529086652686,DLL
210.7,0.515001118183136,-2.94465780258179,7.97444200515747,-0.289635986089706,-0.457319974899292,-0.198172003030777,-1140.30004882812,38.1000022888184,-904.500061035156,-2.09832224306941,0.0471042494804534,0.345053024100717,DLL
210.733333333333,-0.404942780733109,-2.26935434341431,8.40271282196045,1.02134799957275,0.487807989120483,0.78506600856781,-1159.5,34.5,-911.700012207031,-2.09930373191279,-0.0317681947862143,0.275998338638751,DLL
210.766666666667,-1.48698341846466,-1.97746062278748,10.5757656097412,2.69818782806396,1.64635193347931,1.37958192825317,-1133.10009765625,35.1000022888184,-890.100036621094,-2.10695002276056,-0.120011594453476,0.198435097226447,DLL
210.8,-0.0544310100376606,-2.35608506202698,9.39862060546875,2.44666194915771,0.106707997620106,0.685979962348938,-1142.70007324219,31.5000019073486,-902.100036621094,-2.10547186111364,-0.027740509450581,0.233237994121557,DLL
210.833333333333,-0.472532957792282,-1.47561872005463,8.75741100311279,1.31098401546478,-1.17378795146942,0.396344006061554,-1140.30004882812,42.3000030517578,-909.300048828125,-2.10884072304739,-0.046549130729919,0.178454955290282,DLL
210.866666666667,-1.02342259883881,-1.56115317344666,10.5326995849609,1.17378795146942,-0.586893975734711,1.76068198680878,-1130.70007324219,36.9000015258789,-902.100036621094,-2.11464091401225,-0.085475168521033,0.151668863569398,DLL
210.9,0.110058307647705,-2.10965037345886,9.86696624755859,0.846041977405548,-0.83841997385025,1.98171997070312,-1140.30004882812,34.5,-892.500061035156,-2.11723232033399,-0.0079206964119912,0.197505296159955,DLL
210.933333333333,-0.449205368757248,-1.98045134544373,8.99726676940918,0.617381989955902,0.640248000621796,0.914639949798584,-1140.30004882812,34.5,-906.900024414062,-2.11864568075816,-0.0421218913305175,0.212120133260854,DLL
210.966666666667,0.0059814294800162,-2.179034948349,8.01451778411865,0.213415995240211,1.2576299905777,0.434453994035721,-1137.90002441406,31.5000019073486,-897.300048828125,-2.11783980188549,-0.0092947157605115,0.255044014803463,DLL
211.0,-1.38948607444763,-1.66822075843811,8.53011703491211,1.11281192302704,1.2347639799118,0.586893975734711,-1135.5,30.9000015258789,-906.900024414062,-2.12197063153705,-0.131993741806001,0.203544911495082,DLL
211.033333333333,-0.867307305335999,-2.13596844673157,9.84304046630859,1.02897000312805,0.205793991684914,0.518296003341675,-1130.70007324219,36.9000015258789,-909.300048828125,-2.122013649858,-0.0956183806203112,0.210159688613653,DLL
211.066666666667,-1.40443968772888,-1.82852303981781,10.3849582672119,1.2423859834671,-0.480185985565186,0.266770005226135,-1133.10009765625,30.3000011444092,-902.100036621094,-2.125848602005,-0.12441838970591,0.179763029372586,DLL
211.1,-0.779380261898041,-1.62754702568054,8.93864822387695,1.40244793891907,-0.434453994035721,0.434453994035721,-1145.10009765625,38.1000022888184,-902.100036621094,-2.12684338451259,-0.0929110598044167,0.178017561613119,DLL
211.133333333333,-0.382213354110718,-1.77349388599396,9.31906795501709,0.121951997280121,-0.731711983680725,0.754577994346619,-1133.10009765625,41.7000007629395,-897.300048828125,-2.12827641051696,-0.0500696719024562,0.185801112345746,DLL
211.166666666667,0.205761179327965,-1.77768087387085,8.88960075378418,-1.2576299905777,-2.21037983894348,0.647870004177094,-1154.70007324219,35.1000022888184,-914.100036621094,-2.13055029738005,0.0108714342261799,0.196792924602658,DLL
211.2,0.570030272006989,-2.08393001556396,8.51217269897461,-0.685979962348938,-2.94971394538879,1.38720393180847,-1133.10009765625,32.1000022888184,-906.900024414062,-2.13645321500192,0.0583244781016702,0.232952031881313,DLL
211.233333333333,0.0376830063760281,-2.11742615699768,10.015305519104,0.213415995240211,-1.76068198680878,1.00610399246216,-1137.90002441406,31.5000019073486,-902.100036621094,-2.1390579228071,0.0155962924965442,0.212499637097017,DLL
211.266666666667,0.123815596103668,-1.76990509033203,9.62770938873291,0.442075997591019,-2.23324584960938,0.632625997066498,-1164.30004882812,30.3000011444092,-899.700012207031,-2.14112641104378,0.0161257834503718,0.18739822142879,DLL
211.3,0.253612607717514,-1.79622340202332,8.43919944763184,-0.167683988809586,-0.967993974685669,1.34147191047668,-1154.70007324219,31.5000019073486,-887.700012207031,-2.14497986663143,0.0276649655389276,0.205496888269646,DLL
211.333333333333,0.0041870009154081,-1.5802937746048,9.28557109832764,-1.00610399246216,0.0076219998300075,2.08842802047729,-1152.30004882812,35.1000022888184,-906.900024414062,-2.14961653033942,0.0044458357372154,0.176269035454067,DLL
211.366666666667,0.226696193218231,-1.81596207618713,9.91122913360596,-0.518296003341675,-0.297257989645004,2.11891603469849,-1142.70007324219,35.7000007629395,-894.900024414062,-2.15458216573457,0.0187363296429341,0.180979794735774,DLL
211.4,-0.0735715851187706,-1.79682147502899,9.54157638549805,0.495429992675781,0.533540010452271,1.6768399477005,-1142.70007324219,37.5,-902.100036621094,-2.1581913134112,-0.0034276073223888,0.184416652819166,DLL
211.433333333333,-0.0986935868859291,-1.95473122596741,10.1175880432129,0.983237981796265,1.04421401023865,0.0076219998300075,-1147.5,33.9000015258789,-904.500061035156,-2.15772329876463,-0.0097697460905942,0.188185372068467,DLL
211.466666666667,-0.238659039139748,-1.53363859653473,9.12227821350098,1.12043392658234,0.564027965068817,-0.724089980125427,-1149.90002441406,35.1000022888184,-897.300048828125,-2.15611824774726,-0.0231637523031077,0.169380177869174,DLL
211.5,-0.832016885280609,-1.16996765136719,9.96984672546387,1.49391198158264,0.990859985351562,-0.266770005226135,-1145.10009765625,35.7000007629395,-890.100036621094,-2.1571046362644,-0.0720188445856495,0.125404169191052,DLL
211.533333333333,0.226696193218231,-1.51270353794098,9.63189601898193,1.36433792114258,0.243903994560242,-0.274392008781433,-1137.90002441406,36.3000030517578,-904.500061035156,-2.15552567903894,0.0037425807619886,0.14778896073274,DLL
211.566666666667,0.348717361688614,-1.57491040229797,8.58753871917725,0.769822001457214,1.17378795146942,-2.17227005958557,-1145.10009765625,27.3000011444092,-897.300048828125,-2.15063361984926,0.0315152516182768,0.173463287451039,DLL
211.6,1.04495573043823,-2.39795517921448,8.38476848602295,-0.510673999786377,2.05031800270081,-3.803377866745,-1130.70007324219,39.3000030517578,-902.100036621094,-2.14651638859717,0.10003245655954,0.257470646431167,DLL
211.633333333333,0.816465139389038,-2.54689288139343,9.09416580200195,-0.78506600856781,1.98934197425842,-7.36285161972046,-1137.90002441406,33.9000015258789,-911.700012207031,-2.13002487716106,0.0890344658458783,0.270032863073348,DLL
211.666666666667,-0.852353751659393,-2.40453481674194,10.5572233200073,1.63872992992401,2.40855193138123,-10.0381736755371,-1133.10009765625,35.1000022888184,-904.500061035156,-2.1054538876409,-0.0445729123600371,0.231036834197364,DLL
211.7,-0.596348524093628,-2.74547624588013,9.85021877288818,1.90549993515015,2.29422187805176,-11.1662302017212,-1152.30004882812,31.5000019073486,-899.700012207031,-2.07746261728882,-0.054736555597448,0.261771814434962,DLL
211.733333333333,-0.499449372291565,-2.62524938583374,9.42434024810791,1.2500079870224,2.20275783538818,-11.8293437957764,-1147.5,23.1000003814697,-909.300048828125,-2.04845638976369,-0.0503137434409937,0.268905133273942,DLL
211.766666666667,-1.21363210678101,-1.47621691226959,9.37050819396973,2.11891603469849,2.21037983894348,-10.5107374191284,-1135.5,26.1000003814697,-911.700012207031,-2.02956946077741,-0.113644605853664,0.174899085036013,DLL
211.8,-1.10417187213898,-1.64668762683868,8.96377086639404,2.72105383872986,1.58537602424622,-7.41620588302612,-1147.5,19.5,-916.500061035156,-2.01003762557574,-0.119701404103217,0.177850960575898,DLL
211.833333333333,-0.568235814571381,-1.56055498123169,9.17790603637695,2.44666194915771,1.11281192302704,-5.16771602630615,-1128.30004882812,24.3000011444092,-909.300048828125,-1.99835837970109,-0.0730804988367616,0.16757138827401,DLL
211.866666666667,-0.540721237659454,-1.43673944473267,9.67675685882568,2.24086785316467,0.358233988285065,-4.5808219909668,-1145.10009765625,21.9000015258789,-916.500061035156,-1.98872080250942,-0.0583177968859269,0.14873523717034,DLL
211.9,-0.0221312902867794,-1.49595558643341,9.31607723236084,1.85976791381836,-0.327746003866196,-3.08691000938416,-1145.10009765625,23.7000007629395,-916.500061035156,-1.98101415479613,-0.0111906121882417,0.154805408828994,DLL
211.933333333333,-0.489879101514816,-1.04734838008881,9.47637939453125,2.24086785316467,0.907018005847931,-2.75916385650635,-1152.30004882812,20.1000003814697,-916.500061035156,-1.97518185035789,-0.0444985444713332,0.115536922166679,DLL
211.966666666667,-0.662742435932159,-1.30275535583496,8.9715461730957,1.91312193870544,1.59299790859222,-1.48628997802734,-1154.70007324219,17.1000003814697,-918.900024414062,-1.96963029878271,-0.069884138644269,0.136485349354745,DLL
212.0,-0.64838695526123,-1.18910825252533,8.60488510131836,0.327746003866196,1.09756803512573,-1.46342396736145,-1145.10009765625,20.1000003814697,-926.100036621094,-1.96587313675393,-0.0748104836387869,0.136858563869154,DLL
212.033333333333,-0.871494293212891,-1.13348090648651,8.97094821929932,-0.457319974899292,0.945127964019775,-0.724089980125427,-1130.70007324219,21.9000015258789,-916.500061035156,-1.96466723719393,-0.0932391644913331,0.1285598917427,DLL
212.066666666667,-1.44571161270142,-1.62096750736237,9.94951057434082,0.213415995240211,1.89787793159485,-0.175305992364883,-1125.90002441406,18.3000011444092,-926.100036621094,-1.96046436973324,-0.136311658791869,0.155369249892238,DLL
212.1,-1.29976463317871,-1.58747148513794,10.3592376708984,0.304879993200302,1.74543797969818,-0.533540010452271,-1125.90002441406,14.1000003814697,-916.500061035156,-1.95894192212555,-0.128284586432103,0.152446194501437,DLL
212.133333333333,-0.884653449058533,-1.49117040634155,9.82330226898193,0.297257989645004,-0.167683988809586,-0.800309956073761,-1121.10009765625,16.5,-928.500061035156,-1.95725258598459,-0.0958856402225896,0.15068961656152,DLL
212.166666666667,-0.925327181816101,-1.41580438613892,8.82859039306641,0.510673999786377,-0.525918006896973,-0.670735955238342,-1130.70007324219,23.7000007629395,-909.300048828125,-1.95515861137855,-0.100867634997433,0.156791487216652,DLL
212.2,-1.3721399307251,-1.39905643463135,8.59471607208252,0.571649968624115,0.564027965068817,-0.609759986400604,-1128.30004882812,15.3000001907349,-933.300048828125,-1.9528712919285,-0.147651132315395,0.159905700576338,DLL
212.233333333333,-1.50074076652527,-1.47502052783966,9.93635082244873,0.487807989120483,0.182927995920181,-0.228659987449646,-1123.5,19.5,-914.100036621094,-1.95369535590829,-0.14839629406146,0.148963152174014,ST
212.266666666667,-0.846970438957214,-1.55995690822601,9.33820819854736,0.6250039935112,-1.47866797447205,-0.213415995240211,-1130.70007324219,15.9000005722046,-918.900024414062,-1.95196890334126,-0.0969832007519709,0.161862121142682,ST
212.3,-1.2297819852829,-1.35000872612,9.68273830413818,1.30336201190948,-1.11281192302704,-0.579271972179413,-1123.5,21.9000015258789,-911.700012207031,-1.95288833681325,-0.118691934526909,0.140632827676983,ST
212.333333333333,-0.566441416740417,-1.55876052379608,9.57626914978027,1.53202199935913,-1.57013201713562,-0.975615978240967,-1135.5,14.1000003814697,-909.300048828125,-1.94930143946482,-0.065979934618816,0.155771202122826,ST
212.366666666667,-0.0364867225289345,-1.32727921009064,8.59531402587891,1.2347639799118,-2.080806016922,-1.28811800479889,-1145.10009765625,20.7000007629395,-926.100036621094,-1.9471372455478,-0.0135004987424536,0.152056438317466,ST
212.4,0.420494496822357,-1.22021162509918,8.70238208770752,1.36433792114258,-1.37195992469788,-0.861285984516144,-1147.5,14.7000007629395,-923.700012207031,-1.94537510063726,0.0396834461697812,0.139452792764713,ST
212.433333333333,-0.175854027271271,-1.12869584560394,10.378378868103,1.41769194602966,-1.48628997802734,0.342989981174469,-1133.10009765625,14.7000007629395,-909.300048828125,-1.94627522122619,-0.0052675978435248,0.111503775240085,ST
212.466666666667,0.394176214933395,-1.3159145116806,10.106822013855,1.04421401023865,-1.82927989959717,0.152439996600151,-1133.10009765625,14.1000003814697,-921.300048828125,-1.9473259016044,0.0323076074858519,0.124405044716357,ST
212.5,0.942075192928314,-1.1556122303009,9.86158275604248,0.586893975734711,-1.57013201713562,0.274392008781433,-1142.70007324219,9.90000057220459,-904.500061035156,-1.94806098184016,0.084168369201052,0.117449377629236,ST
212.533333333333,0.828428030014038,-1.03179657459259,9.91302299499512,1.01372599601746,-1.11281192302704,0.861285984516144,-1164.30004882812,17.7000007629395,-916.500061035156,-1.9494726079404,0.0845915339332108,0.105182420415891,ST
212.566666666667,0.670518279075623,-1.01265609264374,9.38905048370361,1.18903195858002,-0.152439996600151,0.228659987449646,-1137.90002441406,18.3000011444092,-923.700012207031,-1.95035531942282,0.073231604855207,0.105364154143443,ST
212.6,-0.502440094947815,-0.571226537227631,9.49372482299805,1.50153398513794,0.594515979290009,0.335367977619171,-1145.10009765625,12.9000005722046,-909.300048828125,-1.95022414627844,-0.0281778650099767,0.0671626018904386,ST
212.633333333333,-1.08204066753387,-0.416307508945465,9.46621036529541,2.52288198471069,2.46190595626831,1.73781597614288,-1145.10009765625,11.7000007629395,-911.700012207031,-1.9549462701423,-0.099993378648199,0.044979024466944,ST
212.666666666667,-1.42358028888702,-0.181237325072289,9.82150745391846,3.10215401649475,2.65245604515076,2.10367202758789,-1142.70007324219,11.7000007629395,-923.700012207031,-1.96227846677596,-0.140476577437207,0.0180395026329763,ST
212.7,-1.50911474227905,-0.270958751440048,9.90464973449707,2.53050398826599,1.76830399036407,1.2500079870224,-1145.10009765625,8.70000076293945,-926.100036621094,-1.96381619346778,-0.151962974284694,0.021846589100102,ST
212.733333333333,-1.56474196910858,-0.160900458693504,10.7671718597412,1.48628997802734,0.807931959629059,0.472563982009888,-1130.70007324219,18.9000015258789,-918.900024414062,-1.96549306740438,-0.146980553382696,0.0141659673556285,ST
212.766666666667,-1.03239476680756,0.0281127188354731,9.84304046630859,0.716467976570129,-0.807931959629059,-0.320124000310898,-1125.90002441406,12.9000005722046,-918.900024414062,-1.96641675241624,-0.110006920384367,-0.0011796981647222,ST
212.8,-0.346922934055328,-0.116637878119946,8.3638334274292,0.228659987449646,-0.87652999162674,-0.320124000310898,-1128.30004882812,9.30000019073486,-914.100036621094,-1.964680384065,-0.0540490672646906,0.0106261045781926,ST
212.833333333333,-0.693845868110657,-0.101684302091599,8.45654487609863,-0.426831990480423,0.487807989120483,-1.15092194080353,-1133.10009765625,10.5,-921.300048828125,-1.9619662157396,-0.0769165380721727,0.0124491985685576,ST
212.866666666667,-1.07067596912384,0.0173461455851793,9.07681941986084,-0.419209986925125,0.548784017562866,-0.922261953353882,-1135.5,8.70000076293945,-926.100036621094,-1.96093423896176,-0.110012431698479,0.0017076357576346,ST
212.9,-0.346922934055328,-0.754258275032043,9.10971736907959,-0.815553963184357,-0.0304879993200302,-0.975615978240967,-1137.90002441406,7.50000047683716,-933.300048828125,-1.95316310508424,-0.0499670092949986,0.0703691550997613,ST
212.933333333333,-0.759641587734222,-0.715378999710083,10.0362405776978,-0.67835795879364,0.0228659994900227,-1.08232402801514,-1135.5,5.70000028610229,-916.500061035156,-1.95066963500129,-0.0701635558961656,0.0720422094764251,ST
212.966666666667,-0.546104550361633,-1.00188946723938,10.0715312957764,-0.823175966739655,-0.3125019967556,-1.12043392658234,-1125.90002441406,6.30000019073486,-928.500061035156,-1.94683141984392,-0.0566137761926116,0.0949343040419108,ST
213.0,-0.0203368607908487,-0.945065915584564,10.1092147827148,-1.17378795146942,-0.92988395690918,-1.11281192302704,-1130.70007324219,6.90000009536743,-933.300048828125,-1.94456522800582,-0.0115686445139867,0.0952396781626266,ST
213.033333333333,-0.257201462984085,-0.599339246749878,9.90345287322998,-0.37347799539566,-1.01372599601746,-1.08994603157043,-1125.90002441406,14.1000003814697,-914.100036621094,-1.94271807616215,-0.0215024690075739,0.0680036542564312,ST
213.066666666667,-0.464158952236176,-0.756052732467651,9.07083797454834,0.609759986400604,0.160062000155449,-0.221037998795509,-1135.5,14.1000003814697,-928.500061035156,-1.94173560954827,-0.0455629703635283,0.0794298524985235,ST
213.1,-0.964206457138062,-0.687864422798157,9.97164154052734,0.495429992675781,0.891773998737335,0.426831990480423,-1128.30004882812,14.1000003814697,-923.700012207031,-1.94309199894894,-0.0872472399439925,0.0702846028577516,ST
213.133333333333,-0.760837852954865,-0.571824669837952,9.46501445770264,0.25152599811554,-0.632625997066498,0.541162014007568,-1128.30004882812,8.10000038146973,-909.300048828125,-1.94517701504687,-0.0804936779453302,0.0616862821956152,ST
213.166666666667,-0.294286340475082,-0.942673325538635,9.51047325134277,-0.228659987449646,-1.08994603157043,-0.106707997620106,-1137.90002441406,11.7000007629395,-918.900024414062,-1.94332741490254,-0.0380968638087946,0.0925171323199582,ST
213.2,-0.142956167459488,-1.18611752986908,8.75860786437988,-0.3125019967556,-0.746955990791321,-0.594515979290009,-1137.90002441406,14.1000003814697,-909.300048828125,-1.94110658499816,-0.0189279624168646,0.127559974734453,ST
213.233333333333,-1.04256319999695,-1.28421294689178,9.63189601898193,-0.358233988285065,1.02897000312805,-0.617381989955902,-1135.5,11.1000003814697,-921.300048828125,-1.93907511404692,-0.0925007370733449,0.132257121882138,ST
213.266666666667,-0.97557121515274,-1.62515449523926,9.96685600280762,-1.18140995502472,0.221037998795509,-0.815553963184357,-1128.30004882812,9.90000057220459,-906.900024414062,-1.93478377212325,-0.095812386416587,0.158535992806627,ST
213.3,-1.69453907012939,-1.69693160057068,9.39383506774902,-1.2423859834671,0.853663980960846,-0.37347799539566,-1137.90002441406,7.50000047683716,-909.300048828125,-1.93156259230973,-0.162511019757906,0.176986178687464,ST
213.333333333333,-1.85484135150909,-1.63352847099304,10.1235694885254,-0.213415995240211,1.81403601169586,-0.114329993724823,-1121.10009765625,10.5,-926.100036621094,-1.93294573658585,-0.178762841536724,0.163256560056575,ST
213.366666666667,-1.99420869350433,-1.70470750331879,9.91900444030762,0.518296003341675,0.983237981796265,0.160062000155449,-1118.70007324219,13.5000009536743,-914.100036621094,-1.93178158622595,-0.19403108961682,0.168216521699968,ST
213.4,-1.52047944068909,-1.38350474834442,9.92618274688721,0.3125019967556,-0.221037998795509,0.0990860015153885,-1121.10009765625,15.3000001907349,-930.900024414062,-1.9362136282037,-0.159046166532373,0.143982755244548,ST
213.433333333333,-1.28241848945618,-0.925327181816101,8.53011703491211,0.777444005012512,-2.11891603469849,1.04421401023865,-1118.70007324219,12.3000001907349,-914.100036621094,-1.94393769152226,-0.14729980492632,0.112666960623692,ST
213.466666666667,-1.54141438007355,-1.01983380317688,9.53738975524902,1.19665396213531,-1.05945801734924,2.03507399559021,-1128.30004882812,18.9000015258789,-914.100036621094,-1.94975143721754,-0.155992878406749,0.105434928449332,ST
213.5,-0.342735916376114,-1.03239476680756,8.96975231170654,0.579271972179413,-1.54726600646973,1.47866797447205,-1135.5,12.3000001907349,-928.500061035156,-1.95278106548798,-0.0584310888654112,0.111877163402701,ST
213.533333333333,-0.0137572884559631,-0.878672003746033,8.92848014831543,0.213415995240211,-1.90549993515015,1.04421401023865,-1130.70007324219,8.70000076293945,-923.700012207031,-1.95601122881836,-0.0105129393718349,0.100535270318233,ST
213.566666666667,0.679490387439728,-1.03000223636627,8.62282943725586,-0.0,-1.57775402069092,0.632625997066498,-1135.5,9.30000019073486,-930.900024414062,-1.95823089330247,0.0623007746465275,0.115225548199561,ST
213.6,-0.208153754472733,-1.0335910320282,9.38426494598389,0.777444005012512,-0.304879993200302,0.967993974685669,-1133.10009765625,12.9000005722046,-914.100036621094,-1.96055787231743,-0.006681771140854,0.109601498264108,ST
213.633333333333,-0.733323276042938,-1.23636150360107,10.426230430603,0.967993974685669,0.25152599811554,0.967993974685669,-1145.10009765625,6.90000009536743,-916.500061035156,-1.96246516028772,-0.0575111627179115,0.114931201192329,ST
213.666666666667,-1.06290006637573,-0.717771589756012,10.4764738082886,1.08994603157043,-0.3125019967556,1.2347639799118,-1125.90002441406,7.50000047683716,-916.500061035156,-1.96806253254223,-0.0918631539609234,0.0761622960950602,ST
213.7,-0.496458679437637,-0.65735912322998,9.87294769287109,1.83690190315247,0.121951997280121,1.35671591758728,-1137.90002441406,3.90000009536743,-926.100036621094,-1.97180540575003,-0.0578915777791275,0.065446203331516,ST
213.733333333333,0.196190893650055,-1.07007777690887,9.02298641204834,1.27287399768829,-0.182927995920181,0.320124000310898,-1128.30004882812,6.30000019073486,-916.500061035156,-1.97144869553854,0.005759866870724,0.105666142772121,ST
213.766666666667,0.0311034340411425,-0.932504892349243,9.23831844329834,0.350611984729767,-0.975615978240967,-0.701223969459534,-1128.30004882812,19.5,-930.900024414062,-1.97005317832348,0.005288065597267,0.101125978813896,ST
213.8,0.43425178527832,-0.833213150501251,9.16474628448486,-0.0685980021953583,-1.265251994133,-0.945127964019775,-1135.5,10.5,-923.700012207031,-1.96797422560942,0.0406004408150351,0.0928409617148579,ST
213.833333333333,0.132189601659775,-0.742893576622009,9.38247108459473,1.14329993724823,-0.0762199983000755,0.0685980021953583,-1133.10009765625,9.90000057220459,-911.700012207031,-1.96785725439905,0.0186025134460537,0.0796755060087981,ST
213.866666666667,-0.56763768196106,-0.641807436943054,9.56011867523193,1.87501192092896,0.78506600856781,0.381099998950958,-1137.90002441406,8.10000038146973,-904.500061035156,-1.96876282711478,-0.0464337280896472,0.0666010255533507,ST
213.9,-1.32727921009064,0.135778456926346,10.3676118850708,2.27897787094116,0.586893975734711,0.37347799539566,-1133.10009765625,9.30000019073486,-918.900024414062,-1.97478890500321,-0.114622049652168,-0.0029579075232932,ST
213.933333333333,-1.07665729522705,0.0968991592526436,9.87234973907471,1.45580196380615,-0.617381989955902,0.327746003866196,-1116.30004882812,12.3000001907349,-916.500061035156,-1.97599824723141,-0.108968417479882,-0.010512234918173,ST
213.966666666667,-1.42298209667206,0.264977335929871,9.36871337890625,0.411587983369827,0.0914639979600906,0.899396002292633,-1125.90002441406,9.30000019073486,-918.900024414062,-1.97980724395285,-0.142370581722378,-0.0254146397081138,ST
214.0,-1.03119850158691,-0.238060906529427,9.86337757110596,-0.37347799539566,0.3125019967556,0.663114011287689,-1121.10009765625,12.9000005722046,-906.900024414062,-1.97633726659517,-0.111868235624411,0.0151803897021265,ST
214.033333333333,-0.525169551372528,-0.56464695930481,8.55882740020752,-1.05183601379395,-0.0762199983000755,0.617381989955902,-1130.70007324219,3.90000009536743,-928.500061035156,-1.97414681077502,-0.0713287458224558,0.0570861710008341,ST
214.066666666667,-1.04914271831512,-0.1722651720047,9.65462589263916,-0.655492007732391,0.579271972179413,-0.152439996600151,-1130.70007324219,9.90000057220459,-926.100036621094,-1.97649465896151,-0.101599812281468,0.0267150711982684,ST
214.1,-1.02820777893066,-0.473729223012924,9.68752384185791,0.0152439996600151,0.655492007732391,-0.335367977619171,-1128.30004882812,5.10000038146973,-904.500061035156,-1.97373202991376,-0.105823735472742,0.0449405239346316,NLR
214.133333333333,-1.10716259479523,-0.86491471529007,10.5763635635376,-0.503051996231079,-0.0609759986400604,-1.57775402069092,-1128.30004882812,8.10000038146973,-923.700012207031,-1.966785480556,-0.104065391437076,0.0760144393935492,NLR
214.166666666667,0.145946890115738,-1.10716259479523,9.63309288024902,-1.34147191047668,-0.800309956073761,-2.41617393493652,-1140.30004882812,12.9000005722046,-899.700012207031,-1.95943181134552,-0.0047598914214388,0.109660622581102,NLR
214.2,0.257799625396729,-1.13049018383026,9.2048225402832,-0.640248000621796,-0.503051996231079,-4.10063600540161,-1140.30004882812,7.50000047683716,-926.100036621094,-1.95025673038491,0.0226006371855098,0.120496164343386,NLR
214.233333333333,0.974374890327454,-2.30225229263306,9.97881889343262,0.403965979814529,1.42531394958496,-7.00461769104004,-1135.5,11.1000003814697,-918.900024414062,-1.9381320629925,0.0801076053383151,0.20405701974656,NLR
214.266666666667,1.2058562040329,-2.33215951919556,9.87713527679443,1.70732796192169,2.0579400062561,-12.4772138595581,-1123.5,12.9000005722046,-940.500061035156,-1.91120655540058,0.111530797641933,0.222092248584427,NLR
214.3,-0.465355217456818,-1.338045835495,8.18558692932129,4.01679372787476,2.12653803825378,-16.6998023986816,-1113.90002441406,0.900000035762787,-928.500061035156,-1.86697947348617,-0.0265669718894528,0.165875045913068,NLR
214.333333333333,-1.83749520778656,-1.28062415122986,9.25506591796875,4.85521411895752,2.88873791694641,-15.6936979293823,-1101.90002441406,7.50000047683716,-923.700012207031,-1.83178813216525,-0.161141570878444,0.139188347153184,NLR
214.366666666667,-2.72334504127502,-0.928317904472351,10.5578212738037,4.46649169921875,2.30946588516235,-14.3446035385132,-1106.70007324219,2.70000004768372,-926.100036621094,-1.80534961629308,-0.234375267054119,0.0963293539848515,NLR
214.4,-1.37094366550446,-0.001794428913854,8.31657981872559,2.43903994560242,-0.37347799539566,-10.8079957962036,-1099.5,0.300000011920929,-930.900024414062,-1.79570056521047,-0.176609389558893,0.0189342236936232,NLR
214.433333333333,-1.17415463924408,-0.712986409664154,9.08459568023682,2.53812599182129,0.0838419944047928,-8.17078399658203,-1089.90002441406,-5.10000038146973,-926.100036621094,-1.7669814395975,-0.135803002343107,0.0665398928721912,NLR
214.466666666667,-1.19269704818726,-0.250023752450943,10.9017534255981,2.62196803092957,-0.274392008781433,-7.20278978347778,-1092.30004882812,-0.900000035762787,-926.100036621094,-1.75443832680981,-0.113560868820519,0.0292429644638069,NLR
214.5,0.107067592442036,-0.0346922911703587,9.06844520568848,2.18751406669617,-2.10367202758789,-6.19668579101562,-1094.70007324219,-4.5,-914.100036621094,-1.74093903244477,-0.008887578369593,0.0059214425227785,NLR
214.533333333333,-0.123217448592186,-0.0747678726911545,8.44338607788086,2.9268479347229,-1.33385002613068,-4.88570165634155,-1089.90002441406,-1.5,-918.900024414062,-1.72963989960741,-0.0115517309201524,0.0042567312604253,NLR
214.566666666667,-1.07785367965698,-0.30325847864151,10.2695169448853,2.04269599914551,0.160062000155449,-3.39178991317749,-1085.10009765625,-6.90000009536743,-921.300048828125,-1.71966076863881,-0.090027316671531,0.0228476654250344,NLR
214.6,-0.708201289176941,-0.0334960073232651,10.438193321228,1.2576299905777,-0.25152599811554,-2.73629784584045,-1082.70007324219,2.70000004768372,-911.700012207031,-1.7145358703173,-0.0718383376420211,0.0057029365511119,NLR
214.633333333333,-1.75375521183014,-0.668125689029694,11.6458435058594,0.480185985565186,1.53202199935913,-0.777444005012512,-1085.10009765625,-10.5,-926.100036621094,-1.70262175670045,-0.151818500537922,0.0567000291813325,NLR
214.666666666667,-1.1998747587204,-0.22011661529541,10.5075778961182,0.419209986925125,-0.754577994346619,0.182927995920181,-1085.10009765625,-1.5,-911.700012207031,-1.70694209505741,-0.120332602107033,0.0275044704204913,NLR
214.7,-0.357689499855042,-0.295482635498047,8.66649341583252,0.358233988285065,-1.10518991947174,0.92988395690918,-1085.10009765625,-9.90000057220459,-916.500061035156,-1.70866845618677,-0.0556789179726738,0.0321683506647917,NLR
214.733333333333,-0.028710862621665,-0.500645637512207,8.06416320800781,-0.0,-0.571649968624115,1.30336201190948,-1094.70007324219,-8.70000076293945,-923.700012207031,-1.71090349528258,-0.0133596705736748,0.0559450924369448,NLR
214.766666666667,-0.550889670848846,-0.0598142966628075,9.89627552032471,0.381099998950958,0.0457319989800453,0.746955990791321,-1092.30004882812,-8.10000038146973,-921.300048828125,-1.71381489219471,-0.047188683585126,0.0155544144724552,NLR
214.8,0.0299071483314037,0.0011962859425693,8.63419342041016,0.868907988071442,-1.06708002090454,1.60824191570282,-1075.5,-3.90000009536743,-916.500061035156,-1.71784810007989,-0.0052781925326994,0.0017717921778167,NLR
214.833333333333,-0.148339450359344,-0.461168229579926,8.43620872497559,1.76068198680878,0.0228659994900227,1.73781597614288,-1073.10009765625,-7.50000047683716,-930.900024414062,-1.72140147525814,-0.0151830724239003,0.0414692508175048,NLR
214.866666666667,-0.742295444011688,0.19798532128334,10.3789768218994,2.04269599914551,-0.350611984729767,2.16464805603027,-1087.5,-8.70000076293945,-921.300048828125,-1.72813860791805,-0.0595866977760418,-0.0098072569485589,NLR
214.9,-0.503038227558136,0.195592746138573,8.9715461730957,2.43141794204712,-1.28049600124359,2.5076379776001,-1092.30004882812,-12.9000005722046,-909.300048828125,-1.7342873934021,-0.0548732482113788,-0.022963418645807,NLR
214.933333333333,-1.07486295700073,0.787156164646149,10.0739240646362,2.13416004180908,-0.609759986400604,2.0731840133667,-1092.30004882812,-5.70000028610229,-909.300048828125,-1.74232605182193,-0.0952586943877661,-0.0707384125343425,NLR
214.966666666667,-0.547300815582275,0.87089616060257,10.1116065979004,1.91312193870544,-1.18140995502472,2.21037983894348,-1094.70007324219,-11.7000007629395,-916.500061035156,-1.74829689602371,-0.0593251091367423,-0.0861654636377309,NLR
215.0,0.181237325072289,0.513206660747528,9.16235446929932,1.87501192092896,-0.655492007732391,1.77592599391937,-1094.70007324219,-18.9000015258789,-909.300048828125,-1.75155605206848,0.004875569817234,-0.0646995106005843,NLR
215.033333333333,0.149535745382309,0.996506214141846,9.86277961730957,1.78354799747467,-0.327746003866196,0.487807989120483,-1113.90002441406,-7.50000047683716,-916.500061035156,-1.75236607830224,0.0135383548393927,-0.0959167816744914,NLR
215.066666666667,-0.525767683982849,0.968991637229919,9.41058349609375,1.82165801525116,-0.571649968624115,0.960371971130371,-1087.5,-20.1000003814697,-911.700012207031,-1.75461358066501,-0.0422267555102268,-0.104059369934625,NLR
215.1,-0.238659039139748,0.863718450069427,9.85081672668457,1.29574000835419,-0.472563982009888,0.655492007732391,-1094.70007324219,-11.7000007629395,-909.300048828125,-1.75550923229863,-0.0270351906809437,-0.092633772225734,NLR
215.133333333333,0.0131591456010938,1.38051402568817,9.14680194854736,1.2423859834671,-1.89025592803955,0.426831990480423,-1089.90002441406,-13.5000009536743,-906.900024414062,-1.75661988166203,-0.0016398877730838,-0.140005803531727,NLR
215.166666666667,0.138769164681435,1.22439861297607,8.66051197052002,1.03659200668335,-1.30336201190948,0.960371971130371,-1113.90002441406,-10.5,-916.500061035156,-1.7584459463345,0.0145570676420459,-0.141819107438975,NLR
215.2,-0.204564899206161,1.07127404212952,9.12287616729736,0.792688012123108,0.0,0.960371971130371,-1099.5,-11.1000003814697,-897.300048828125,-1.76063829452053,-0.014674823689365,-0.123032006645228,NLR
215.233333333333,-1.03299295902252,1.24772620201111,11.0530843734741,0.579271972179413,0.221037998795509,1.57775402069092,-1106.70007324219,-13.5000009536743,-899.700012207031,-1.7638986862434,-0.076932394488195,-0.115501629557818,NLR
215.266666666667,-1.02103006839752,1.50373148918152,10.09485912323,0.769822001457214,0.152439996600151,1.15092194080353,-1099.5,-15.9000005722046,-914.100036621094,-1.76873587379242,-0.0951203716213845,-0.142550473503078,NLR
215.3,-0.927121579647064,0.980954468250275,8.13833332061768,0.815553963184357,1.12805593013763,1.05945801734924,-1106.70007324219,-21.9000015258789,-904.500061035156,-1.76957967243319,-0.110467199200661,-0.125831027829175,NLR
215.333333333333,-1.86381351947784,0.978561878204346,11.2899484634399,-0.182927995920181,1.08994603157043,0.167683988809586,-1101.90002441406,-17.7000007629395,-921.300048828125,-1.76607257647335,-0.15456678456455,-0.0937782356021513,NLR
215.366666666667,-1.0575168132782,1.30275535583496,9.6761589050293,-0.777444005012512,-1.05945801734924,0.327746003866196,-1106.70007324219,-8.70000076293945,-909.300048828125,-1.77096820463582,-0.115810464301822,-0.124747428183332,NLR
215.4,-0.174657747149467,0.788352429866791,8.37280559539795,-0.983237981796265,-1.29574000835419,0.350611984729767,-1094.70007324219,-9.30000019073486,-894.900024414062,-1.76960992673769,-0.0381028397433588,-0.0987298563356277,NLR
215.433333333333,-0.506028950214386,1.02461886405945,9.87234973907471,-1.07470202445984,-0.891773998737335,-0.259148001670837,-1101.90002441406,-15.3000001907349,-899.700012207031,-1.76895397536497,-0.0475348850655511,-0.101045975096889,NLR
215.466666666667,-0.266771763563156,1.11194777488708,9.95250129699707,-0.0914639979600906,-0.960371971130371,-0.0304879993200302,-1097.10009765625,-4.5,-916.500061035156,-1.76895814023337,-0.0290005780331267,-0.109303698865214,NLR
215.5,0.476121813058853,1.1837249994278,9.35734844207764,0.228659987449646,-0.762199997901917,-0.891773998737335,-1094.70007324219,-7.50000047683716,-916.500061035156,-1.76637371949765,0.0388608538379634,-0.123596134237215,NLR
215.533333333333,-0.147741317749023,1.66104304790497,9.46321964263916,0.815553963184357,0.182927995920181,-2.71343183517456,-1099.5,-5.70000028610229,-909.300048828125,-1.75958063647044,-0.0052663206975677,-0.164825890710452,NLR
215.566666666667,-1.03897428512573,1.48459088802338,10.306601524353,0.663114011287689,0.92988395690918,-2.28659987449646,-1097.10009765625,-6.30000019073486,-918.900024414062,-1.75356938568138,-0.0844619415519189,-0.147750365602712,NLR
215.6,-1.02282452583313,1.36496222019196,9.60378360748291,-0.0076219998300075,0.701223969459534,-1.49391198158264,-1099.5,-9.90000057220459,-914.100036621094,-1.74969666247628,-0.10268325883708,-0.142152973582814,NLR
215.633333333333,-0.591563403606415,0.865512907505035,9.31667518615723,-0.541162014007568,0.0,-1.13567793369293,-1092.30004882812,-17.1000003814697,-906.900024414062,-1.74370314280329,-0.071307534831818,-0.101700280842053,NLR
215.666666666667,-0.413316786289215,0.652574002742767,9.13244724273682,-0.891773998737335,-0.289635986089706,-2.46190595626831,-1094.70007324219,-13.5000009536743,-926.100036621094,-1.73581890119959,-0.0491132609703269,-0.0745937927828301,NLR
215.7,-0.509617805480957,0.916355013847351,10.0906715393066,-0.198172003030777,-0.0838419944047928,-3.16313004493713,-1080.30004882812,-15.3000001907349,-921.300048828125,-1.72875540409227,-0.0503097644717839,-0.0872047286521019,NLR
215.733333333333,-0.429466664791107,0.857138872146606,9.93694877624512,0.807931959629059,-0.663114011287689,-2.57623600959778,-1089.90002441406,-6.90000009536743,-909.300048828125,-1.72225679635323,-0.0437050490233711,-0.0872378434543404,NLR
215.766666666667,-0.260192185640335,0.904392182826996,9.5146598815918,0.487807989120483,-0.670735955238342,-2.70580983161926,-1082.70007324219,-18.3000011444092,-916.500061035156,-1.71553906433646,-0.029372077435537,-0.0940800112714736,NLR
215.8,-0.236266478896141,0.994711756706238,9.91960334777832,0.342989981174469,-0.3125019967556,-1.89787793159485,-1075.5,-10.5,-906.900024414062,-1.71096865353273,-0.0245272643802967,-0.099317563313055,NLR
215.833333333333,0.110656447708607,0.519188106060028,9.20362567901611,0.0533539988100529,-0.480185985565186,-1.21951997280121,-1097.10009765625,-17.1000003814697,-899.700012207031,-1.70774497063112,0.0051785826335374,-0.0650756483235225,NLR
215.866666666667,-0.325987905263901,0.430662930011749,9.30531024932861,-0.403965979814529,-0.0914639979600906,-0.891773998737335,-1068.30004882812,-10.5,-916.500061035156,-1.7055220472824,-0.0268308047284778,-0.0494620184728828,NLR
215.9,-2.48588228225708,1.21243584156036,9.92498588562012,-1.65397393703461,0.0304879993200302,2.0655620098114,-1073.10009765625,-10.5,-911.700012207031,-1.71758298582202,-0.204450189753784,-0.106213327942855,NLR
215.933333333333,-2.21611976623535,0.182433605194092,8.64555835723877,-4.2149658203125,-0.708845973014832,7.85828161239624,-1094.70007324219,-8.10000038146973,-911.700012207031,-1.72188922355607,-0.240533885588608,-0.0340629233634127,NLR
215.966666666667,-0.700425446033478,-0.999496877193451,9.04631423950195,-5.80796384811401,0.213415995240211,12.0961141586304,-1092.30004882812,-11.1000003814697,-918.900024414062,-1.73042242153139,-0.111458528552582,0.0868845346119345,NLR
216.0,-0.0634031519293785,-2.09170603752136,9.37290000915527,-5.33540010452271,0.236281991004944,12.9802656173706,-1085.10009765625,-1.5,-906.900024414062,-1.75273060647144,-0.0312121556302509,0.199171731065105,NLR
216.033333333333,0.669920146465302,-2.15032386779785,10.3700046539307,-3.83386588096619,0.152439996600151,9.16164398193359,-1099.5,-6.30000019073486,-930.900024414062,-1.77457048797825,0.0433628771743163,0.209285903770819,NLR
216.066666666667,-0.170470744371414,-1.35898077487946,10.6900110244751,-1.31860601902008,0.129574000835419,6.55491971969604,-1089.90002441406,-1.5,-914.100036621094,-1.78900091509609,-0.0069269207701639,0.143248042989597,NLR
216.1,-0.282921612262726,-1.39786016941071,9.82988166809082,-0.388722002506256,-0.487807989120483,5.75461006164551,-1099.5,-5.70000028610229,-911.700012207031,-1.80230228548609,-0.024600930041344,0.142050944638827,NLR
216.133333333333,-0.655564725399017,-0.759641587734222,9.24250507354736,0.487807989120483,-0.358233988285065,3.84148788452148,-1101.90002441406,-4.5,-928.500061035156,-1.81322420912749,-0.0613958503069994,0.0932100002777565,NLR
216.166666666667,-1.17415463924408,-0.651975810527802,9.45424747467041,0.891773998737335,-0.106707997620106,4.07014799118042,-1109.10009765625,0.300000011920929,-916.500061035156,-1.82419704137984,-0.111081591432843,0.0720192231408307,NLR
216.2,-1.03179657459259,-0.644798099994659,9.4315185546875,0.579271972179413,-0.419209986925125,4.64179801940918,-1099.5,1.5,-923.700012207031,-1.83521062010835,-0.109054475858944,0.0674958246509019,NLR
216.233333333333,-0.997702479362488,-0.657957255840302,9.4727897644043,0.37347799539566,-0.891773998737335,4.5808219909668,-1101.90002441406,1.5,-928.500061035156,-1.84664452312957,-0.104577681120263,0.0677776782792857,NLR
216.266666666667,-0.629246413707733,-0.601133704185486,10.0541849136353,0.190549999475479,-1.22714197635651,4.47411394119263,-1101.90002441406,-0.300000011920929,-911.700012207031,-1.85829975620206,-0.068579400522526,0.0603636050870974,NLR
216.3,0.169872596859932,-0.672312676906586,9.00504207611084,0.297257989645004,-1.59299790859222,4.16161203384399,-1109.10009765625,-0.300000011920929,-911.700012207031,-1.86772437931869,0.0029879749423067,0.071137606403962,NLR
216.333333333333,0.194994613528252,-0.575413525104523,9.63727951049805,0.205793991684914,-0.426831990480423,3.81862187385559,-1121.10009765625,2.10000014305115,-933.300048828125,-1.87647406188659,0.016972642082966,0.0617359589584675,NLR
216.366666666667,0.276940196752548,-0.365465342998505,9.67316818237305,0.342989981174469,-0.83841997385025,3.7957558631897,-1121.10009765625,-0.300000011920929,-930.900024414062,-1.88488866206321,0.0271662729154089,0.0422492483652409,NLR
216.4,0.068188302218914,-0.173461467027664,9.64445686340332,1.2347639799118,-0.434453994035721,4.16161203384399,-1111.5,-4.5,-923.700012207031,-1.8947217162388,0.0111204761920043,0.020647181017826,NLR
216.433333333333,0.0215331465005875,-0.249425619840622,9.60737228393555,1.90549993515015,0.0076219998300075,3.83386588096619,-1116.30004882812,2.70000004768372,-909.300048828125,-1.90439616201744,0.00359980708695,0.0223302570747476,NLR
216.466666666667,-0.302062213420868,0.0167480036616325,9.72341251373291,1.83690190315247,-0.182927995920181,3.37654590606689,-1113.90002441406,0.900000035762787,-916.500061035156,-1.91235444407998,-0.0238465562984298,0.0005040095068529,NLR
216.5,-0.519786238670349,0.0819455906748772,9.71085071563721,1.53964400291443,-0.221037998795509,3.68142580986023,-1118.70007324219,3.30000019073486,-918.900024414062,-1.92155202291947,-0.0478288478685721,-0.0092577716414984,NLR
216.533333333333,-0.529954671859741,0.135180309414864,9.66359806060791,0.914639949798584,-0.114329993724823,3.58996200561523,-1113.90002441406,-3.30000019073486,-902.100036621094,-1.93071774549758,-0.053378274606657,-0.0147906803817634,NLR
216.566666666667,-0.404942780733109,0.0370848625898361,9.48236083984375,0.457319974899292,-0.25152599811554,2.9192259311676,-1118.70007324219,0.900000035762787,-914.100036621094,-1.93758093313623,-0.044071849746473,-0.0066003004693278,NLR
216.6,-0.664536833763123,0.13398402929306,8.79688835144043,0.106707997620106,-0.114329993724823,1.99696397781372,-1121.10009765625,0.300000011920929,-921.300048828125,-1.94270911171685,-0.0692493531479314,-0.0139110434612889,NLR
216.633333333333,-1.34641981124878,-0.0358885787427425,10.122971534729,-0.0533539988100529,0.556405961513519,1.96647596359253,-1121.10009765625,4.5,-914.100036621094,-1.94594283633122,-0.120287029331571,-0.0002037724158017,NLR
216.666666666667,-1.50851655006409,0.0370848625898361,9.56191349029541,0.175305992364883,0.419209986925125,1.6844619512558,-1116.30004882812,0.300000011920929,-923.700012207031,-1.95020746785207,-0.149753138850535,-0.0037080353308581,NLR
216.7,-2.09948182106018,0.499449372291565,9.35495567321777,0.716467976570129,0.83841997385025,1.82165801525116,-1118.70007324219,0.900000035762787,-921.300048828125,-1.96208763255838,-0.209738047951525,-0.0464458148559132,NLR
216.733333333333,-1.64608943462372,0.360680222511292,10.1624488830566,1.15092194080353,-0.25152599811554,2.11129403114319,-1125.90002441406,-0.300000011920929,-911.700012207031,-1.96542444165436,-0.168263310458195,-0.0395258067677913,NLR
216.766666666667,-1.54739582538605,0.458177506923676,9.99796009063721,0.701223969459534,-2.03507399559021,1.08232402801514,-1123.5,0.900000035762787,-918.900024414062,-1.96842093182089,-0.153492576655691,-0.0457307615432352,NLR
216.8,-0.796128273010254,0.400755792856216,8.89857292175293,-0.282013982534409,-2.85824990272522,0.350611984729767,-1133.10009765625,-1.5,-923.700012207031,-1.96893861305341,-0.0957716916889904,-0.0447513698346511,NLR
216.833333333333,-0.359483927488327,0.400157660245895,8.70537281036377,-1.05183601379395,-2.88111591339111,0.137196004390717,-1111.5,0.300000011920929,-916.500061035156,-1.9690966670452,-0.0482036762979127,-0.0442321679520677,NLR
216.866666666667,0.0209350045770407,0.0101684303954244,8.85969352722168,-1.52439999580383,-2.32470989227295,0.647870004177094,-1123.5,6.30000019073486,-926.100036621094,-1.96974835938745,-0.002178080754847,-0.0057076276929266,NLR
216.9,0.433653652667999,-0.172863319516182,9.44228458404541,-1.79117000102997,-1.57775402069092,0.777444005012512,-1125.90002441406,2.10000014305115,-909.300048828125,-1.97187628450246,0.0383853378400336,0.0159825668679289,NLR
216.933333333333,0.362474650144577,-0.317015767097473,9.47757530212402,-1.71494996547699,-1.17378795146942,0.503051996231079,-1123.5,7.50000047683716,-918.900024414062,-1.97358418397678,0.0398589805836385,0.0323381102874299,NLR
216.966666666667,-0.0352904349565506,-0.498253107070923,10.2126932144165,-1.60061991214752,-0.304879993200302,0.297257989645004,-1135.5,3.30000019073486,-916.500061035156,-1.9745610325579,0.0056878193284047,0.0476808649282763,NLR
217.0,0.350511789321899,-0.695042133331299,10.7306852340698,-1.53964400291443,-0.0533539988100529,0.0,-1133.10009765625,6.30000019073486,-926.100036621094,-1.9747686182956,0.0272383527407668,0.063399564005116,NLR
217.033333333333,0.670518279075623,-0.517991840839386,9.57806301116943,-1.2347639799118,-0.46494197845459,-0.647870004177094,-1149.90002441406,3.90000009536743,-918.900024414062,-1.97285264440959,0.0629157198420657,0.0574313434124296,ST
217.066666666667,0.744687974452972,-0.525767683982849,8.76638317108154,-1.12043392658234,0.0381099991500378,-0.701223969459534,-1142.70007324219,5.70000028610229,-911.700012207031,-1.97130184070961,0.0802309575546664,0.0608941293712295,ST
217.1,0.153722748160362,-0.52636581659317,9.5326042175293,-0.960371971130371,0.480185985565186,-0.830797970294952,-1142.70007324219,0.900000035762787,-904.500061035156,-1.96902876803987,0.0284285584727295,0.0575979942063999,ST
217.133333333333,-0.683079302310944,-0.494066089391708,8.55404281616211,-0.0076219998300075,0.640248000621796,-0.899396002292633,-1147.5,6.30000019073486,-918.900024414062,-1.96687311645071,-0.058573405640838,0.0577328557919981,ST
217.166666666667,-1.1155366897583,-1.39307498931885,8.608473777771,-0.846041977405548,2.21037983894348,-0.792688012123108,-1130.70007324219,3.30000019073486,-909.300048828125,-1.95745861725653,-0.116369020683122,0.140915520150423,ST
217.2,-1.61259341239929,-1.49117040634155,10.572774887085,-1.05183601379395,2.41617393493652,-1.65397393703461,-1125.90002441406,4.5,-928.500061035156,-1.95309825016474,-0.146147225415324,0.142126292342695,ST
217.233333333333,-1.83330821990967,-1.46963727474213,10.7157316207886,-0.358233988285065,0.861285984516144,-1.76068198680878,-1111.5,8.10000038146973,-918.900024414062,-1.94956061305237,-0.164367833881008,0.138391050911791,ST
217.266666666667,-1.0634982585907,-1.65266907215118,10.0595684051514,-0.564027965068817,-0.602137982845306,-1.03659200668335,-1106.70007324219,0.300000011920929,-921.300048828125,-1.94474530073776,-0.115079666756432,0.158909943078072,ST
217.3,-0.939682602882385,-1.74478304386139,10.2569561004639,-0.525918006896973,-1.64635193347931,-0.937505960464478,-1123.5,0.300000011920929,-911.700012207031,-1.94248363685551,-0.0926336168355654,0.167393810943235,ST
217.333333333333,-0.424083352088928,-1.51629245281219,9.05588436126709,-0.350611984729767,-1.43293595314026,-0.0990860015153885,-1116.30004882812,7.50000047683716,-928.500061035156,-1.9429174588625,-0.0535262477212589,0.166681404823453,ST
217.366666666667,-0.337950766086578,-1.45049667358398,8.32973861694336,0.221037998795509,-0.724089980125427,0.78506600856781,-1130.70007324219,3.90000009536743,-911.700012207031,-1.94487195527605,-0.0415399840848852,0.17100969128363,ST
217.4,-0.589170813560486,-1.52287197113037,8.79389762878418,0.685979962348938,-0.304879993200302,1.74543797969818,-1118.70007324219,10.5,-923.700012207031,-1.94902433265692,-0.0612838693577364,0.170278770531603,ST
217.433333333333,-0.477318078279495,-1.47442245483398,8.87763786315918,0.67835795879364,-0.685979962348938,2.02745199203491,-1116.30004882812,5.10000038146973,-923.700012207031,-1.95412050096015,-0.0541876855348812,0.164617103516067,ST
217.466666666667,-0.655564725399017,-1.35658824443817,9.81133937835693,1.15092194080353,-1.18903195858002,2.32470989227295,-1128.30004882812,10.5,-909.300048828125,-1.96103692134009,-0.062536190874212,0.141079126756327,ST
217.5,-0.419896364212036,-1.26925933361053,10.1457014083862,1.47104597091675,-1.55488801002502,2.46190595626831,-1142.70007324219,7.50000047683716,-916.500061035156,-1.96776748770985,-0.0436756016179601,0.125573082989876,ST
217.533333333333,-0.299669623374939,-0.855344474315643,9.94951057434082,2.0579400062561,-1.28049600124359,2.67532205581665,-1135.5,0.300000011920929,-921.300048828125,-1.97533412491449,-0.0313654825609187,0.090779568572895,ST
217.566666666667,-0.175854027271271,-0.377428203821182,9.71743106842041,2.15702605247498,-0.685979962348938,2.94971394538879,-1135.5,1.5,-906.900024414062,-1.98323567062548,-0.0200609554541487,0.0461951841710863,ST
217.6,-0.244640469551086,-0.104675017297268,9.76109504699707,2.30184388160706,-0.144817993044853,3.24697184562683,-1140.30004882812,10.5,-921.300048828125,-1.99153111410601,-0.0240177937942107,0.0141028249033204,ST
217.633333333333,-0.0448607243597507,-0.139367312192917,9.3358154296875,2.080806016922,0.358233988285065,2.75154185295105,-1137.90002441406,2.70000004768372,-923.700012207031,-1.9978140499333,-0.0092265255708546,0.011807261331048,ST
217.666666666667,0.0251220054924488,-0.161498606204987,8.62282943725586,1.42531394958496,0.815553963184357,1.65397393703461,-1142.70007324219,4.5,-904.500061035156,-2.00156393787852,-0.0007033677545607,0.0153376350605173,ST
217.7,-0.430064797401428,-0.268566191196442,9.36332988739014,0.952749967575073,0.92988395690918,0.83841997385025,-1128.30004882812,-0.900000035762787,-914.100036621094,-2.0032296541273,-0.0380917129842832,0.0246268848343663,ST
217.733333333333,-0.394176214933395,-0.401952087879181,9.82150745391846,0.525918006896973,-0.0762199983000755,-0.342989981174469,-1121.10009765625,-1.5,-914.100036621094,-2.00179452088088,-0.0396378217815476,0.0375852178456988,ST
217.766666666667,0.0580198690295219,-0.519786238670349,9.28138446807861,0.0609759986400604,-0.708845973014832,-0.685979962348938,-1140.30004882812,-0.900000035762787,-923.700012207031,-1.99998214479508,-0.001973517822995,0.0521766896886206,ST
217.8,0.10527316480875,-0.659153580665588,9.1151008605957,-0.289635986089706,-0.724089980125427,-0.144817993044853,-1135.5,-4.5,-926.100036621094,-1.99981128551299,0.0098197245851312,0.0685585455674917,ST
217.833333333333,0.136974737048149,-0.604722559452057,9.96625804901123,-0.266770005226135,-0.907018005847931,0.144817993044853,-1121.10009765625,3.90000009536743,-916.500061035156,-2.00020206269841,0.0141807531408864,0.0625813878508477,ST
217.866666666667,0.519188106060028,-0.786558032035828,9.23712158203125,-0.0762199983000755,-1.01372599601746,0.891773998737335,-1128.30004882812,2.70000004768372,-916.500061035156,-2.00297913262976,0.0488425597645229,0.0805885367511074,ST
217.9,0.0520384386181831,-0.887644171714783,8.54566860198975,0.297257989645004,0.0228659994900227,1.69970595836639,-1149.90002441406,2.10000014305115,-921.300048828125,-2.00770424935744,0.0134461344121468,0.099045591951021,ST
217.933333333333,-1.0634982585907,-0.868503570556641,10.6798429489136,0.106707997620106,0.792688012123108,1.47866797447205,-1142.70007324219,3.90000009536743,-921.300048828125,-2.01138256336299,-0.0775090559008233,0.0845561263134396,ST
217.966666666667,-1.55457353591919,-0.342735916376114,10.4734830856323,0.914639949798584,0.190549999475479,1.45580196380615,-1128.30004882812,3.30000019073486,-921.300048828125,-2.0189730347457,-0.133600879885858,0.0417525712610518,ST
218.0,-1.28241848945618,-0.294286340475082,9.42254638671875,1.31860601902008,0.0762199983000755,1.93598794937134,-1121.10009765625,2.10000014305115,-928.500061035156,-2.0243965955579,-0.135082027623969,0.0311433570640021,ST
218.033333333333,-1.41819703578949,0.01914057508111,10.0517930984497,1.19665396213531,-0.358233988285065,1.92074394226074,-1125.90002441406,0.900000035762787,-921.300048828125,-2.03229347840977,-0.138684829110096,0.0027262723336786,ST
218.066666666667,-1.09041464328766,0.138171032071114,9.88730335235596,1.00610399246216,-0.754577994346619,1.50153398513794,-1137.90002441406,-0.900000035762787,-906.900024414062,-2.03743764143317,-0.114226878653398,-0.0124930635909224,ST
218.1,-0.907981038093567,0.264977335929871,9.45723819732666,1.05183601379395,-0.853663980960846,1.05945801734924,-1128.30004882812,6.30000019073486,-914.100036621094,-2.04105388991228,-0.0981976937193388,-0.026503428361818,ST
218.133333333333,-0.988132178783417,0.257799625396729,9.11091327667236,0.899396002292633,-0.335367977619171,1.2500079870224,-1135.5,2.70000004768372,-916.500061035156,-2.04397578117454,-0.105500081658058,-0.0293603378088406,ST
218.166666666667,-0.765622973442078,0.314025074243546,9.79758167266846,0.0990860015153885,-0.800309956073761,0.777444005012512,-1130.70007324219,2.70000004768372,-923.700012207031,-2.0459029784289,-0.0823515182901165,-0.0317337387230092,ST
218.2,-0.365465342998505,0.205761179327965,8.9177131652832,-0.152439996600151,-0.617381989955902,0.792688012123108,-1135.5,1.5,-916.500061035156,-2.04729503577874,-0.047905170182263,-0.0245598600828876,ST
218.233333333333,-0.104675017297268,-0.280529052019119,9.16474628448486,-0.632625997066498,0.419209986925125,0.533540010452271,-1142.70007324219,1.5,-923.700012207031,-2.04706441446966,-0.0193699358135719,0.020347295031876,ST
218.266666666667,-0.785959839820862,-0.203966751694679,9.79339504241943,-0.396344006061554,0.144817993044853,-0.152439996600151,-1130.70007324219,-5.10000038146973,-909.300048828125,-2.04670503801932,-0.0680239377996111,0.0212939013656392,ST
218.3,-0.890036761760712,-0.279930919408798,9.6462516784668,-0.541162014007568,0.0990860015153885,-0.327746003866196,-1123.5,-0.300000011920929,-926.100036621094,-2.04547536208462,-0.0875529895923044,0.0283487379185765,ST
218.333333333333,-0.552085936069489,-0.384007781744003,9.5385856628418,-0.663114011287689,-0.144817993044853,-0.121951997280121,-1123.5,-1.5,-928.500061035156,-2.04449153257807,-0.0625495331204407,0.0392216409212983,ST
218.366666666667,-0.0352904349565506,-0.474327385425568,9.19704627990723,-0.792688012123108,-0.701223969459534,-0.152439996600151,-1128.30004882812,5.70000028610229,-911.700012207031,-2.04386125731944,-0.0146829703290536,0.0501641046229343,ST
218.4,0.0215331465005875,-0.418101936578751,8.57378101348877,-0.815553963184357,-0.800309956073761,-0.0914639979600906,-1130.70007324219,-0.300000011920929,-916.500061035156,-2.04375709860764,0.0001646323623187,0.0501534416782655,ST
218.433333333333,0.613694667816162,-1.05452609062195,9.04870700836182,-2.23324584960938,-2.37044191360474,-0.647870004177094,-1133.10009765625,8.10000038146973,-921.300048828125,-2.04415142741105,0.0579479002002663,0.106615517296718,ST
218.466666666667,0.351708054542542,-1.23097825050354,8.89558219909668,-1.42531394958496,-1.92074394226074,-0.564027965068817,-1130.70007324219,9.30000019073486,-918.900024414062,-2.04458311485195,0.0453402481203166,0.134017678607384,ST
218.5,0.187218755483627,-1.31770896911621,11.0883741378784,0.0609759986400604,-0.144817993044853,-0.937505960464478,-1137.90002441406,9.30000019073486,-909.300048828125,-2.04198874910333,0.0225559903558911,0.121141293539104,ST
218.533333333333,0.0251220054924488,-0.883457183837891,11.1798906326294,1.56251001358032,-0.960371971130371,-0.274392008781433,-1149.90002441406,9.30000019073486,-923.700012207031,-2.04109933336237,0.007706579001902,0.0851975300345354,ST
218.566666666667,-0.501841962337494,-0.71059387922287,10.0266704559326,1.92074394226074,-0.556405961513519,0.289635986089706,-1128.30004882812,8.70000076293945,-916.500061035156,-2.04203792751532,-0.0381950188311185,0.070774152740364,ST
218.6,-0.257201462984085,-0.724949300289154,9.46979999542236,-0.182927995920181,0.632625997066498,0.899396002292633,-1128.30004882812,3.30000019073486,-916.500061035156,-2.04384984353807,-0.0302875744292237,0.0754861967325583,ST
218.633333333333,-0.863120317459106,-0.899008870124817,9.43630313873291,-0.708845973014832,0.282013982534409,0.830797970294952,-1142.70007324219,6.90000009536743,-926.100036621094,-2.04488830745008,-0.07908782135227,0.0919634694095509,ST
218.666666666667,-0.651975810527802,-1.28002595901489,8.05040645599365,-1.13567793369293,0.960371971130371,0.663114011287689,-1128.30004882812,11.7000007629395,-911.700012207031,-2.04200594555081,-0.0811660315663376,0.146748105789216,ST
218.7,-1.29318511486053,-1.19808042049408,9.54038047790527,-0.0838419944047928,0.853663980960846,0.990859985351562,-1128.30004882812,7.50000047683716,-923.700012207031,-2.04579116727796,-0.124466094256169,0.129340933342572,ST
218.733333333333,-1.69513714313507,-1.40743041038513,11.0704298019409,1.39482593536377,1.10518991947174,1.265251994133,-1128.30004882812,-0.300000011920929,-911.700012207031,-2.04850536843602,-0.147199154175843,0.124877741080563,ST
218.766666666667,-0.711790144443512,-1.29019439220428,9.37828350067139,0.777444005012512,-0.152439996600151,-0.129574000835419,-1128.30004882812,5.10000038146973,-911.700012207031,-2.0470505098148,-0.089358477692694,0.133294283560508,ST
218.8,-1.00248765945435,-0.583787560462952,9.44407939910889,0.510673999786377,-0.899396002292633,0.609759986400604,-1140.30004882812,-1.5,-933.300048828125,-2.05405294135395,-0.101163348055349,0.0753884378884531,ST
218.833333333333,-0.652574002742767,-0.64838695526123,9.37409687042236,0.78506600856781,-1.30336201190948,1.87501192092896,-1116.30004882812,6.30000019073486,-904.500061035156,-2.05895951307605,-0.0741273211471115,0.06901184403217,ST
218.866666666667,-0.136376604437828,-0.666929423809052,9.27420711517334,0.342989981174469,-1.64635193347931,2.61434602737427,-1133.10009765625,7.50000047683716,-911.700012207031,-2.06510621318176,-0.024625615538479,0.0705997328319702,ST
218.9,-0.0568235814571381,-0.359483927488327,8.83875846862793,0.777444005012512,-1.50915598869324,2.72867584228516,-1128.30004882812,5.10000038146973,-909.300048828125,-2.0725549748681,-0.0075004640802537,0.044496454007997,ST
218.933333333333,-0.457579374313354,-0.512010395526886,9.02777194976807,1.47866797447205,-0.236281991004944,1.92836594581604,-1147.5,6.90000009536743,-921.300048828125,-2.07700063078324,-0.042666451342901,0.052273567813949,ST
218.966666666667,-0.711192011833191,-0.343932211399078,9.60916709899902,1.15092194080353,-0.342989981174469,1.34909391403198,-1145.10009765625,3.90000009536743,-906.900024414062,-2.08080723524087,-0.0671503348008926,0.0373932761529706,ST
219.0,-0.491673529148102,-0.151330173015594,9.99377250671387,0.6250039935112,-1.04421401023865,1.34909391403198,-1125.90002441406,7.50000047683716,-906.900024414062,-2.08500055210539,-0.0513753216754422,0.0186444841483938,ST
219.033333333333,-0.486888378858566,0.0263182912021875,10.2677221298218,0.533540010452271,-1.14329993724823,1.21951997280121,-1135.5,6.30000019073486,-909.300048828125,-2.08864147570542,-0.0466088441761178,0.0008856857094241,ST
219.066666666667,-0.0717771574854851,-0.799118995666504,10.0105209350586,0.0381099991500378,-0.388722002506256,1.19665396213531,-1140.30004882812,6.30000019073486,-921.300048828125,-2.08964178496725,-0.0137350667274027,0.0654925153226008,ST
219.1,0.0873288735747337,-0.747080564498901,10.330527305603,-0.419209986925125,-0.67835795879364,0.297257989645004,-1145.10009765625,3.30000019073486,-921.300048828125,-2.09043436870073,0.0051524478001305,0.0715134790363645,ST
219.133333333333,1.09639608860016,-0.791941285133362,8.14610958099365,-0.472563982009888,-0.548784017562866,-0.365855991840363,-1137.90002441406,6.90000009536743,-914.100036621094,-2.09083334760961,0.111092116495409,0.0929825045886903,ST
219.166666666667,0.579002380371094,-0.99889874458313,9.10493278503418,-0.213415995240211,-0.0381099991500378,-0.533540010452271,-1135.5,0.900000035762787,-930.900024414062,-2.09079662748675,0.0729293966470328,0.106235940182065,ST
219.2,0.338548928499222,-1.17475283145905,9.72161769866943,0.137196004390717,-0.868907988071442,-0.358233988285065,-1145.10009765625,8.10000038146973,-918.900024414062,-2.09084834275689,0.043122635214691,0.117388310492997,ST
219.233333333333,-0.0825437307357788,-1.11015331745148,9.29932880401611,0.342989981174469,-1.16616594791412,0.0457319989800453,-1142.70007324219,0.900000035762787,-909.300048828125,-2.09134081434947,0.0015809900516202,0.118087331973538,ST
219.266666666667,-0.642405569553375,-0.757847130298615,9.68333625793457,0.846041977405548,-0.0533539988100529,1.31098401546478,-1152.30004882812,4.5,-902.100036621094,-2.09537832691278,-0.0540622388224105,0.0839932223706187,ST
219.3,-1.31053125858307,-0.279930919408798,10.8664636611938,1.83690190315247,-0.114329993724823,1.94360995292664,-1142.70007324219,2.10000014305115,-897.300048828125,-2.10366300580971,-0.107457075917206,0.0340440619085586,ST
219.333333333333,-0.832016885280609,-0.377428203821182,9.08399772644043,1.92836594581604,-0.335367977619171,2.17227005958557,-1145.10009765625,10.5,-909.300048828125,-2.10832155546804,-0.0936060630483612,0.0371597975355188,ST
219.366666666667,-0.915158748626709,-0.0879270136356354,9.30172157287598,1.40244793891907,-0.167683988809586,1.90549993515015,-1128.30004882812,6.30000019073486,-921.300048828125,-2.11470610747882,-0.096995016969798,0.0128314657413794,ST
219.4,-1.25550210475922,0.439635097980499,9.94592094421387,1.62348592281342,-0.83841997385025,1.97409796714783,-1154.70007324219,2.70000004768372,-911.700012207031,-2.12397107542948,-0.118519389403093,-0.0352048247151734,ST
219.433333333333,-0.543711960315704,0.151330173015594,9.85799407958984,1.06708002090454,-1.54726600646973,1.91312193870544,-1149.90002441406,5.10000038146973,-914.100036621094,-2.12672740326309,-0.0656647664004769,-0.021039651446312,ST
219.466666666667,-0.232079476118088,0.328978627920151,10.0499982833862,0.350611984729767,-1.97409796714783,1.50153398513794,-1145.10009765625,6.90000009536743,-899.700012207031,-2.13070000722437,-0.0277951927110718,-0.0312245079150728,ST
219.5,-0.38939106464386,0.693247675895691,8.62582015991211,0.78506600856781,-1.47104597091675,1.19665396213531,-1157.10009765625,9.90000057220459,-906.900024414062,-2.13476386384505,-0.0397008023154349,-0.0726235645854317,ST
219.533333333333,0.0753660127520561,-0.146545022726059,9.43092060089111,-0.0228659994900227,0.0152439996600151,0.967993974685669,-1152.30004882812,4.5,-911.700012207031,-2.13560523309163,-0.0010716268365538,-0.0011965567526958,ST
219.566666666667,-0.0669920146465302,-0.301464051008224,9.51824951171875,-0.990859985351562,-0.289635986089706,-0.861285984516144,-1159.5,0.300000011920929,-902.100036621094,-2.13342402647618,-0.0055332192985208,0.0272222029437846,ST
219.6,-0.212340757250786,0.0388792939484119,8.91591930389404,-1.21951997280121,-0.579271972179413,-1.19665396213531,-1161.90002441406,6.30000019073486,-914.100036621094,-2.13078863560481,-0.0198867715437034,0.0027372415713963,ST
219.633333333333,-0.111254595220089,-0.506028950214386,9.57866191864014,-1.14329993724823,0.586893975734711,-0.548784017562866,-1154.70007324219,5.10000038146973,-914.100036621094,-2.12873795784056,-0.0138972737061007,0.0454981552501254,ST
219.666666666667,-0.123815596103668,-0.761435985565186,10.3341159820557,-1.04421401023865,0.647870004177094,-0.426831990480423,-1154.70007324219,3.90000009536743,-921.300048828125,-2.12734351825863,-0.0131958858358641,0.0697119585188845,ST
219.7,-0.0986935868859291,-0.461766362190247,9.34837627410889,-0.25152599811554,0.708845973014832,-0.442075997591019,-1166.70007324219,4.5,-911.700012207031,-2.12643392213047,-0.0120282695577675,0.0538158034108976,ST
219.733333333333,0.597544848918915,-0.808689296245575,8.9476203918457,-0.647870004177094,0.594515979290009,-0.975615978240967,-1145.10009765625,1.5,-918.900024414062,-2.12463336420942,0.0498696401004555,0.0836614486941343,ST
219.766666666667,0.601133704185486,-0.715977132320404,9.47159385681152,-0.724089980125427,-0.411587983369827,-1.39482593536377,-1157.10009765625,3.90000009536743,-918.900024414062,-2.1211043615907,0.0612441503026109,0.0780049956166279,ST
219.8,0.410924226045609,-0.420494496822357,9.65163516998291,0.304879993200302,-1.89025592803955,-1.21189796924591,-1159.5,6.30000019073486,-914.100036621094,-2.11709456019789,0.0490208688570888,0.0499703951253956,ST
219.833333333333,0.644798099994659,-0.747678697109222,9.74614143371582,0.556405961513519,-1.92074394226074,-0.807931959629059,-1149.90002441406,12.9000005722046,-909.300048828125,-2.11674235649477,0.0652216888015187,0.0703697614169122,ST
219.866666666667,-0.111254595220089,-0.299669623374939,9.51705265045166,0.701223969459534,-1.98171997070312,-0.518296003341675,-1152.30004882812,2.70000004768372,-906.900024414062,-2.11460960575573,0.0041464568713157,0.0369681115716088,ST
219.9,0.525169551372528,-0.87089616060257,8.84952545166016,-0.495429992675781,-1.61586391925812,0.182927995920181,-1164.30004882812,3.90000009536743,-904.500061035156,-2.11668551672307,0.0514918183895696,0.0878801893102683,ST
219.933333333333,0.457579374313354,-1.0276095867157,8.87943267822266,-0.807931959629059,-0.792688012123108,-0.137196004390717,-1171.5,6.30000019073486,-892.500061035156,-2.1176465416437,0.0523382553645776,0.110829273433748,ST
219.966666666667,-0.91874760389328,-1.74358677864075,10.2922458648682,-1.06708002090454,0.884151995182037,-0.823175966739655,-1171.5,-0.300000011920929,-909.300048828125,-2.11531195797436,-0.0604790635513367,0.157808027145145,ST
220.0,-0.759043455123901,-1.67001521587372,10.8515100479126,-1.50153398513794,0.914639949798584,-1.57013201713562,-1157.10009765625,5.10000038146973,-911.700012207031,-2.11175743008307,-0.0682212873409225,0.155976821896903,ST
220.033333333333,-0.376830071210861,-1.57550859451294,10.5775604248047,-0.952749967575073,-0.350611984729767,-0.6250039935112,-1164.30004882812,7.50000047683716,-911.700012207031,-2.11085969714149,-0.0412546999073829,0.150864567441987,ST
220.066666666667,-0.0412718653678894,-1.9828439950943,9.39742469787598,-0.350611984729767,0.228659987449646,0.0838419944047928,-1137.90002441406,6.90000009536743,-918.900024414062,-2.10975077753488,-0.0120908645965937,0.196934304876583,ST
220.1,-0.0011962859425693,-1.97327363491058,9.64146614074707,-0.579271972179413,1.18140995502472,-0.129574000835419,-1166.70007324219,2.10000014305115,-890.100036621094,-2.10881522311783,-0.0037738209207486,0.201893239746011,ST
220.133333333333,-0.419896364212036,-1.94874978065491,9.63787746429443,0.106707997620106,0.670735955238342,0.510673999786377,-1147.5,5.70000028610229,-906.900024414062,-2.10974763128262,-0.0368161326986613,0.199771909314951,ST
220.166666666667,0.136974737048149,-1.92841291427612,8.71793365478516,0.457319974899292,0.167683988809586,0.983237981796265,-1157.10009765625,5.70000028610229,-899.700012207031,-2.11184189563996,0.0060490293639595,0.214020712923698,ST
220.2,0.270958751440048,-1.38589727878571,8.68264293670654,1.21951997280121,-0.907018005847931,2.02745199203491,-1147.5,5.10000038146973,-902.100036621094,-2.11638685063028,0.0271519893003638,0.166560050105737,ST
220.233333333333,-0.110058307647705,-1.39247679710388,9.38067626953125,1.6768399477005,-0.594515979290009,3.43752193450928,-1161.90002441406,-0.900000035762787,-918.900024414062,-2.12474389540073,-0.0045935828305863,0.148423032724152,ST
220.266666666667,0.144152462482452,-0.896616339683533,9.281982421875,1.27287399768829,-0.160062000155449,3.52898597717285,-1159.5,7.50000047683716,-902.100036621094,-2.13272170729399,0.0110518401814419,0.105069994348043,ST
220.3,0.0466551519930363,-0.973776757717133,9.2520751953125,1.50915598869324,0.190549999475479,3.99392795562744,-1147.5,-1.5,-902.100036621094,-2.14266155244983,0.0051543543058491,0.102746858808195,ST
220.333333333333,0.22968690097332,-1.29677391052246,10.1720190048218,0.884151995182037,-0.396344006061554,3.25459384918213,-1152.30004882812,6.90000009536743,-906.900024414062,-2.15092369351384,0.0193432591540963,0.121302658913017,ST
220.366666666667,0.177050322294235,-1.23695969581604,9.33880615234375,0.708845973014832,-1.02897000312805,2.88111591339111,-1149.90002441406,2.10000014305115,-918.900024414062,-2.1579779993671,0.0198208908542088,0.128687087055859,ST
220.4,-0.448607236146927,-1.01684308052063,8.9177131652832,1.00610399246216,0.114329993724823,3.353679895401,-1164.30004882812,2.10000014305115,-914.100036621094,-2.16570378036174,-0.0365756912077631,0.115124482435893,ST
220.433333333333,-0.22011661529541,-0.913962483406067,10.030858039856,1.10518991947174,-0.823175966739655,3.353679895401,-1149.90002441406,8.10000038146973,-909.300048828125,-2.17414050756412,-0.0241515933971855,0.0940801903549013,ST
220.466666666667,0.30923992395401,-0.957028746604919,8.40630149841309,1.14329993724823,-2.63721203804016,2.95733594894409,-1149.90002441406,6.90000009536743,-914.100036621094,-2.18155784991179,0.0275222295408383,0.10792238230481,ST
220.5,0.0107665732502937,-0.878672003746033,8.68324184417725,1.35671591758728,-1.37195992469788,1.96647596359253,-1161.90002441406,3.90000009536743,-902.100036621094,-2.1863122628424,0.0081540828128617,0.100428197546884,ST
220.533333333333,0.388792932033539,-0.327782362699509,10.0386333465576,1.2423859834671,-3.04117798805237,1.86738991737366,-1171.5,5.70000028610229,-894.900024414062,-2.18992695813699,0.0366089015769803,0.0446692810391388,ST
220.566666666667,0.890634894371033,0.26437920331955,9.53619384765625,2.27135586738586,-4.73326206207275,2.4847719669342,-1171.5,7.50000047683716,-894.900024414062,-2.19233745180964,0.0882979800935611,-0.0159878991174295,ST
220.6,0.879270195960999,0.515599250793457,9.50628662109375,2.5076379776001,-3.3460578918457,3.10215401649475,-1181.10009765625,6.30000019073486,-897.300048828125,-2.196635647481,0.0961622441720899,-0.049589252497575,ST
220.633333333333,1.44571161270142,0.616087257862091,10.3101902008057,1.64635193347931,-1.62348592281342,2.64483404159546,-1178.70007324219,2.10000014305115,-897.300048828125,-2.20177604668305,0.132877800631731,-0.0595108904256306,ST
220.666666666667,1.56713461875916,0.758445262908936,8.41288089752197,0.114329993724823,-1.42531394958496,1.34147191047668,-1173.90002441406,8.10000038146973,-892.500061035156,-2.20092985191575,0.175372419348959,-0.0836253851202117,ST
220.7,0.130395174026489,0.645994424819946,8.87225437164307,0.175305992364883,1.34909391403198,1.78354799747467,-1183.5,12.3000001907349,-909.300048828125,-2.20625479440042,0.0454690081326931,-0.0749363354388309,ST
220.733333333333,0.66932201385498,-0.668723821640015,11.1392164230347,-1.50153398513794,1.45580196380615,0.708845973014832,-1176.30004882812,11.1000003814697,-899.700012207031,-2.21330005946567,0.0550497790180166,0.034817027278104,ST
220.766666666667,0.16269488632679,-0.448607236146927,11.2056102752686,-1.45580196380615,-0.358233988285065,-0.617381989955902,-1178.70007324219,6.30000019073486,-899.700012207031,-2.21201983570386,0.0232099518111905,0.0409667444924555,ST
220.8,0.568833947181702,-0.221911042928696,10.1038312911987,-1.28049600124359,-0.0838419944047928,-0.594515979290009,-1169.10009765625,7.50000047683716,-902.100036621094,-2.21006172590299,0.0497183067938748,0.0275468550283001,ST
220.833333333333,0.894223749637604,-0.91874760389328,10.0918684005737,-0.571649968624115,1.265251994133,-0.396344006061554,-1181.10009765625,2.70000004768372,-899.700012207031,-2.21219781940055,0.0785919822909335,0.0787515828270286,ST
220.866666666667,-0.0089721446856856,-0.412718653678894,11.4203433990479,-0.342989981174469,1.42531394958496,-0.945127964019775,-1173.90002441406,3.30000019073486,-899.700012207031,-2.20824129596372,0.0133218957212927,0.0451303746854563,ST
220.9,0.855942606925964,-0.237462759017944,9.93455696105957,-0.632625997066498,0.632625997066498,-0.510673999786377,-1176.30004882812,12.9000005722046,-916.500061035156,-2.20627727029327,0.0704291484413778,0.0290421970200623,ST
220.933333333333,-0.372643083333969,-0.642405569553375,11.5561218261719,-0.0457319989800453,1.47104597091675,0.0762199983000755,-1166.70007324219,8.10000038146973,-914.100036621094,-2.20690266196629,-0.0181519620373084,0.0514269660034012,ST
220.966666666667,0.797922730445862,-0.517991840839386,8.71733570098877,-1.16616594791412,0.6250039935112,-0.823175966739655,-1164.30004882812,8.10000038146973,-906.900024414062,-2.20494611676515,0.0707558782304896,0.0595605314300343,ST
221.0,0.476719945669174,-0.993515491485596,9.13244724273682,-1.21189796924591,1.18903195858002,-0.655492007732391,-1169.10009765625,14.1000003814697,-911.700012207031,-2.20558503067833,0.0541023204142677,0.100159680150668,ST
221.033333333333,0.0634031519293785,-1.08742392063141,9.7000846862793,-1.50153398513794,0.907018005847931,-1.2423859834671,-1164.30004882812,10.5,-916.500061035156,-2.20278710615355,0.0150214510781449,0.111369897284513,ST
221.066666666667,0.245836764574051,-1.17415463924408,8.0593786239624,-1.40244793891907,0.243903994560242,-1.27287399768829,-1161.90002441406,8.70000076293945,-906.900024414062,-2.20033836899615,0.027017051996499,0.139871569988868,ST
221.1,0.66932201385498,-1.45827257633209,9.54396915435791,-1.95885396003723,0.221037998795509,-1.34909391403198,-1169.10009765625,12.9000005722046,-904.500061035156,-2.19733457057454,0.0616555750180222,0.152236005495756,ST
221.133333333333,0.596946656703949,-1.61618232727051,10.1977396011353,-1.16616594791412,-0.914639949798584,-0.792688012123108,-1164.30004882812,17.1000003814697,-909.300048828125,-2.19603006094334,0.0599688028275722,0.157752798971429,ST
221.166666666667,1.15082705020905,-1.29079258441925,9.15457820892334,-0.403965979814529,-0.868907988071442,-1.03659200668335,-1166.70007324219,6.90000009536743,-914.100036621094,-2.19271998938137,0.112387972818912,0.144111833662992,ST
221.2,0.546104550361633,-0.948654770851135,8.10603332519531,0.807931959629059,0.411587983369827,-0.388722002506256,-1171.5,11.7000007629395,-926.100036621094,-2.18970603735464,0.0755059679193337,0.120869779764739,ST
221.233333333333,-0.791343152523041,-1.19030451774597,9.1509895324707,1.18140995502472,2.03507399559021,0.655492007732391,-1154.70007324219,12.9000005722046,-911.700012207031,-2.19072436423372,-0.0578062581743225,0.126094606335498,ST
221.266666666667,-0.526963949203491,-1.26028728485107,9.11091327667236,-0.114329993724823,1.35671591758728,0.0228659994900227,-1159.5,11.7000007629395,-914.100036621094,-2.18982606176828,-0.0592464665565614,0.135474440363988,ST
221.3,-1.59704172611237,-1.18791198730469,11.0680379867554,0.617381989955902,0.426831990480423,1.00610399246216,-1154.70007324219,12.9000005722046,-926.100036621094,-2.19406460061835,-0.12645990199805,0.111745863105715,ST
221.333333333333,-1.26507234573364,-1.3099330663681,10.5757656097412,0.67835795879364,0.37347799539566,1.02134799957275,-1161.90002441406,14.7000007629395,-921.300048828125,-2.19509961520686,-0.120517697267879,0.119809417273784,ST
221.366666666667,-0.880466461181641,-1.03119850158691,10.5135593414307,0.411587983369827,0.25152599811554,0.708845973014832,-1161.90002441406,2.70000004768372,-902.100036621094,-2.19848071680047,-0.0911411526979491,0.101532804229176,ST
221.4,-0.247033044695854,-0.502440094947815,10.027268409729,0.472563982009888,-1.76068198680878,1.01372599601746,-1157.10009765625,10.5,-911.700012207031,-2.20381396251773,-0.0348655513129492,0.0590688491827951,ST
221.433333333333,1.36496222019196,-0.650779545307159,6.49762725830078,0.952749967575073,-3.3689239025116,1.6768399477005,-1157.10009765625,9.90000057220459,-906.900024414062,-2.21036020501045,0.161582624680192,0.0903227040738598,ST
221.466666666667,1.53304040431976,-0.730930685997009,6.6034984588623,0.320124000310898,-1.6768399477005,1.30336201190948,-1157.10009765625,15.3000001907349,-909.300048828125,-2.21677582237401,0.215774326606305,0.106137878113774,ST
221.5,0.550889670848846,-0.82065212726593,8.84892749786377,-0.152439996600151,0.3125019967556,1.04421401023865,-1154.70007324219,17.7000007629395,-892.500061035156,-2.21739281434092,0.0924572122421207,0.0955986132071211,ST
221.533333333333,0.0406737215816975,-1.07665729522705,10.0045394897461,0.121951997280121,0.602137982845306,0.914639949798584,-1164.30004882812,11.7000007629395,-916.500061035156,-2.21988145327235,0.0209260839611465,0.104762923162081,ST
221.566666666667,-0.307445496320724,-0.91276615858078,12.1614427566528,0.37347799539566,-0.663114011287689,1.15854394435883,-1154.70007324219,13.5000009536743,-918.900024414062,-2.22261146625959,-0.01512531864021,0.0804121292495557,ST
221.6,0.486888378858566,-1.0455539226532,10.816219329834,1.09756803512573,-1.41006994247437,1.59299790859222,-1173.90002441406,6.30000019073486,-918.900024414062,-2.2266794132084,0.0344583216678632,0.0916607352210701,ST
221.633333333333,0.617881715297699,-0.872092425823212,10.4298191070557,0.769822001457214,-0.342989981174469,0.655492007732391,-1159.5,8.10000038146973,-909.300048828125,-2.22799229712113,0.0544253606600138,0.0840564070149817,ST
221.666666666667,1.77887713909149,-0.735117733478546,7.9433388710022,-0.0228659994900227,-0.87652999162674,0.609759986400604,-1157.10009765625,15.3000001907349,-916.500061035156,-2.23035924994766,0.187165713847571,0.0907657893405109,ST
221.7,0.506627082824707,-0.616685390472412,8.24659729003906,0.731711983680725,0.152439996600151,0.480185985565186,-1173.90002441406,11.7000007629395,-904.500061035156,-2.22976313594953,0.0863721274941544,0.0769217417888618,ST
221.733333333333,0.400755792856216,-0.700425446033478,8.95300388336182,0.282013982534409,-0.0228659994900227,0.586893975734711,-1164.30004882812,11.7000007629395,-914.100036621094,-2.23119740600475,0.0529870980621032,0.0775039967092894,ST
221.766666666667,-0.463560789823532,-0.687864422798157,10.0434188842773,1.38720393180847,-0.0685980021953583,1.38720393180847,-1169.10009765625,5.10000038146973,-914.100036621094,-2.23431528974696,-0.026068959393005,0.068303228253713,ST
221.8,1.03239476680756,-1.10776078701019,8.63000679016113,-0.0304879993200302,-1.10518991947174,0.640248000621796,-1178.70007324219,9.90000057220459,-914.100036621094,-2.2376563862357,0.0921222130805326,0.116397323321383,ST
221.833333333333,-0.001794428913854,-0.768613696098328,10.9950637817383,0.182927995920181,-1.97409796714783,0.548784017562866,-1166.70007324219,5.70000028610229,-923.700012207031,-2.23737780813204,0.0181404569218299,0.0773844716135148,ST
221.866666666667,0.571824669837952,-0.84158718585968,9.33761024475098,0.221037998795509,-1.70732796192169,0.739333987236023,-1169.10009765625,11.1000003814697,-916.500061035156,-2.23983925513288,0.0551146579709768,0.0872513001352159,ST
221.9,0.175854027271271,-0.166283741593361,10.0123147964478,1.10518991947174,-0.175305992364883,1.33385002613068,-1166.70007324219,11.7000007629395,-911.700012207031,-2.24070306148071,0.025304085986469,0.0293686735204907,ST
221.933333333333,0.0645994395017624,-0.673509001731873,10.5111665725708,1.33385002613068,-0.297257989645004,1.81403601169586,-1164.30004882812,9.90000057220459,-902.100036621094,-2.24581726626113,0.0096605593544553,0.0562787730063094,ST
221.966666666667,-0.351708054542542,0.297875195741653,8.27171897888184,1.47866797447205,0.358233988285065,0.564027965068817,-1169.10009765625,11.1000003814697,-906.900024414062,-2.24792653922706,-0.0324627966315644,-0.0194258487428096,ST
222.0,-0.86790543794632,0.0657957270741463,11.1601514816284,1.81403601169586,1.50153398513794,2.53812599182129,-1157.10009765625,3.30000019073486,-914.100036621094,-2.25335026046511,-0.071110328089892,-0.0112472117516799,ST
222.033333333333,0.407335370779037,-0.0735715851187706,10.0811014175415,0.602137982845306,-1.2500079870224,1.31860601902008,-1169.10009765625,7.50000047683716,-909.300048828125,-2.25617254585267,0.0222305286721391,0.0031046146444854,ST
222.066666666667,1.1556122303009,0.433055520057678,9.11749362945557,-0.403965979814529,-2.78202986717224,0.556405961513519,-1169.10009765625,14.1000003814697,-909.300048828125,-2.25458643292262,0.112569309004706,-0.0382562373630377,ST
222.1,0.871494293212891,0.471934795379639,8.75442028045654,0.495429992675781,-0.663114011287689,0.67835795879364,-1173.90002441406,9.30000019073486,-906.900024414062,-2.25484868812476,0.102485458053086,-0.0516868068814016,ST
222.133333333333,0.107665732502937,-0.0388792939484119,9.99556732177734,1.01372599601746,1.92836594581604,0.754577994346619,-1161.90002441406,6.90000009536743,-902.100036621094,-2.25986367290994,0.0234186185029094,-0.0068405386024703,ST
222.166666666667,0.787156164646149,0.113049022853374,8.39673137664795,-0.518296003341675,0.594515979290009,-1.13567793369293,-1161.90002441406,9.90000057220459,-899.700012207031,-2.25696476601288,0.0784969942595957,-0.0114944062294044,ST
222.2,-0.992917358875275,0.247631192207336,9.73896408081055,-0.152439996600151,1.22714197635651,-0.922261953353882,-1164.30004882812,7.50000047683716,-894.900024414062,-2.25471592218115,-0.0710589512938637,-0.0226822508626999,ST
222.233333333333,-0.488682806491852,-0.162096738815308,11.8432312011719,-1.2500079870224,1.18140995502472,-0.87652999162674,-1166.70007324219,12.3000001907349,-904.500061035156,-2.25073248436033,-0.0476767755632759,0.0098751696709408,ST
222.266666666667,-0.193200185894966,0.0334960073232651,10.4352025985718,-0.792688012123108,-0.762199997901917,-0.99848198890686,-1149.90002441406,6.90000009536743,-904.500061035156,-2.24877291715788,-0.0229628370077563,0.000436316082752,ST
222.3,1.10058307647705,-0.283519774675369,8.65333461761475,-1.6844619512558,-0.426831990480423,-1.56251001358032,-1161.90002441406,11.7000007629395,-906.900024414062,-2.24584343508136,0.101958297123683,0.0295802333606691,ST
222.333333333333,1.04375946521759,0.245836764574051,8.43919944763184,-1.2500079870224,-0.579271972179413,-1.76068198680878,-1171.5,9.90000057220459,-926.100036621094,-2.23585183097766,0.120343762908507,-0.0177317956960331,ST
222.366666666667,0.338548928499222,0.0819455906748772,8.2142972946167,0.25152599811554,0.510673999786377,-1.40244793891907,-1171.5,16.5,-909.300048828125,-2.23311401524522,0.0554655454105142,-0.011955439561571,ST
222.4,0.471934795379639,-0.14355431497097,9.45125675201416,-0.503051996231079,0.320124000310898,-1.70732796192169,-1169.10009765625,12.3000001907349,-904.500061035156,-2.22998842534045,0.0503692809791346,0.0112378157964507,ST
222.433333333333,0.080151155591011,-0.583189368247986,10.7821254730225,-0.868907988071442,-0.907018005847931,-2.72105383872986,-1154.70007324219,6.90000009536743,-904.500061035156,-2.22437257530687,0.0160914033010445,0.048019773814256,ST
222.466666666667,0.712388277053833,-0.409727931022644,9.22755146026611,-1.2423859834671,-0.670735955238342,-3.83386588096619,-1166.70007324219,9.30000019073486,-902.100036621094,-2.21544828347158,0.0658961283611905,0.0465881285840432,ST
222.5,0.690855145454407,-0.96061760187149,10.1774024963379,-1.6768399477005,-0.983237981796265,-3.37654590606689,-1166.70007324219,12.3000001907349,-906.900024414062,-2.21028263488782,0.0688816906406012,0.0865606876111387,ST
222.533333333333,0.120824880897999,-0.971982300281525,8.90814304351807,-0.99848198890686,-0.487807989120483,-3.68142580986023,-1164.30004882812,11.1000003814697,-899.700012207031,-2.20273842023668,0.0258315168957158,0.105421665001945,ST
222.566666666667,0.195592746138573,-0.602928102016449,7.76269960403442,-0.647870004177094,1.31860601902008,-3.25459384918213,-1173.90002441406,11.1000003814697,-926.100036621094,-2.19392942537601,0.0237846632141212,0.0833027257549071,ST
222.6,-1.09878861904144,-0.789548695087433,11.1296463012695,-0.487807989120483,1.87501192092896,-1.30336201190948,-1161.90002441406,2.70000004768372,-904.500061035156,-2.19086455122273,-0.075999599362734,0.0741392336797036,ST
222.633333333333,0.305651068687439,-1.95652568340302,11.1463947296143,-2.01220798492432,-0.0228659994900227,-1.61586391925812,-1157.10009765625,7.50000047683716,-921.300048828125,-2.18446010365493,0.0064886580630569,0.156538911305606,ST
222.666666666667,0.369054228067398,-1.99121797084808,10.5386810302734,-2.27897787094116,-1.15092194080353,-2.17989206314087,-1159.5,4.5,-909.300048828125,-2.18036807099434,0.0308815012565725,0.183771825763076,ST
222.7,0.57062840461731,-2.14793133735657,9.7658805847168,-1.72257196903229,-1.08232402801514,-1.69970595836639,-1159.5,11.1000003814697,-918.900024414062,-2.1777998564854,0.0546649788733209,0.213405690695144,ST
222.733333333333,1.17654716968536,-2.08572459220886,7.90027236938477,0.144817993044853,-0.0914639979600906,-0.129574000835419,-1154.70007324219,13.5000009536743,-911.700012207031,-2.18094192077595,0.128352654439268,0.250330157836642,ST
222.766666666667,1.00129127502441,-2.09290218353271,7.93257188796997,0.922261953353882,0.868907988071442,0.739333987236023,-1159.5,12.3000001907349,-923.700012207031,-2.18305693482487,0.121210323760668,0.255363744329915,ST
222.8,-0.180041030049324,-1.70231485366821,9.86038684844971,1.21189796924591,1.78354799747467,1.42531394958496,-1159.5,9.30000019073486,-911.700012207031,-2.18122452988801,0.0040602298060454,0.184383398333423,ST
222.833333333333,-0.383409649133682,-1.16936945915222,10.6475429534912,1.2500079870224,0.945127964019775,1.43293595314026,-1157.10009765625,8.70000076293945,-918.900024414062,-2.18489421432432,-0.0293393880992034,0.12275584193886,ST
222.866666666667,-0.516795516014099,-1.18791198730469,10.2802829742432,1.65397393703461,0.503051996231079,2.66007804870605,-1157.10009765625,13.5000009536743,-916.500061035156,-2.19101894623127,-0.0468810362124074,0.114147519206986,ST
222.9,-0.22011661529541,-1.86680424213409,10.8503131866455,0.602137982845306,1.265251994133,2.10367202758789,-1154.70007324219,12.3000001907349,-923.700012207031,-2.19373461717751,-0.0275866982138931,0.158119252729134,ST
222.933333333333,0.474925518035889,-2.01693820953369,9.08399772644043,-0.160062000155449,0.92988395690918,0.358233988285065,-1147.5,8.70000076293945,-914.100036621094,-2.19440918218158,0.0363655875657664,0.208579199103834,ST
222.966666666667,0.291893780231476,-1.9068797826767,7.48874998092651,0.335367977619171,2.04269599914551,-1.44817996025085,-1152.30004882812,15.3000001907349,-914.100036621094,-2.19128242411543,0.0351702983446401,0.240559152539785,ST
223.0,-1.07904994487762,-1.62216377258301,9.06545448303223,1.31860601902008,2.27135586738586,-0.922261953353882,-1145.10009765625,10.5,-930.900024414062,-2.18940697434039,-0.0887777537098895,0.188318453623159,ST
223.033333333333,-0.946262180805206,-0.726145565509796,9.22216796875,2.69056582450867,0.106707997620106,1.01372599601746,-1154.70007324219,11.1000003814697,-926.100036621094,-2.19969793457904,-0.0996976467675591,0.0968758632505446,ST
223.066666666667,0.0239257179200649,-0.87089616060257,8.83277702331543,2.80489587783813,-1.82927989959717,2.36281991004944,-1147.5,9.90000057220459,-921.300048828125,-2.20547383073717,-0.0145048362670838,0.0939185102901024,ST
223.1,0.40853163599968,-0.539524972438812,8.46850776672363,2.33233189582825,-3.58234000205994,2.5152599811554,-1145.10009765625,12.3000001907349,-926.100036621094,-2.2116277786499,0.0401925349595909,0.0665782738119773,ST
223.133333333333,1.13946235179901,-0.386998504400253,7.44807624816895,1.2347639799118,-3.87959790229797,2.63721203804016,-1171.5,9.90000057220459,-926.100036621094,-2.2180573731923,0.139485095362193,0.0528949060235489,ST
223.166666666667,0.924130916595459,-0.641209244728088,9.26882362365723,0.746955990791321,-2.86587190628052,2.24086785316467,-1154.70007324219,5.70000028610229,-909.300048828125,-2.22569123547663,0.11025558084224,0.0655400933777758,ST
223.2,0.595152258872986,-0.128600731492043,11.0602617263794,1.58537602424622,-2.01982998847961,2.23324584960938,-1161.90002441406,15.9000005722046,-914.100036621094,-2.22757668465621,0.0666565938282862,0.0192188682097235,ST
223.233333333333,0.777585864067078,-0.476121813058853,11.8228940963745,2.080806016922,-1.02134799957275,2.76678586006165,-1169.10009765625,7.50000047683716,-921.300048828125,-2.2352602474162,0.0671473112513807,0.0333709481631915,ST
223.266666666667,0.295482635498047,-0.0059814294800162,11.7672662734985,1.92836594581604,-0.0228659994900227,2.46190595626831,-1166.70007324219,11.1000003814697,-911.700012207031,-2.23969896149694,0.0335703236259503,0.0045950576478265,ST
223.3,0.451597929000854,-0.298473328351974,8.59710884094238,0.975615978240967,0.792688012123108,1.90549993515015,-1161.90002441406,6.30000019073486,-911.700012207031,-2.24536974502371,0.047889384643647,0.0280384688231765,ST
223.333333333333,0.0963010191917419,-0.522776961326599,7.70168876647949,-0.586893975734711,2.46952795982361,0.571649968624115,-1166.70007324219,8.10000038146973,-918.900024414062,-2.2475058850146,0.0152281894150999,0.0615410616773309,ST
223.366666666667,-1.20107114315033,-0.232079476118088,9.34478759765625,-0.457319974899292,2.5076379776001,0.358233988285065,-1142.70007324219,4.5,-916.500061035156,-2.24941489228153,-0.104127393481573,0.032525511501096,ST
223.4,-1.39367318153381,-0.632237136363983,9.48236083984375,0.358233988285065,2.30184388160706,0.586893975734711,-1152.30004882812,5.70000028610229,-916.500061035156,-2.24712027320422,-0.14155168871359,0.059870992627819,ST
223.433333333333,-0.921140193939209,-0.579002380371094,11.3306226730347,-0.914639949798584,0.335367977619171,-0.426831990480423,-1145.10009765625,14.7000007629395,-923.700012207031,-2.24701898441369,-0.093648806282051,0.0541711597951073,ST
223.466666666667,-0.360680222511292,-0.497056812047958,10.5895233154297,-0.449698001146317,-1.61586391925812,-0.472563982009888,-1152.30004882812,8.70000076293945,-909.300048828125,-2.24655056444372,-0.043747585977966,0.0490298286369158,ST
223.5,0.927121579647064,-0.671116411685944,9.32684326171875,-0.731711983680725,-1.75305998325348,-1.16616594791412,-1130.70007324219,17.7000007629395,-916.500061035156,-2.24435357914776,0.072558499363837,0.0681973448414335,ST
223.533333333333,1.57491040229797,-0.562852561473846,8.41407680511475,-1.31098401546478,-1.71494996547699,-1.30336201190948,-1159.5,13.5000009536743,-909.300048828125,-2.24106038440955,0.168414547739428,0.0687111961775988,ST
223.566666666667,1.38649535179138,-0.543113827705383,8.25915813446045,-0.952749967575073,-0.426831990480423,-0.556405961513519,-1137.90002441406,6.90000009536743,-923.700012207031,-2.23914292275039,0.167054518431089,0.0674297404404705,ST
223.6,0.774595141410828,-0.664536833763123,7.96666622161865,-1.08994603157043,0.160062000155449,-0.0381099991500378,-1154.70007324219,15.9000005722046,-909.300048828125,-2.24065729973361,0.108958919215918,0.0819741770325508,ST
223.633333333333,-0.288304924964905,-1.38529908657074,9.95908069610596,-1.39482593536377,1.39482593536377,0.114329993724823,-1140.30004882812,11.7000007629395,-926.100036621094,-2.24289947115029,-0.0027532678579001,0.128844414361073,ST
223.666666666667,0.544310092926025,-1.72205364704132,11.095552444458,-2.14940404891968,-0.144817993044853,-0.533540010452271,-1145.10009765625,4.5,-921.300048828125,-2.24205151146237,0.0384258374553627,0.151886980104817,ST
223.7,0.628648281097412,-1.77947533130646,9.7778434753418,-1.70732796192169,-1.77592599391937,-1.02134799957275,-1147.5,11.1000003814697,-918.900024414062,-2.24143533950907,0.06086432975502,0.176674114105542,ST
223.733333333333,-0.305052906274796,-1.76272737979889,10.0643539428711,-0.815553963184357,0.655492007732391,-0.823175966739655,-1152.30004882812,1.5,-911.700012207031,-2.23915630095921,-0.0133162452613974,0.175169868108275,ST
223.766666666667,-0.61249840259552,-1.7364090681076,10.828182220459,-0.274392008781433,1.33385002613068,-0.853663980960846,-1142.70007324219,11.7000007629395,-921.300048828125,-2.2371086230124,-0.048868891922314,0.162710403743086,ST
223.8,-0.257799625396729,-1.24712812900543,10.3071994781494,-0.0609759986400604,-0.304879993200302,-0.807931959629059,-1142.70007324219,6.90000009536743,-923.700012207031,-2.23668855917917,-0.0290927891248731,0.12905392793358,ST
223.833333333333,0.953439891338348,-1.23277270793915,7.41876745223999,0.365855991840363,-1.39482593536377,-0.403965979814529,-1130.70007324219,7.50000047683716,-928.500061035156,-2.23721620321738,0.0985981908219664,0.157343893617732,ST
223.866666666667,-0.201574176549911,-1.18252861499786,8.55763149261475,0.754577994346619,1.07470202445984,0.320124000310898,-1140.30004882812,7.50000047683716,-930.900024414062,-2.23682330945198,-0.0002410934408292,0.140332463882673,ST
223.9,-0.264977335929871,-1.21841728687286,10.3167695999146,0.518296003341675,0.411587983369827,0.533540010452271,-1135.5,6.30000019073486,-921.300048828125,-2.23810661155889,-0.0210745289832283,0.121418219183126,ST
223.933333333333,0.403148353099823,-1.4080286026001,10.2372169494629,-0.0,-1.57013201713562,0.160062000155449,-1140.30004882812,12.9000005722046,-911.700012207031,-2.23898007568788,0.0290245825688494,0.133616440910469,ST
223.966666666667,0.745286166667938,-1.25430583953857,9.44886493682861,0.190549999475479,-1.58537602424622,0.190549999475479,-1142.70007324219,9.30000019073486,-926.100036621094,-2.23984276834286,0.0703088742887643,0.132076895900222,ST
224.0,0.653770267963409,-1.38589727878571,10.1253643035889,0.533540010452271,-0.358233988285065,0.37347799539566,-1145.10009765625,8.10000038146973,-916.500061035156,-2.241154383423,0.065405651580105,0.13463168023877,ST
224.033333333333,0.356493204832077,-1.16039741039276,10.3161716461182,0.663114011287689,0.182927995920181,0.388722002506256,-1149.90002441406,9.90000057220459,-914.100036621094,-2.24106805339351,0.040273860282133,0.115668075490503,ST
224.066666666667,0.176452174782753,-0.586180090904236,8.55643558502197,1.07470202445984,0.289635986089706,0.777444005012512,-1166.70007324219,8.10000038146973,-921.300048828125,-2.24160451643717,0.0240500830062169,0.0764586208922101,ST
224.1,0.0592161528766155,-0.624461233615875,9.56610012054443,1.21951997280121,0.655492007732391,1.91312193870544,-1152.30004882812,9.90000057220459,-916.500061035156,-2.24602270455714,0.0082421912699283,0.0654870602653699,ST
224.133333333333,-0.370848655700684,-0.53533798456192,10.2001323699951,1.65397393703461,0.228659987449646,1.76068198680878,-1140.30004882812,7.50000047683716,-933.300048828125,-2.25012756867128,-0.0277693935292704,0.0527287904643753,ST
224.166666666667,-0.622666835784912,-0.19798532128334,10.0816993713379,1.63110792636871,0.365855991840363,0.92988395690918,-1161.90002441406,6.30000019073486,-930.900024414062,-2.25327303696078,-0.0553944465990077,0.0239857393592491,ST
224.2,-0.0986935868859291,0.138769164681435,9.40998554229736,1.08994603157043,0.0381099991500378,0.685979962348938,-1137.90002441406,14.1000003814697,-911.700012207031,-2.25608469491115,-0.0185677349890344,-0.009426918260118,ST
224.233333333333,0.480906963348389,0.245836764574051,8.60309028625488,0.518296003341675,-0.449698001146317,0.25152599811554,-1130.70007324219,8.10000038146973,-921.300048828125,-2.25647643329112,0.0414478185580152,-0.0254183586878938,ST
224.266666666667,0.473729223012924,0.2613884806633,9.24370193481445,0.426831990480423,-0.342989981174469,-0.419209986925125,-1152.30004882812,11.1000003814697,-930.900024414062,-2.2554034073589,0.0496837563594551,-0.0283181024377487,ST
224.3,0.247033044695854,0.03828115016222,9.19585037231445,0.434453994035721,-0.236281991004944,-1.28049600124359,-1135.5,3.30000019073486,-921.300048828125,-2.25324447478507,0.0317582478852828,-0.0097001313870775,ST
224.333333333333,-0.225499898195267,0.0986935868859291,9.15756893157959,0.533540010452271,0.525918006896973,-2.01982998847961,-1149.90002441406,7.50000047683716,-918.900024414062,-2.24859972337409,-0.0140209621228439,-0.011310308099577,ST
224.366666666667,-0.0819455906748772,0.25839775800705,9.95309925079346,0.0076219998300075,0.144817993044853,-2.31708788871765,-1147.5,4.5,-923.700012207031,-2.24340495972914,-0.0096596124745965,-0.0229805837790077,ST
224.4,0.136376604437828,0.174059599637985,9.96446418762207,-0.144817993044853,-1.11281192302704,-1.95885396003723,-1133.10009765625,8.10000038146973,-918.900024414062,-2.23884077210097,0.0104772839219253,-0.0183848772369745,ST
224.433333333333,0.347521066665649,-0.10527316480875,10.7773399353027,-0.388722002506256,-1.22714197635651,-1.93598794937134,-1152.30004882812,9.90000057220459,-923.700012207031,-2.2348023567977,0.0295525461127137,0.0045736802007815,ST
224.466666666667,0.821250319480896,0.0538328662514687,10.2982273101807,-0.716467976570129,-1.49391198158264,-2.43903994560242,-1130.70007324219,6.90000009536743,-923.700012207031,-2.22821102008804,0.0733560199453412,-0.0027485729826958,ST
224.5,0.235070183873177,-0.001794428913854,10.1672344207764,-0.274392008781433,0.0762199983000755,-2.14178204536438,-1157.10009765625,0.300000011920929,-909.300048828125,-2.22308853009203,0.0319699444635457,-9.29455126117632e-05,ST
224.533333333333,0.624461233615875,-0.431859225034714,10.4764738082886,-0.846041977405548,0.708845973014832,-2.30184388160706,-1140.30004882812,3.30000019073486,-926.100036621094,-2.21898546330723,0.0533433803585948,0.0344004507778215,ST
224.566666666667,1.84407472610474,-0.419896364212036,8.88062858581543,-2.02745199203491,-1.51677799224854,-2.88111591339111,-1147.5,-0.300000011920929,-902.100036621094,-2.21287067406136,0.181463453855226,0.0474229753379897,ST
224.6,1.69573533535004,-0.174657747149467,7.23154830932617,-1.70732796192169,-0.495429992675781,-2.45428395271301,-1140.30004882812,13.5000009536743,-906.900024414062,-2.20321026108201,0.221259819620082,0.0305465186429238,ST
224.633333333333,-0.182433605194092,-0.709995687007904,9.15517616271973,-0.6250039935112,3.20886182785034,-1.06708002090454,-1130.70007324219,13.5000009536743,-930.900024414062,-2.20493822429609,0.0247752232099141,0.0687179938568784,ST
224.666666666667,-1.23337078094482,-0.998300611972809,10.2378149032593,-0.152439996600151,3.81099987030029,-0.807931959629059,-1133.10009765625,7.50000047683716,-928.500061035156,-2.20146852150693,-0.0971647358078061,0.0920805697604301,ST
224.7,-0.976169347763062,-1.3159145116806,10.9884843826294,-1.2576299905777,2.32470989227295,-1.07470202445984,-1130.70007324219,2.70000004768372,-930.900024414062,-2.19615609828622,-0.0927105366265689,0.116653021044878,ST
224.733333333333,-0.828428030014038,-1.19688403606415,10.3149757385254,-1.35671591758728,0.320124000310898,-0.830797970294952,-1118.70007324219,4.5,-918.900024414062,-2.19419489700902,-0.0821272742486245,0.117785365998728,ST
224.766666666667,-1.5121054649353,-0.919345736503601,10.4842500686646,0.121951997280121,2.10367202758789,0.0685980021953583,-1128.30004882812,12.9000005722046,-930.900024414062,-2.19650129169215,-0.13489722935624,0.0927734493978945,ST
224.8,-0.721958577632904,-0.266771763563156,10.3275365829468,0.228659987449646,1.50153398513794,1.01372599601746,-1130.70007324219,0.300000011920929,-921.300048828125,-2.20459071951463,-0.0843752024032522,0.0380256735648038,TR
224.833333333333,0.20097604393959,0.112450875341892,8.27949523925781,0.457319974899292,-1.02134799957275,1.85214591026306,-1128.30004882812,6.30000019073486,-933.300048828125,-2.21079468237097,0.0062618667167494,-0.0050733832526111,TR
224.866666666667,0.861325860023499,0.11484345048666,7.67955780029297,-0.0381099991500378,-1.6920839548111,1.48628997802734,-1130.70007324219,8.70000076293945,-928.500061035156,-2.21379554276856,0.0927709980017742,-0.0127698268415392,TR
224.9,0.847568571567535,0.403746515512466,7.79320478439331,-0.304879993200302,-1.44817996025085,-0.0304879993200302,-1125.90002441406,8.70000076293945,-921.300048828125,-2.21049813358303,0.107110386112066,-0.0434806737587797,TR
224.933333333333,0.717771589756012,0.531749129295349,8.98231315612793,-0.213415995240211,-0.25152599811554,-0.114329993724823,-1130.70007324219,6.90000009536743,-930.900024414062,-2.20898497000561,0.0854891547287857,-0.055704373617326,TR
224.966666666667,0.05742172524333,0.607713282108307,10.1313457489014,0.243903994560242,0.274392008781433,-0.190549999475479,-1125.90002441406,-0.300000011920929,-911.700012207031,-2.20841501277077,0.0213580273843333,-0.0594249055796989,TR
225.0,-0.46236452460289,0.938486337661743,11.011812210083,0.556405961513519,0.594515979290009,-0.510673999786377,-1130.70007324219,10.5,-923.700012207031,-2.20742224410468,-0.0299546470080235,-0.0806274417246327,TR
225.033333333333,-0.0705808699131012,1.33744764328003,10.1899633407593,0.739333987236023,0.868907988071442,-0.99848198890686,-1128.30004882812,9.90000057220459,-933.300048828125,-2.20611832757539,-0.0126312397874248,-0.122063644764729,TR
225.066666666667,0.381615221500397,1.27763342857361,8.59292221069336,0.205793991684914,1.08994603157043,-2.34757590293884,-1116.30004882812,8.10000038146973,-914.100036621094,-2.2005849779489,0.0317955332745601,-0.14339292793412,TR
225.1,-0.188415035605431,0.872092425823212,10.4675016403198,-0.907018005847931,1.49391198158264,-4.08539199829102,-1123.5,14.7000007629395,-933.300048828125,-2.19214387785117,-0.0106297553814401,-0.0940273299447842,TR
225.133333333333,0.142956167459488,1.09041464328766,9.93814563751221,-0.807931959629059,0.3125019967556,-4.84759187698364,-1116.30004882812,8.70000076293945,-921.300048828125,-2.18111289162848,0.0081623003135019,-0.105096505063063,TR
225.166666666667,0.501841962337494,1.37034559249878,9.5864372253418,-0.937505960464478,-0.259148001670837,-4.95429992675781,-1128.30004882812,11.1000003814697,-909.300048828125,-2.16893281392772,0.0424986980364114,-0.133452677107308,TR
225.2,1.14006054401398,1.09579789638519,9.71862697601318,-1.21189796924591,-1.12043392658234,-4.75612783432007,-1121.10009765625,-0.300000011920929,-930.900024414062,-2.15854490358022,0.102852398570161,-0.115181335271564,TR
225.233333333333,1.32129776477814,0.550291538238525,11.1386184692383,-1.07470202445984,-0.25152599811554,-5.82320785522461,-1137.90002441406,8.70000076293945,-911.700012207031,-2.15070415502617,0.114632279200786,-0.0620421917538371,TR
225.266666666667,1.51689052581787,0.887046039104462,10.668478012085,-1.05183601379395,-0.221037998795509,-6.69211578369141,-1118.70007324219,8.70000076293945,-928.500061035156,-2.1330453466315,0.135133743870597,-0.0784694047864465,TR
225.3,1.1657806634903,0.595152258872986,11.3019113540649,-1.15092194080353,0.457319974899292,-7.01223993301392,-1118.70007324219,6.30000019073486,-909.300048828125,-2.11934663382799,0.107917126780725,-0.0573397386583107,TR
225.333333333333,1.1035737991333,0.378026366233826,10.5123624801636,-1.00610399246216,1.12043392658234,-7.66773176193237,-1106.70007324219,11.1000003814697,-918.900024414062,-2.10349769182123,0.103161746188283,-0.0399602454382375,TR
225.366666666667,0.400755792856216,0.107665732502937,10.3741912841797,-1.05183601379395,2.57623600959778,-7.78206205368042,-1123.5,3.30000019073486,-918.900024414062,-2.08743238673256,0.0477495045952331,-0.0155700560094437,TR
225.4,-0.0065795728005468,0.507225215435028,9.90464973449707,-0.907018005847931,2.75916385650635,-7.81254959106445,-1097.10009765625,4.5,-914.100036621094,-2.06883570152282,0.0048695658850169,-0.0429577472669033,TR
225.433333333333,-0.447410941123962,0.0789548754692078,11.3485670089722,-0.403965979814529,2.84300589561462,-7.11132574081421,-1101.90002441406,9.90000057220459,-921.300048828125,-2.05169441463157,-0.0352718224629036,-0.0129933517922664,TR
225.466666666667,0.18183545768261,0.464757084846497,10.5374851226807,-0.160062000155449,1.2500079870224,-6.90553188323975,-1092.30004882812,-0.300000011920929,-916.500061035156,-2.03526844896518,0.0057870924896007,-0.0382334168701892,TR
225.5,0.35410064458847,0.253612607717514,11.4424753189087,-0.190549999475479,0.792688012123108,-6.71498203277588,-1101.90002441406,3.30000019073486,-911.700012207031,-2.01957865193642,0.0247659248074202,-0.0251115161189067,TR
225.533333333333,1.66104304790497,0.625059425830841,9.25566387176514,-0.25152599811554,-0.571649968624115,-6.6235179901123,-1085.10009765625,5.10000038146973,-916.500061035156,-1.99969862320007,0.151903854455761,-0.0609494983403406,TR
225.566666666667,1.71786665916443,0.488682806491852,8.74724292755127,-0.0457319989800453,0.602137982845306,-6.31101608276367,-1097.10009765625,-2.10000014305115,-928.500061035156,-1.98460359511281,0.185222180807567,-0.0582229377450826,TR
225.6,1.00488018989563,0.360082060098648,10.3448829650879,0.0762199983000755,2.24848985671997,-6.44821166992188,-1089.90002441406,7.50000047683716,-897.300048828125,-1.97236385503167,0.109941166530887,-0.0405296097429855,TR
225.633333333333,1.11314404010773,0.282921612262726,9.92558479309082,-0.0685980021953583,1.92074394226074,-6.3567476272583,-1082.70007324219,6.30000019073486,-928.500061035156,-1.95720017233353,0.108229028237279,-0.0312977092018547,TR
225.666666666667,0.161498606204987,0.07656230032444,11.8575859069824,-0.190549999475479,2.12653803825378,-6.08997774124146,-1082.70007324219,-6.30000019073486,-911.700012207031,-1.94462242535693,0.0295542844135723,-0.0116574008094614,TR
225.7,-0.324193477630615,-0.232677608728409,12.5657873153687,0.365855991840363,2.65245604515076,-6.06711196899414,-1087.5,-4.5,-923.700012207031,-1.9299042727123,-0.0196863193364394,0.0126443115194792,TR
225.733333333333,0.199779748916626,0.325987905263901,9.2161865234375,0.388722002506256,2.44666194915771,-6.16619777679443,-1070.70007324219,4.5,-911.700012207031,-1.91591029418119,0.0098138967266951,-0.0262331312540412,TR
225.766666666667,-0.202172324061394,0.0622068680822849,9.74015998840332,0.0685980021953583,3.05642199516296,-5.20582580566406,-1058.70007324219,1.5,-923.700012207031,-1.90396646699671,-0.0189765681281411,-0.0104104156621949,TR
225.8,-0.0077758585102856,0.330174922943115,8.82260894775391,0.152439996600151,2.4923939704895,-4.87045812606812,-1053.90002441406,5.70000028610229,-921.300048828125,-1.89315300341287,-0.0081660053139092,-0.0321068244038767,TR
225.833333333333,-1.08742392063141,-0.116039738059044,10.5356903076172,0.975615978240967,3.50611996650696,-4.09301376342773,-1044.30004882812,0.300000011920929,-923.700012207031,-1.88212583070318,-0.0887129146111395,0.0012683744875202,TR
225.866666666667,-1.01205790042877,0.356493204832077,9.72520637512207,1.45580196380615,3.16313004493713,-4.6341757774353,-1051.5,-5.10000038146973,-928.500061035156,-1.87433960456256,-0.105169628552026,-0.0303945228052693,TR
225.9,-1.07605922222137,-0.099889874458313,10.2414035797119,1.18140995502472,3.05642199516296,-4.25307607650757,-1046.70007324219,11.1000003814697,-935.700012207031,-1.86108218982188,-0.109113743428334,0.0006675188677142,TR
225.933333333333,-0.358287632465363,0.751865744590759,10.151083946228,-0.0152439996600151,0.358233988285065,-4.16923379898071,-1041.90002441406,2.70000004768372,-918.900024414062,-1.85602135289107,-0.0499958473276297,-0.059398738343924,TR
225.966666666667,-0.318810194730759,0.403746515512466,9.79638576507568,1.33385002613068,0.495429992675781,-3.3613018989563,-1034.70007324219,5.10000038146973,-916.500061035156,-1.84717284468559,-0.036577213305841,-0.0461526028954458,TR
226.0,0.353502482175827,0.445616513490677,8.58095932006836,0.983237981796265,1.61586391925812,-4.37502813339233,-1039.5,3.30000019073486,-916.500061035156,-1.83730732406489,0.0229071767226944,-0.0521210543914029,TR
226.033333333333,-1.1675751209259,0.620872378349304,10.5261201858521,1.88263392448425,2.66770005226135,-3.7805118560791,-1017.90002441406,3.90000009536743,-923.700012207031,-1.82830091005858,-0.0920927780161787,-0.0602184422946972,TR
226.066666666667,-0.120824880897999,0.655564725399017,10.1839818954468,1.10518991947174,1.50915598869324,-4.62655401229858,-1025.10009765625,-0.300000011920929,-933.300048828125,-1.81801101715601,-0.030514585283315,-0.064686258018794,TR
226.1,0.544908225536346,0.540721237659454,10.2079076766968,0.282013982534409,-0.708845973014832,-4.49697971343994,-1017.90002441406,4.5,-916.500061035156,-1.80759578038282,0.0369945713927995,-0.0557851317079942,TR
226.133333333333,0.941477060317993,0.410326063632965,9.54755783081055,0.0381099991500378,-1.2500079870224,-5.19058179855347,-1029.90002441406,-0.300000011920929,-933.300048828125,-1.79612695636391,0.087260619932211,-0.0461200777080844,TR
226.166666666667,0.0496458671987057,0.009570287540555,10.8245935440063,0.937505960464478,0.739333987236023,-5.40399789810181,-1022.70001220703,5.10000038146973,-928.500061035156,-1.78534271110996,0.0190521408397447,-0.0110852139564624,TR
226.2,0.34811919927597,0.135778456926346,10.2557592391968,0.609759986400604,0.548784017562866,-5.77747583389282,-1027.5,4.5,-923.700012207031,-1.77200838816788,0.0300654706076331,-0.0138680039257144,TR
226.233333333333,0.348717361688614,0.0968991592526436,10.2073097229004,0.556405961513519,0.114329993724823,-4.71801805496216,-1013.10003662109,6.90000009536743,-930.900024414062,-1.75995240270629,0.0332551541279427,-0.0112234868290775,TR
226.266666666667,0.0299071483314037,-0.30325847864151,10.0416240692139,0.830797970294952,1.54726600646973,-4.66466379165649,-1013.10003662109,2.10000014305115,-923.700012207031,-1.74921527608738,0.0062346620512425,0.0215191265811939,TR
226.3,-0.0843381583690643,-0.312230616807938,9.4913330078125,0.907018005847931,2.41617393493652,-4.83997011184692,-1008.30004882812,-0.300000011920929,-933.300048828125,-1.73790563448697,-0.00902532518224,0.0293603631563588,TR
226.333333333333,-0.461168229579926,-0.436046212911606,9.24130916595459,0.67835795879364,1.95885396003723,-4.67990779876709,-1003.50006103516,3.30000019073486,-918.900024414062,-1.72656568751503,-0.0440749372376883,0.0428359804038839,TR
226.366666666667,-1.24593186378479,-0.48150509595871,11.7481260299683,0.693601965904236,1.06708002090454,-4.24545383453369,-1003.50006103516,8.10000038146973,-916.500061035156,-1.71673586506755,-0.0944241575602595,0.0408450511140842,TR
226.4,0.37324121594429,-0.604722559452057,9.31727313995361,1.13567793369293,-0.442075997591019,-4.53508996963501,-996.300048828125,3.30000019073486,-921.300048828125,-1.70458822668464,0.0183857456153644,0.0592662287916258,TR
226.433333333333,0.0604124404489994,-0.273949474096298,9.78442287445068,1.47866797447205,0.0609759986400604,-4.86283588409424,-998.700012207031,4.5,-923.700012207031,-1.69306111613473,0.0088237189796834,0.0321419677701615,TR
226.466666666667,-0.178246602416039,-0.266771763563156,10.9382400512695,1.63872992992401,0.3125019967556,-4.06252574920654,-998.700012207031,0.300000011920929,-928.500061035156,-1.68283447872268,-0.0123823855241668,0.0233386551929821,TR
226.5,-0.355296939611435,-0.0657957270741463,10.3406953811646,1.85976791381836,0.434453994035721,-3.68904781341553,-998.700012207031,6.30000019073486,-909.300048828125,-1.67457048740986,-0.0304649933626351,0.0073158734681814,TR
226.533333333333,0.260192185640335,0.1722651720047,8.35426330566406,1.22714197635651,1.12805593013763,-3.28508186340332,-991.500061035156,-3.30000019073486,-921.300048828125,-1.6671509010921,0.017106713716872,-0.0167062514616818,TR
226.566666666667,-0.432457357645035,0.0364867225289345,8.10423946380615,1.07470202445984,1.92836594581604,-2.63721203804016,-989.100036621094,-1.5,-923.700012207031,-1.66099569640329,-0.0418506997781807,-0.0083810186755097,TR
226.6,-1.13946235179901,-0.778183996677399,10.5476531982422,0.762199997901917,2.00458598136902,-2.69056582450867,-991.500061035156,-2.10000014305115,-923.700012207031,-1.65009520398834,-0.0968224537310883,0.056277311459757,TR
226.633333333333,-0.190209463238716,-0.744687974452972,10.7396574020386,0.0533539988100529,-1.10518991947174,-3.06404399871826,-981.900024414062,0.300000011920929,-914.100036621094,-1.64210427459526,-0.0299283478707644,0.0670742581782983,TR
226.666666666667,0.320006489753723,-1.17295837402344,11.0136060714722,0.769822001457214,-2.88111591339111,-2.43903994560242,-993.900024414062,-3.90000009536743,-918.900024414062,-1.6367654179243,0.0220878662166617,0.0975907193355497,TR
226.7,1.23396897315979,-0.887046039104462,9.86995697021484,1.42531394958496,-0.807931959629059,-2.09605002403259,-1003.50006103516,1.5,-933.300048828125,-1.63179831502561,0.104746220167124,0.0890431936461443,TR
226.733333333333,1.08383500576019,-1.00428199768066,8.62402534484863,1.90549993515015,2.40092992782593,-0.87652999162674,-991.500061035156,-0.900000035762787,-914.100036621094,-1.63180838268355,0.117076851227905,0.107663247846969,TR
226.766666666667,0.391185492277145,-0.952841758728027,8.50977993011475,1.6692179441452,2.57623600959778,-0.78506600856781,-986.700012207031,-3.30000019073486,-914.100036621094,-1.62977000311137,0.0566014181260765,0.10829931716056,TR
226.8,-0.349913626909256,-1.0515353679657,8.78672027587891,1.92836594581604,2.23324584960938,-0.807931959629059,-969.900024414062,8.70000076293945,-921.300048828125,-1.6275247461657,-0.0230866525927025,0.114243608729315,TR
226.833333333333,-0.924130916595459,-0.811680018901825,9.79698371887207,2.56861400604248,1.63872992992401,-0.861285984516144,-969.900024414062,-2.70000004768372,-923.700012207031,-1.62627143603229,-0.0833372218725398,0.0847387419808837,TR
226.866666666667,-0.814072608947754,-0.472532957792282,11.0429153442383,2.88873791694641,-0.724089980125427,0.121951997280121,-962.700012207031,0.300000011920929,-923.700012207031,-1.62920296122042,-0.0741324635857505,0.0455908653744015,TR
226.9,-1.02222633361816,-0.339147061109543,10.5285129547119,3.64331603050232,-0.426831990480423,0.503051996231079,-967.500061035156,-1.5,-921.300048828125,-1.63101018433124,-0.0916120699813799,0.0297633439534096,TR
226.933333333333,-1.23695969581604,0.449205368757248,9.19465351104736,3.55947399139404,1.57013201713562,0.731711983680725,-960.300048828125,-2.70000004768372,-921.300048828125,-1.63920846286382,-0.127327990274229,-0.0379779621510774,ST
226.966666666667,-0.890036761760712,0.211742609739304,10.1558694839478,2.46952795982361,0.632625997066498,0.853663980960846,-974.700012207031,-9.90000057220459,-914.100036621094,-1.63950302761914,-0.0953991239660623,-0.0275615232332316,ST
227.0,-0.945065915584564,0.523973226547241,9.09775447845459,1.60061991214752,-1.09756803512573,0.160062000155449,-965.100036621094,-7.50000047683716,-916.500061035156,-1.64196319633572,-0.100206588854472,-0.0537300161495138,ST
227.033333333333,-0.622666835784912,0.428868502378464,9.24848651885986,1.19665396213531,-0.701223969459534,-0.0762199983000755,-965.100036621094,-11.7000007629395,-911.700012207031,-1.64109946223348,-0.0728438678917844,-0.0494783063829077,ST
227.066666666667,-0.437840640544891,0.513804793357849,8.680251121521,0.891773998737335,-1.31860601902008,-0.0762199983000755,-981.900024414062,-4.5,-921.300048828125,-1.64119357402695,-0.0530229795584374,-0.0584118210156697,ST
227.1,-1.09400343894958,0.580198705196381,9.74135684967041,1.38720393180847,0.342989981174469,0.365855991840363,-967.500061035156,-11.1000003814697,-909.300048828125,-1.64205348183988,-0.100267187269607,-0.0612530584168378,ST
227.133333333333,-0.10826388001442,-0.0113647161051631,9.77604866027832,0.304879993200302,-0.663114011287689,-0.259148001670837,-977.100036621094,-6.30000019073486,-921.300048828125,-1.63817963993152,-0.0281765573306891,-0.0117844519270569,ST
227.166666666667,-0.268566191196442,0.233275756239891,9.12945652008057,0.259148001670837,-1.10518991947174,-1.03659200668335,-962.700012207031,-8.10000038146973,-918.900024414062,-1.63604715596805,-0.0276416547504933,-0.0230938575231204,ST
227.2,-0.113049022853374,-0.107067592442036,8.87285327911377,0.0457319989800453,-0.129574000835419,-1.18140995502472,-979.500061035156,-5.70000028610229,-921.300048828125,-1.63271447530483,-0.0155703019774443,0.0049525329101316,ST
227.233333333333,-0.580198705196381,-0.572422802448273,9.66240119934082,-0.0381099991500378,1.29574000835419,-1.6920839548111,-965.100036621094,-4.5,-926.100036621094,-1.62664407364831,-0.0547079419611491,0.0507851172689558,ST
227.266666666667,-1.02402079105377,-0.336754500865936,9.33940410614014,-0.243903994560242,0.830797970294952,-1.15854394435883,-957.900024414062,-2.70000004768372,-906.900024414062,-1.62474472118316,-0.0999117082092393,0.0393455298281859,ST
227.3,-0.964804589748383,-0.473729223012924,9.57567119598389,-0.350611984729767,0.907018005847931,-0.221037998795509,-960.300048828125,-1.5,-916.500061035156,-1.62336664373162,-0.101467438436002,0.047925324236401,ST
227.333333333333,-0.556272983551025,-0.979160070419312,9.98659515380859,-0.495429992675781,1.03659200668335,0.487807989120483,-962.700012207031,-4.5,-906.900024414062,-1.62100928057119,-0.0646876139419376,0.0900774721342288,ST
227.366666666667,-0.202172324061394,-0.708201289176941,9.26942157745361,-0.442075997591019,0.228659987449646,-0.25152599811554,-955.500061035156,-3.30000019073486,-914.100036621094,-1.62090631214407,-0.029705656633048,0.0793697256395092,ST
227.4,-0.399559497833252,-0.604722559452057,10.5135593414307,0.213415995240211,0.525918006896973,0.259148001670837,-950.700012207031,-11.7000007629395,-909.300048828125,-1.62199370633332,-0.0370239656248603,0.0615643815943357,ST
227.433333333333,0.215929612517357,-0.456981241703033,9.75451564788818,0.914639949798584,-0.564027965068817,0.419209986925125,-962.700012207031,-6.30000019073486,-921.300048828125,-1.62323053353386,0.0123253828482124,0.0481379253308098,ST
227.466666666667,0.467149674892426,-0.407335370779037,9.61215782165527,0.137196004390717,-1.37195992469788,0.37347799539566,-974.700012207031,-1.5,-906.900024414062,-1.6241654913179,0.0439970946493003,0.0432110197069128,ST
227.5,0.343932211399078,0.208153754472733,8.56181812286377,0.221037998795509,-0.92988395690918,0.350611984729767,-957.900024414062,-0.900000035762787,-918.900024414062,-1.62267080874611,0.0421501141513864,-0.0132740986296501,ST
227.533333333333,0.739902853965759,-0.321800917387009,9.19525146484375,0.0762199983000755,-0.510673999786377,0.533540010452271,-955.500061035156,-13.5000009536743,-928.500061035156,-1.62613272130581,0.0732768684082629,0.0251697629769462,ST
227.566666666667,0.168676316738129,-0.345726639032364,9.74913215637207,-0.297257989645004,-1.20427596569061,0.0457319989800453,-957.900024414062,-8.10000038146973,-906.900024414062,-1.62674824808911,0.0290125128741134,0.034046097637417,ST
227.6,-1.08503139019012,-0.0789548754692078,9.94053840637207,1.06708002090454,0.823175966739655,-0.388722002506256,-953.100036621094,-7.50000047683716,-914.100036621094,-1.62633612974631,-0.0820202648594615,0.0117916881515094,ST
227.633333333333,-0.575413525104523,-0.862522184848785,10.5691862106323,-0.160062000155449,1.61586391925812,-0.846041977405548,-965.100036621094,-4.5,-909.300048828125,-1.62024521386571,-0.0620350826764984,0.0677259689251427,ST
227.666666666667,-0.611302137374878,-0.79074501991272,10.1534767150879,-0.861285984516144,-0.609759986400604,-2.14940404891968,-957.900024414062,-6.90000009536743,-916.500061035156,-1.61496796028814,-0.0593029563879527,0.0770858599585974,ST
227.7,-1.37094366550446,-0.68965882062912,9.99257659912109,-0.846041977405548,-0.777444005012512,-1.95123195648193,-965.100036621094,1.5,-899.700012207031,-1.61126020580257,-0.119271085172701,0.072023744337129,ST
227.733333333333,-0.650181412696838,-1.23217451572418,10.087082862854,-1.57775402069092,-0.243903994560242,-1.47866797447205,-962.700012207031,-4.5,-923.700012207031,-1.60408530584744,-0.073865109961788,0.114607198260984,ST
227.766666666667,-0.614890992641449,-1.09819054603577,9.49013614654541,-1.02897000312805,-0.78506600856781,-1.6844619512558,-953.100036621094,2.70000004768372,-916.500061035156,-1.60046836079542,-0.0648475497311587,0.116669808125986,ST
227.8,-0.977963745594025,-1.3338588476181,9.07382869720459,-0.449698001146317,-0.320124000310898,-1.28811800479889,-955.500061035156,1.5,-911.700012207031,-1.5957584737205,-0.0972100240843187,0.140814074605894,ST
227.833333333333,-1.08024621009827,-1.56414389610291,10.53688621521,-0.564027965068817,0.137196004390717,-1.03659200668335,-943.500061035156,-1.5,-909.300048828125,-1.59257252352238,-0.100435565077886,0.14731888248147,ST
227.866666666667,-0.970187902450562,-1.07247030735016,9.6761589050293,0.106707997620106,-2.15702605247498,-1.01372599601746,-950.700012207031,3.30000019073486,-918.900024414062,-1.59377857758778,-0.0962830683040288,0.116930019995031,ST
227.9,-0.274547636508942,-1.44989860057831,9.02238845825195,0.297257989645004,-1.50153398513794,-0.152439996600151,-969.900024414062,3.30000019073486,-918.900024414062,-1.59149413837326,-0.0389745949421329,0.151813414792442,ST
227.933333333333,-0.256005197763443,-1.06469452381134,9.28557109832764,0.609759986400604,-0.617381989955902,0.670735955238342,-957.900024414062,5.10000038146973,-899.700012207031,-1.59434832207371,-0.0287004114605818,0.119975188246475,ST
227.966666666667,-0.0705808699131012,-1.37333631515503,8.53789234161377,0.663114011287689,-0.0228659994900227,1.18140995502472,-957.900024414062,2.10000014305115,-909.300048828125,-1.59639015812458,-0.0125045875509199,0.150567654268893,ST
228.0,-0.136974737048149,-1.09699416160583,7.83746719360352,0.609759986400604,0.37347799539566,0.708845973014832,-960.300048828125,0.300000011920929,-902.100036621094,-1.59800829143785,-0.0169953108349675,0.140519145885136,ST
228.033333333333,-0.82364284992218,-1.09998488426208,9.23831844329834,1.2500079870224,0.967993974685669,1.44055795669556,-953.100036621094,1.5,-914.100036621094,-1.60218976271972,-0.0787260564147965,0.120046272156681,ST
228.066666666667,-0.62147057056427,-0.842783451080322,9.24788856506348,1.56251001358032,-0.640248000621796,1.42531394958496,-962.700012207031,1.5,-909.300048828125,-1.60746363524287,-0.0682462715682491,0.0936949603081382,ST
228.1,-0.626255691051483,-1.0634982585907,9.77963733673096,1.89787793159485,0.175305992364883,1.90549993515015,-969.900024414062,-1.5,-921.300048828125,-1.61124340176963,-0.0648916729799865,0.102929799114944,ST
228.133333333333,-0.35709136724472,-0.573020994663239,10.4202489852905,1.45580196380615,-0.960371971130371,1.35671591758728,-955.500061035156,-4.5,-918.900024414062,-1.61646683105836,-0.0392035993091234,0.0624815813625677,ST
228.166666666667,0.290697485208511,-1.22858572006226,10.7797327041626,0.990859985351562,-1.79879200458527,1.32622802257538,-962.700012207031,-8.70000076293945,-914.100036621094,-1.61936351684507,0.0158029962165796,0.101810084801943,ST
228.2,0.626853823661804,-1.07426476478577,9.54157638549805,0.564027965068817,-2.45428395271301,0.541162014007568,-955.500061035156,-2.70000004768372,-909.300048828125,-1.62152411333311,0.0585556592597537,0.109299839613508,ST
228.233333333333,1.46784281730652,-1.11673295497894,8.43262004852295,0.320124000310898,-2.08842802047729,0.731711983680725,-962.700012207031,-5.10000038146973,-921.300048828125,-1.62588496982857,0.153628506553828,0.127331947232578,ST
228.266666666667,1.68616509437561,-1.44930040836334,9.92438793182373,0.564027965068817,-2.16464805603027,1.34909391403198,-965.100036621094,0.900000035762787,-904.500061035156,-1.63242862680273,0.167238962883048,0.141607862750327,ST
228.3,1.10058307647705,-0.74050098657608,10.3478736877441,1.265251994133,-2.72105383872986,1.02134799957275,-977.100036621094,0.300000011920929,-906.900024414062,-1.6275630894782,0.119867475674255,0.0815388883691694,ST
228.333333333333,1.14065861701965,0.253612607717514,9.39204120635986,1.87501192092896,-2.77440786361694,1.53964400291443,-972.300048828125,0.300000011920929,-923.700012207031,-1.62091828055082,0.124698913772083,-0.0100113243845469,ST
228.366666666667,0.558067381381989,0.116039738059044,9.18388748168945,2.71343183517456,-0.365855991840363,3.3613018989563,-979.500061035156,-8.10000038146973,-911.700012207031,-1.62869061224774,0.0741762514113232,-0.0154649391631323,ST
228.4,-0.967795312404633,0.350511789321899,10.9149131774902,2.95733594894409,2.74391984939575,3.06404399871826,-979.500061035156,-5.10000038146973,-906.900024414062,-1.63582668706069,-0.0591909601156429,-0.0329367762828453,ST
228.433333333333,-0.771604418754578,0.716575264930725,9.46202373504639,2.89635992050171,2.64483404159546,1.92836594581604,-986.700012207031,-8.70000076293945,-902.100036621094,-1.64294583652745,-0.0805473146869007,-0.0717903444668619,ST
228.466666666667,-0.672312676906586,0.571226537227631,9.57268047332764,1.34147191047668,1.82927989959717,1.20427596569061,-972.300048828125,0.300000011920929,-916.500061035156,-1.64515258447861,-0.0745541017429673,-0.0640667465431879,ST
228.5,-0.498851239681244,0.162096738815308,9.47159385681152,0.0838419944047928,1.17378795146942,1.05183601379395,-972.300048828125,-8.10000038146973,-909.300048828125,-1.645196726848,-0.058626944362392,-0.0267801305591481,ST
228.533333333333,-0.493467956781387,-0.0269164331257343,10.0601663589478,-0.967993974685669,0.945127964019775,0.487807989120483,-969.900024414062,-5.10000038146973,-902.100036621094,-1.64509761383882,-0.0522643393479199,-0.0019468419002246,ST
228.566666666667,-1.06648886203766,0.053234726190567,10.6331872940063,-0.198172003030777,1.34147191047668,-0.327746003866196,-967.500061035156,-0.900000035762787,-892.500061035156,-1.64454022365394,-0.0922182366540481,-0.004073907278015,ST
228.6,-0.399559497833252,-0.564048826694489,9.79937648773193,-0.777444005012512,0.731711983680725,-1.265251994133,-974.700012207031,-6.30000019073486,-906.900024414062,-1.63809178672175,-0.0520605139299279,0.0463229156804988,ST
228.633333333333,-0.293090045452118,-0.847568571567535,8.34349632263184,-1.31860601902008,0.350611984729767,-2.55336999893188,-943.500061035156,-9.90000057220459,-902.100036621094,-1.63022950748033,-0.0386058283193187,0.0921728339289909,ST
228.666666666667,-0.425279647111893,-0.842185318470001,8.29923343658447,-1.76068198680878,0.480185985565186,-2.9344699382782,-957.900024414062,-5.70000028610229,-921.300048828125,-1.62314678331004,-0.0487164150625774,0.101969439670406,ST
228.7,-0.783567309379578,-1.1436493396759,8.79329967498779,-1.13567793369293,1.29574000835419,-2.37044191360474,-965.100036621094,-10.5,-904.500061035156,-1.61523840533836,-0.083402470715986,0.126959075089304,ST
228.733333333333,-0.855942606925964,-0.919943869113922,9.22157001495361,-0.533540010452271,0.952749967575073,-1.46342396736145,-950.700012207031,3.90000009536743,-918.900024414062,-1.61343805248575,-0.0916769143619192,0.105311294591709,ST
228.766666666667,-0.947458446025848,-0.776987731456757,9.16055965423584,0.144817993044853,1.07470202445984,-0.92988395690918,-950.700012207031,0.900000035762787,-906.900024414062,-1.61255109207976,-0.102142144803334,0.0882512889069936,ST
228.8,-0.18482618033886,-1.05452609062195,10.4902315139771,-0.121951997280121,0.830797970294952,-0.731711983680725,-936.300048828125,-3.90000009536743,-902.100036621094,-1.6098599836628,-0.0328288180745119,0.098443642898307,ST
228.833333333333,-0.407933503389359,-0.745884299278259,9.36931133270264,0.472563982009888,0.152439996600151,-0.495429992675781,-945.900024414062,-1.5,-894.900024414062,-1.60923835945371,-0.0414020248234904,0.0826405178864417,ST
228.866666666667,-0.0777585878968239,-0.69264954328537,9.29514217376709,0.564027965068817,0.495429992675781,-0.594515979290009,-938.700012207031,-3.90000009536743,-914.100036621094,-1.60782625111727,-0.0145378202473038,0.0749673138551028,ST
228.9,0.133385881781578,-0.733921408653259,9.77425384521484,0.381099998950958,-0.0381099991500378,-0.685979962348938,-941.100036621094,0.300000011920929,-897.300048828125,-1.60625524821077,0.008061217880654,0.0744194779283606,ST
228.933333333333,0.267369896173477,-0.379222631454468,9.51765060424805,0.487807989120483,-1.2347639799118,-0.556405961513519,-936.300048828125,-3.30000019073486,-902.100036621094,-1.6046869144295,0.0257965553763773,0.04610313681424,ST
228.966666666667,1.10835897922516,-0.48449581861496,7.81354141235352,0.205793991684914,-1.31860601902008,-0.617381989955902,-950.700012207031,-1.5,-897.300048828125,-1.60435022108673,0.119340118038107,0.0583469770192413,ST
229.0,1.1316864490509,-0.487486511468887,8.42065715789795,-0.434453994035721,-1.6615959405899,-0.746955990791321,-941.100036621094,-3.90000009536743,-911.700012207031,-1.60265318285975,0.133309256817168,0.0584222622976927,ST
229.033333333333,-0.465953379869461,-0.90977543592453,10.5350923538208,0.396344006061554,-1.15854394435883,-0.0762199983000755,-948.300048828125,0.300000011920929,-899.700012207031,-1.60409153270582,-0.0065004787774516,0.0800016160493928,ST
229.066666666667,0.119030453264713,-1.94276833534241,10.0649518966675,-0.137196004390717,-0.0609759986400604,-0.724089980125427,-943.500061035156,2.10000014305115,-921.300048828125,-1.60245212142325,0.0086206745521584,0.171065518303937,ST
229.1,-0.229088753461838,-2.35070180892944,12.569974899292,-1.53202199935913,-1.42531394958496,-3.32319188117981,-945.900024414062,-2.70000004768372,-904.500061035156,-1.59506621608022,-0.0103112912872414,0.184627850978787,ST
229.133333333333,-0.77878212928772,-1.55457353591919,11.0189895629883,-0.106707997620106,-2.53812599182129,-2.68294382095337,-943.500061035156,-2.10000014305115,-911.700012207031,-1.59108305600836,-0.0537812727719766,0.149419867131256,ST
229.166666666667,-0.980954468250275,-1.44451522827148,8.47508811950684,2.08842802047729,0.87652999162674,-0.167683988809586,-945.900024414062,6.90000009536743,-906.900024414062,-1.58903049405254,-0.102709764888175,0.162021980439284,ST
229.2,-1.84168219566345,-1.04017066955566,9.14560604095459,2.86587190628052,3.94057393074036,2.04269599914551,-955.500061035156,-3.30000019073486,-914.100036621094,-1.59779338075647,-0.185371231321127,0.118254730650238,ST
229.233333333333,-2.04026556015015,-0.738108456134796,9.0612678527832,2.97257995605469,3.10977602005005,2.23324584960938,-936.300048828125,-2.10000014305115,-906.900024414062,-1.60757659353662,-0.218249221114313,0.0840667752049305,ST
229.266666666667,-1.29079258441925,-1.00846910476685,10.3813695907593,0.800309956073761,0.83841997385025,1.84452390670776,-919.500061035156,-6.30000019073486,-923.700012207031,-1.60986059134735,-0.141559781113693,0.0930501147845776,ST
229.3,-0.718369722366333,-1.14424753189087,8.84653472900391,0.655492007732391,-2.22562384605408,1.70732796192169,-941.100036621094,-0.900000035762787,-909.300048828125,-1.61125735669031,-0.0877157865062531,0.121451835534504,ST
229.333333333333,-0.211742609739304,-1.2178190946579,8.67367076873779,-0.236281991004944,-2.30184388160706,1.05183601379395,-941.100036621094,-9.30000019073486,-904.500061035156,-1.61356471220399,-0.0332046864324411,0.136322426055867,ST
229.366666666667,-0.0412718653678894,-0.905588448047638,9.32205867767334,0.129574000835419,-1.59299790859222,1.32622802257538,-943.500061035156,-5.10000038146973,-894.900024414062,-1.61769005565611,-0.0082165447923213,0.10458519396582,ST
229.4,0.145348742604256,-1.06409633159637,9.10612869262695,0.586893975734711,-0.746955990791321,2.43141794204712,-941.100036621094,-3.90000009536743,-892.500061035156,-1.62346110564327,0.0116597826258857,0.113160108624832,ST
229.433333333333,-0.268566191196442,-0.773997008800507,8.64735317230225,0.87652999162674,0.137196004390717,2.72867584228516,-957.900024414062,-5.70000028610229,-914.100036621094,-1.63016963434827,-0.0238942500884849,0.0922351219469406,ST
229.466666666667,0.111852735280991,-0.69264954328537,8.81543064117432,0.701223969459534,0.396344006061554,2.78202986717224,-953.100036621094,-11.1000003814697,-906.900024414062,-1.63714731236175,0.005602345666624,0.0797032290867308,ST
229.5,-0.984543323516846,-0.586180090904236,10.1762065887451,1.83690190315247,1.12043392658234,3.62807202339172,-941.100036621094,1.5,-897.300048828125,-1.64588245853783,-0.0775906208383432,0.059233717214696,ST
229.533333333333,-0.420494496822357,-0.412718653678894,10.2557592391968,1.61586391925812,0.25152599811554,2.61434602737427,-941.100036621094,-7.50000047683716,-902.100036621094,-1.65329587365874,-0.0476392839986818,0.0408501821925596,ST
229.566666666667,-0.871494293212891,-0.148937597870827,10.3275365829468,1.76068198680878,-0.365855991840363,2.73629784584045,-948.300048828125,-7.50000047683716,-904.500061035156,-1.66083102333562,-0.0763942073273098,0.0170533188518537,ST
229.6,-0.634031534194946,0.0837400183081627,10.0721292495728,1.21951997280121,-0.426831990480423,2.17227005958557,-948.300048828125,-6.90000009536743,-906.900024414062,-1.66719412442454,-0.065006875730658,-0.0051092149985039,ST
229.633333333333,0.127404451370239,-0.220714762806892,9.4787712097168,0.487807989120483,-1.31098401546478,1.80641400814056,-957.900024414062,-3.30000019073486,-887.700012207031,-1.67112366555978,0.0029552317458706,0.0180481924344419,ST
229.666666666667,0.578404247760773,-0.311034351587296,9.01222038269043,0.152439996600151,-1.93598794937134,1.41006994247437,-936.300048828125,-6.90000009536743,-902.100036621094,-1.67520044582155,0.0565465569272176,0.0315948052483458,ST
229.7,0.900803327560425,-0.166283741593361,8.26693439483643,0.487807989120483,-1.34909391403198,1.6920839548111,-948.300048828125,-9.90000057220459,-899.700012207031,-1.67872160198313,0.101102267092696,0.0216871122124721,ST
229.733333333333,0.322997212409973,-0.260192185640335,9.83765697479248,0.274392008781433,-0.739333987236023,1.40244793891907,-948.300048828125,-14.1000003814697,-899.700012207031,-1.68229254815192,0.0475675864495214,0.0252308589013493,ST
229.766666666667,-1.11314404010773,0.107665732502937,10.4692964553833,0.769822001457214,0.152439996600151,1.83690190315247,-960.300048828125,-6.90000009536743,-914.100036621094,-1.6869039809473,-0.0750891395165875,-0.004220620502277,ST
229.8,-1.35658824443817,0.251220047473907,10.9783163070679,0.746955990791321,0.0685980021953583,1.63110792636871,-948.300048828125,-6.30000019073486,-904.500061035156,-1.69213923269471,-0.113894268134469,-0.0206108315409051,ST
229.833333333333,-0.901401460170746,0.244640469551086,9.66957950592041,-0.0762199983000755,-1.14329993724823,0.724089980125427,-945.900024414062,-11.1000003814697,-894.900024414062,-1.69414745326512,-0.0955330673382806,-0.0243444993067779,ST
229.866666666667,-0.907382905483246,0.222509190440178,9.4847526550293,-0.411587983369827,-0.213415995240211,-0.0914639979600906,-948.300048828125,-13.5000009536743,-904.500061035156,-1.6938930148874,-0.0950934931584509,-0.0230480908485231,ST
229.9,-0.933103024959564,-0.009570287540555,9.87294769287109,-0.556405961513519,0.167683988809586,-0.83841997385025,-950.700012207031,-6.30000019073486,-904.500061035156,-1.69011284914457,-0.0946471097229622,-0.0026866798948097,ST
229.933333333333,-0.782969176769257,-0.0963010191917419,8.93266677856445,-1.03659200668335,-0.327746003866196,-1.12043392658234,-943.500061035156,-13.5000009536743,-887.700012207031,-1.68663471291389,-0.0884144716168022,0.0096549015984864,ST
229.966666666667,-1.07426476478577,-0.426475942134857,9.48894023895264,-1.34909391403198,0.503051996231079,-0.983237981796265,-943.500061035156,-4.5,-911.700012207031,-1.68169304411347,-0.108410116595378,0.0398192622286833,ST
230.0,-0.485093951225281,-0.572422802448273,9.54277324676514,-1.78354799747467,-0.381099998950958,-1.45580196380615,-955.500061035156,-5.10000038146973,-914.100036621094,-1.67683538333356,-0.0597152678245717,0.0593037846019232,ST
230.033333333333,-0.607713282108307,-0.712388277053833,9.3358154296875,-1.15854394435883,-0.617381989955902,-0.990859985351562,-950.700012207031,-10.5,-906.900024414062,-1.67366939286382,-0.0629647404858364,0.0750994686377092,ST
230.066666666667,-0.39238178730011,-0.53234726190567,9.35914325714111,-0.693601965904236,-0.213415995240211,-0.67835795879364,-945.900024414062,-8.70000076293945,-923.700012207031,-1.67297096667936,-0.0457323977768593,0.0615132497608086,ST
230.1,0.0406737215816975,-0.40853163599968,9.69888782501221,-0.167683988809586,-0.0152439996600151,-0.320124000310898,-941.100036621094,-8.70000076293945,-899.700012207031,-1.67255531608496,-0.0036285000243192,0.045410075929476,ST
230.133333333333,-0.0221312902867794,-0.405540943145752,9.29215145111084,-0.114329993724823,-0.0457319989800453,-0.297257989645004,-933.900024414062,-3.90000009536743,-904.500061035156,-1.67183955343789,-0.0025179209901937,0.0441011170712195,ST
230.166666666667,-0.579600512981415,-0.328978627920151,9.19046688079834,0.137196004390717,1.21951997280121,-0.457319974899292,-950.700012207031,-11.1000003814697,-897.300048828125,-1.67079041106306,-0.0538711473098794,0.0371025020235514,ST
230.2,0.0370848625898361,-0.788352429866791,10.2533664703369,-0.92988395690918,0.792688012123108,-0.792688012123108,-948.300048828125,-5.10000038146973,-894.900024414062,-1.6678996984681,-0.0090210441222673,0.0700804952844227,ST
230.233333333333,-0.341539651155472,-0.503038227558136,9.38007831573486,-0.167683988809586,-0.0838419944047928,-0.724089980125427,-933.900024414062,-13.5000009536743,-897.300048828125,-1.66651134833407,-0.0306594609089273,0.0571624612025375,ST
230.266666666667,-0.0831418707966805,-0.625657558441162,9.4554443359375,-0.221037998795509,-0.0304879993200302,-0.556405961513519,-933.900024414062,-7.50000047683716,-911.700012207031,-1.66508465094454,-0.013092852793418,0.0646008866358721,ST
230.3,0.452196091413498,-0.410924226045609,9.42015361785889,-0.358233988285065,-0.990859985351562,-0.518296003341675,-936.300048828125,-9.90000057220459,-902.100036621094,-1.66381628808039,0.0370423092408517,0.048322145732563,ST
230.333333333333,0.614890992641449,-0.270958751440048,9.26702880859375,0.541162014007568,-2.15702605247498,0.342989981174469,-943.500061035156,-6.90000009536743,-904.500061035156,-1.66410035038935,0.0640903079761551,0.0319012780139557,ST
230.366666666667,0.870298027992249,-0.324193477630615,7.61735057830811,0.87652999162674,-1.74543797969818,-0.274392008781433,-943.500061035156,-6.90000009536743,-899.700012207031,-1.6644048979351,0.107321138165524,0.0393403451033616,ST
230.4,-0.247033044695854,-0.552684128284454,9.43869590759277,0.495429992675781,-0.503051996231079,-0.708845973014832,-943.500061035156,-1.5,-916.500061035156,-1.66368643691621,0.0015867295183417,0.053906338647237,ST
230.433333333333,-1.0975923538208,-0.884653449058533,12.1088066101074,0.823175966739655,-0.266770005226135,-0.846041977405548,-941.100036621094,-3.90000009536743,-909.300048828125,-1.66122360183042,-0.0711978183661871,0.0679889828694793,ST
230.466666666667,0.0388792939484119,-1.09878861904144,11.6506290435791,-0.6250039935112,-1.18903195858002,-1.70732796192169,-936.300048828125,-5.10000038146973,-914.100036621094,-1.65669477415853,-0.009850315800512,0.0897374573289565,ST
230.5,-0.666929423809052,-1.1095552444458,11.1445999145508,0.0381099991500378,-0.594515979290009,-2.01982998847961,-948.300048828125,-6.30000019073486,-909.300048828125,-1.65196613604796,-0.0483846813520347,0.0973640176098655,ST
230.533333333333,-0.586180090904236,-0.909177303314209,10.4890356063843,-0.739333987236023,0.190549999475479,-2.03507399559021,-943.500061035156,-3.90000009536743,-897.300048828125,-1.64773519231973,-0.0541657068861123,0.0898387463834919,ST
230.566666666667,0.138171032071114,-0.803305983543396,8.0593786239624,-0.87652999162674,0.160062000155449,-0.990859985351562,-924.300048828125,-5.10000038146973,-909.300048828125,-1.64525115698348,0.0026132398122316,0.0986805128189564,ST
230.6,0.214733332395554,-1.01684308052063,7.88412237167358,-1.10518991947174,0.205793991684914,-0.609759986400604,-938.700012207031,-3.90000009536743,-911.700012207031,-1.64407959926344,0.0219046422913937,0.123827649308817,ST
230.633333333333,-0.142358019948006,-0.953439891338348,8.95539665222168,-0.571649968624115,0.967993974685669,-0.472563982009888,-936.300048828125,-2.10000014305115,-894.900024414062,-1.64264595286608,-0.0094703002337181,0.110442940435686,ST
230.666666666667,-0.0610105842351913,-1.34881234169006,9.29932880401611,-0.78506600856781,0.739333987236023,-0.182927995920181,-941.100036621094,-6.30000019073486,-894.900024414062,-1.64178766438641,-0.0080810949011789,0.138365214146263,ST
230.7,-0.28411790728569,-1.37692511081696,9.91302299499512,-0.663114011287689,0.922261953353882,-0.693601965904236,-929.100036621094,-1.5,-916.500061035156,-1.63992575407217,-0.025429442572099,0.139035166629891,ST
230.733333333333,-0.0053832866251468,-0.802109718322754,11.365912437439,-0.777444005012512,0.0457319989800453,-0.121951997280121,-931.500061035156,-0.300000011920929,-914.100036621094,-1.64049478882166,-0.0055463430102774,0.0853640276837267,ST
230.766666666667,0.867307305335999,-0.404344648122787,9.59780216217041,0.144817993044853,-1.57775402069092,0.800309956073761,-938.700012207031,-12.9000005722046,-911.700012207031,-1.64142516448854,0.0728889759854584,0.0507339296336738,ST
230.8,1.22798752784729,-0.69564026594162,8.29504680633545,0.0533539988100529,-0.6250039935112,1.31860601902008,-933.900024414062,-4.5,-902.100036621094,-1.64724947174689,0.132368479192253,0.0771093247709628,ST
230.833333333333,0.382811486721039,-0.549095273017883,8.59830474853516,-0.274392008781433,1.16616594791412,-0.213415995240211,-926.700012207031,-1.5,-914.100036621094,-1.64551452256381,0.0605447365995429,0.0667921030767802,ST
230.866666666667,-0.945664048194885,-0.62147057056427,9.15517616271973,0.396344006061554,2.21037983894348,0.0381099991500378,-933.900024414062,0.300000011920929,-911.700012207031,-1.64525445135677,-0.0727325505897644,0.0670447709181718,ST
230.9,-1.4660484790802,-0.620274245738983,9.87115383148193,0.937505960464478,3.07928800582886,0.327746003866196,-931.500061035156,-2.70000004768372,-894.900024414062,-1.64581834088073,-0.136448638992221,0.0623059983202581,ST
230.933333333333,-1.36017715930939,-0.273351341485977,10.254563331604,0.990859985351562,1.57013201713562,1.2500079870224,-919.500061035156,-1.5,-894.900024414062,-1.65239177009143,-0.135006548603317,0.0317850931691074,ST
230.966666666667,-1.25550210475922,-0.476719945669174,10.0404281616211,0.548784017562866,0.274392008781433,1.37958192825317,-917.100036621094,-4.5,-906.900024414062,-1.65405871288148,-0.126545836796976,0.0437654408329374,ST
231.0,-0.795530140399933,-0.205163031816483,10.039231300354,-0.411587983369827,0.320124000310898,0.640248000621796,-912.300048828125,-0.300000011920929,-902.100036621094,-1.65762619538455,-0.0885580603234308,0.0253393021548831,ST
231.033333333333,0.0197387188673019,-0.0352904349565506,8.89797496795654,-0.609759986400604,-1.17378795146942,0.129574000835419,-912.300048828125,-2.70000004768372,-902.100036621094,-1.65890814706397,-0.0123229576585909,0.0086486627677131,ST
231.066666666667,0.532945394515991,-0.339745193719864,7.76269960403442,-0.800309956073761,-1.64635193347931,-0.152439996600151,-917.100036621094,-3.30000019073486,-916.500061035156,-1.65924802784592,0.0564095609854633,0.0385958780641165,ST
231.1,0.281725347042084,-0.150133892893791,7.97982549667358,-0.899396002292633,-1.6920839548111,-0.327746003866196,-905.100036621094,2.70000004768372,-890.100036621094,-1.65779856885957,0.0419131330861789,0.0240297018443263,ST
231.133333333333,0.448607236146927,-0.0669920146465302,9.80475997924805,-1.21951997280121,-2.71343183517456,-0.304879993200302,-929.100036621094,5.70000028610229,-890.100036621094,-1.65641252908634,0.0491188455157126,0.0113158178485228,ST
231.166666666667,-0.449803501367569,0.0317015759646893,10.4465665817261,-0.548784017562866,-2.080806016922,0.327746003866196,-914.700012207031,5.10000038146973,-923.700012207031,-1.65703108252966,-0.0215379757448199,0.0006265377845903,ST
231.2,-0.45638307929039,0.0520384386181831,11.6464414596558,-0.739333987236023,-0.777444005012512,0.46494197845459,-919.500061035156,0.900000035762787,-906.900024414062,-1.6582334598846,-0.0345288103022048,-0.0024298298994129,TR
231.233333333333,-0.334960073232651,0.233275756239891,10.6409635543823,-0.78506600856781,-0.990859985351562,0.213415995240211,-931.500061035156,4.5,-899.700012207031,-1.65927781206441,-0.030585021598105,-0.0173230629085936,TR
231.266666666667,0.386400371789932,0.129198879003525,9.79758167266846,-1.15854394435883,-0.556405961513519,-0.442075997591019,-936.300048828125,4.5,-911.700012207031,-1.65823594463403,0.0260668600524092,-0.0124106819944183,TR
231.3,0.620274245738983,0.388792932033539,8.40689945220947,-0.724089980125427,0.586893975734711,-1.28049600124359,-933.900024414062,-11.1000003814697,-911.700012207031,-1.65363151673405,0.0651662703239038,-0.0399109384863539,TR
231.333333333333,0.329576790332794,0.381017059087753,8.09646320343018,-0.914639949798584,0.823175966739655,-1.74543797969818,-924.300048828125,0.900000035762787,-904.500061035156,-1.64920988077781,0.0440211892362881,-0.0445070588749018,TR
231.366666666667,-0.709995687007904,0.55567479133606,9.78442287445068,-0.78506600856781,1.85214591026306,-1.85976791381836,-914.700012207031,2.10000014305115,-906.900024414062,-1.64517215654894,-0.0515572253870388,-0.0531210312793268,TR
231.4,-0.413316786289215,0.729136288166046,10.7306852340698,-0.716467976570129,0.701223969459534,-2.69056582450867,-914.700012207031,5.70000028610229,-894.900024414062,-1.63912968820853,-0.0418694666997584,-0.0641650945911233,TR
231.433333333333,0.0747678726911545,0.860727727413177,9.66120529174805,-0.480185985565186,-0.0304879993200302,-4.11588001251221,-917.100036621094,4.5,-914.100036621094,-1.63011304771393,-0.0026780010900507,-0.0831311196665376,TR
231.466666666667,0.144152462482452,0.875681281089783,9.94352912902832,-0.724089980125427,0.510673999786377,-5.0152759552002,-917.100036621094,6.30000019073486,-904.500061035156,-1.61867623367952,0.009692221374219,-0.0859213130778224,TR
231.5,0.589768946170807,0.680686712265015,10.0745220184326,-1.43293595314026,0.0076219998300075,-5.60979175567627,-909.900024414062,6.30000019073486,-909.300048828125,-1.60616895942326,0.0479550443787318,-0.0694653882591063,TR
231.533333333333,0.111254595220089,0.500645637512207,9.49193096160889,-1.56251001358032,0.320124000310898,-5.95278167724609,-905.100036621094,8.10000038146973,-897.300048828125,-1.59290785585642,0.0180610751159701,-0.0541179005157532,TR
231.566666666667,-0.218322187662125,0.0161498598754406,10.0182962417603,-1.31860601902008,1.43293595314026,-5.73936605453491,-912.300048828125,3.30000019073486,-902.100036621094,-1.57819270496551,-0.0178108218558627,-0.0078685426944014,TR
231.6,0.777585864067078,0.0394774377346039,11.5501403808594,-2.98782396316528,-1.08994603157043,-6.19668579101562,-909.900024414062,3.90000009536743,-904.500061035156,-1.56346833469096,0.0526180839487922,-0.0003035337473902,TR
231.633333333333,0.997702479362488,-0.07656230032444,9.71264553070068,-1.74543797969818,-0.884151995182037,-4.99240970611572,-905.100036621094,14.1000003814697,-892.500061035156,-1.55231745091693,0.0936160677092394,0.0081012134285144,TR
231.666666666667,1.38948607444763,-0.716575264930725,9.60079288482666,-1.94360995292664,1.58537602424622,-5.71649980545044,-919.500061035156,17.1000003814697,-894.900024414062,-1.5434652305793,0.133631538431266,0.0657941890456396,TR
231.7,0.852951884269714,-0.758445262908936,9.4913330078125,-1.86738991737366,1.98171997070312,-5.48021793365479,-897.900024414062,19.5,-894.900024414062,-1.53122032620385,0.0955184365029385,0.0788921085047853,TR
231.733333333333,0.125011876225471,-0.546104550361633,10.2766942977905,-1.37958192825317,1.54726600646973,-5.59454774856567,-912.300048828125,21.3000011444092,-892.500061035156,-1.51676127178151,0.0272987185448386,0.0598019768397317,TR
231.766666666667,0.667527556419373,-0.592161536216736,9.75511360168457,-0.868907988071442,1.93598794937134,-5.25155782699585,-893.100036621094,24.9000015258789,-902.100036621094,-1.50439381321376,0.0577169529463253,0.0613139667089322,TR
231.8,-0.204564899206161,-0.0496458671987057,11.3958196640015,-0.617381989955902,1.64635193347931,-5.36588764190674,-897.900024414062,19.5,-897.300048828125,-1.49028773131878,-0.0056958683254073,0.0159150995342909,TR
231.833333333333,0.926523447036743,0.170470744371414,9.59780216217041,-0.106707997620106,0.807931959629059,-5.20582580566406,-890.700012207031,26.7000007629395,-892.500061035156,-1.476555158023,0.0768441131591976,-0.0119564499248403,TR
231.866666666667,0.828428030014038,0.250023752450943,9.54038047790527,-0.266770005226135,1.08994603157043,-5.00765371322632,-890.700012207031,22.5,-882.900024414062,-1.4641198890708,0.0829694882734427,-0.0235245417909449,TR
231.9,0.218322187662125,0.30325847864151,10.3442850112915,0.0533539988100529,1.92074394226074,-4.80185985565186,-883.500061035156,26.1000003814697,-897.300048828125,-1.45290639307972,0.0306909123836211,-0.0285360072874817,TR
231.933333333333,0.581993103027344,0.23925718665123,8.464919090271,-0.236281991004944,2.24086785316467,-5.04576396942139,-890.700012207031,18.9000015258789,-880.500061035156,-1.44037588994968,0.0588010148454873,-0.0283282856749155,TR
231.966666666667,0.228490620851517,-0.173461467027664,9.79040431976318,-0.640248000621796,2.34757590293884,-4.74088382720947,-888.300048828125,24.3000011444092,-887.700012207031,-1.43105530842985,0.0271871464233083,0.0091019760049284,TR
232.0,0.0322997197508812,0.236266478896141,13.1178731918335,-0.487807989120483,0.495429992675781,-5.19058179855347,-885.900024414062,30.9000015258789,-878.100036621094,-1.41871439895716,0.0067087320760045,-0.0119693102162516,TR
232.033333333333,0.498253107070923,0.723154842853546,10.6397676467896,1.52439999580383,0.121951997280121,-4.71039581298828,-902.700012207031,30.9000015258789,-892.500061035156,-1.40689816760234,0.0381800513669764,-0.0589068733639002,TR
232.066666666667,-0.0035888578277081,0.161498606204987,10.3323221206665,1.31098401546478,2.44666194915771,-4.97716569900513,-888.300048828125,23.7000007629395,-885.300048828125,-1.3964243890676,0.0037474973076706,-0.0262641969945247,TR
232.1,0.400755792856216,0.704014301300049,11.1505813598633,-0.487807989120483,1.21189796924591,-5.34302186965942,-888.300048828125,26.7000007629395,-878.100036621094,-1.38300227046494,0.0280329962126608,-0.0559487392765325,TR
232.133333333333,1.87996339797974,0.986337780952454,7.52703094482422,-0.358233988285065,-0.381099998950958,-5.3506441116333,-893.100036621094,33.9000015258789,-875.700012207031,-1.36274748816917,0.2039227496297,-0.117270380394356,TR
232.166666666667,0.666929423809052,-0.0412718653678894,9.66838264465332,-0.320124000310898,3.33081388473511,-5.88418388366699,-897.900024414062,37.5,-868.500061035156,-1.36347371904868,0.0879491723957442,-0.0177613256929188,TR
232.2,-0.585581958293915,-0.360082060098648,11.4239330291748,0.0304879993200302,3.87959790229797,-7.14943599700928,-900.300048828125,42.3000030517578,-866.100036621094,-1.34657423905666,-0.0333538678430445,0.0231793193153833,TR
232.233333333333,-0.980954468250275,-0.178246602416039,11.3593330383301,0.160062000155449,2.96495795249939,-6.92077589035034,-888.300048828125,38.7000007629395,-870.900024414062,-1.33079716553535,-0.0794583577722285,0.0176162378957017,TR
232.266666666667,-0.55567479133606,-0.0071777156554162,10.5769624710083,0.182927995920181,2.15702605247498,-5.71649980545044,-890.700012207031,43.5,-854.100036621094,-1.318106336437,-0.0605838145082909,0.0041609898106638,TR
232.3,0.616685390472412,-0.0634031519293785,10.5135593414307,-0.0685980021953583,0.663114011287689,-4.75612783432007,-876.300048828125,40.5,-863.700012207031,-1.30644688950314,0.0363894829081778,0.0057423903516913,TR
232.333333333333,-0.158507883548737,-0.142358019948006,11.833062171936,1.57013201713562,1.43293595314026,-4.52746772766113,-902.700012207031,35.7000007629395,-875.700012207031,-1.29577002592796,-0.0059346190976879,0.0085742835814092,TR
232.366666666667,0.598142981529236,0.0705808699131012,9.12168025970459,1.64635193347931,1.81403601169586,-5.70887804031372,-902.700012207031,41.1000022888184,-878.100036621094,-1.28113910986111,0.0508476999536228,-0.0076811224246717,TR
232.4,0.562852561473846,0.120226740837097,11.3790721893311,0.891773998737335,1.51677799224854,-5.25155782699585,-878.700012207031,50.1000022888184,-861.300048828125,-1.26898965379727,0.0475172604699632,-0.0115824990149179,TR
232.433333333333,1.11852741241455,0.845176041126251,10.354453086853,1.15092194080353,-0.983237981796265,-5.39637565612793,-905.100036621094,43.5,-863.700012207031,-1.25252264189878,0.0962198372631937,-0.0695395057576342,TR
232.466666666667,1.83809340000153,0.945664048194885,9.75152492523193,2.37044191360474,-0.175305992364883,-4.75612783432007,-885.900024414062,44.7000007629395,-878.100036621094,-1.23824073173068,0.16915703758289,-0.0962148296755089,TR
232.5,1.34103655815125,0.849961161613464,10.4112768173218,2.30184388160706,0.922261953353882,-5.77747583389282,-893.100036621094,49.5000038146973,-856.500061035156,-1.22653592400202,0.133004798056686,-0.0885482932917684,TR
232.533333333333,0.848764896392822,0.932504892349243,10.5787563323975,1.38720393180847,0.762199997901917,-6.06711196899414,-897.900024414062,49.5000038146973,-866.100036621094,-1.21294148733334,0.0886451247229438,-0.090835319100865,TR
232.566666666667,0.666929423809052,1.12091994285583,10.668478012085,1.265251994133,0.983237981796265,-5.82320785522461,-893.100036621094,49.5000038146973,-868.500061035156,-1.19862620774373,0.0649124269100835,-0.1044343803439,TR
232.6,0.464757084846497,0.852353751659393,11.0614576339722,1.47104597091675,1.27287399768829,-5.83083009719849,-909.900024414062,53.7000007629395,-882.900024414062,-1.18678738865055,0.0440024712167483,-0.0848889431657226,TR
232.633333333333,0.406139075756073,0.720164120197296,10.4148654937744,1.28049600124359,0.46494197845459,-6.25004005432129,-893.100036621094,56.7000007629395,-873.300048828125,-1.17307609341202,0.0385935225751304,-0.0743587877543706,TR
232.666666666667,0.229088753461838,0.505430817604065,10.0386333465576,1.15092194080353,0.632625997066498,-6.37961387634277,-907.500061035156,52.5000038146973,-854.100036621094,-1.15739267984483,0.0237727892223369,-0.0560363131372469,TR
232.7,0.154320880770683,0.247033044695854,10.3963232040405,0.716467976570129,0.0914639979600906,-6.56254196166992,-897.900024414062,52.5000038146973,-863.700012207031,-1.14281123118779,0.0161553637059177,-0.0314173221959369,TR
232.733333333333,-0.313426911830902,-0.137572884559631,10.9101276397705,0.190549999475479,-0.83841997385025,-6.26528406143188,-914.700012207031,49.5000038146973,-854.100036621094,-1.12829430290926,-0.0185789145701883,0.003549770144688,TR
232.766666666667,0.111852735280991,-0.0687864422798157,11.2923412322998,-0.472563982009888,-3.01831197738647,-5.19058179855347,-912.300048828125,53.7000007629395,-849.300048828125,-1.1163540121868,0.0084193651573294,0.0062358174820416,TR
232.8,1.58328449726105,-0.203368604183197,8.91591930389404,-0.548784017562866,-4.19210004806519,-3.7957558631897,-933.900024414062,52.5000038146973,-856.500061035156,-1.10775611550039,0.155499570107122,0.020297910963843,TR
232.833333333333,2.25798964500427,-0.577207982540131,9.28856182098389,-0.602137982845306,-1.34147191047668,-3.09453201293945,-936.300048828125,54.3000030517578,-856.500061035156,-1.10686327868783,0.223456076737587,0.0534714872576094,TR
232.866666666667,2.49305987358093,-0.703416109085083,8.76099967956543,-0.0990860015153885,-0.0228659994900227,-3.12502002716064,-931.500061035156,56.1000022888184,-844.500061035156,-1.10447125038818,0.267289620967484,0.0742693952456562,TR
232.9,2.40214228630066,-0.713584542274475,7.72262382507324,0.46494197845459,1.62348592281342,-3.41465592384338,-945.900024414062,57.3000030517578,-861.300048828125,-1.10029104150745,0.291846408854062,0.0864095801375054,TR
232.933333333333,0.738706588745117,-0.181237325072289,9.13065242767334,1.82165801525116,3.81862187385559,-3.83386588096619,-938.700012207031,55.5000038146973,-851.700012207031,-1.08035177934878,0.118359088602228,0.0293443886210308,TR
232.966666666667,0.546104550361633,-0.643601834774017,9.1808967590332,1.86738991737366,3.94819593429565,-3.57471799850464,-943.500061035156,51.3000030517578,-844.500061035156,-1.07441326321654,0.0644313034312191,0.0596536744018751,TR
233.0,-0.518589973449707,-0.465355217456818,9.87952709197998,1.71494996547699,2.78965187072754,-3.95581793785095,-931.500061035156,53.7000007629395,-846.900024414062,-1.06483069545201,-0.0324270803450892,0.0472372872582247,TR
233.033333333333,-0.599339246749878,-1.0634982585907,11.9700374603271,1.02897000312805,1.6920839548111,-3.58234000205994,-936.300048828125,57.3000030517578,-846.900024414062,-1.0541204663066,-0.0489990378833077,0.0804172130553013,TR
233.066666666667,-0.659751713275909,-0.29009935259819,9.75750637054443,1.33385002613068,-0.365855991840363,-3.42989993095398,-941.100036621094,52.5000038146973,-832.500061035156,-1.04806409114074,-0.0634291047087027,0.0371525210322945,TR
233.1,-0.241051614284515,-0.21712589263916,9.12407302856445,1.79879200458527,0.221037998795509,-2.16464805603027,-943.500061035156,56.1000022888184,-832.500061035156,-1.04350125224915,-0.0340861054846109,0.0241034778667887,TR
233.133333333333,0.256005197763443,-0.492869794368744,9.18747615814209,1.85976791381836,0.388722002506256,-1.46342396736145,-955.500061035156,56.1000022888184,-825.300048828125,-1.03975856702433,0.0156006629711364,0.0453635246835598,TR
233.166666666667,0.0645994395017624,-0.56165623664856,8.00434970855713,1.50915598869324,0.0228659994900227,-1.44817996025085,-945.900024414062,57.9000015258789,-839.700012207031,-1.03659274777384,0.0095705734873117,0.0632128232533269,TR
233.2,-0.0245238617062569,-0.493467956781387,8.74843883514404,1.17378795146942,0.304879993200302,-1.21189796924591,-957.900024414062,57.3000030517578,-846.900024414062,-1.03374384240823,-0.0006329097296658,0.0560898688519092,TR
233.233333333333,0.297875195741653,-0.471934795379639,8.91532135009766,1.53964400291443,-0.0228659994900227,-0.685979962348938,-955.500061035156,56.1000022888184,-842.100036621094,-1.03215260872575,0.0265868376090312,0.0513681806527215,TR
233.266666666667,1.00667464733124,-0.388194799423218,8.61684799194336,1.79879200458527,-0.503051996231079,-0.0076219998300075,-962.700012207031,53.1000022888184,-846.900024414062,-1.03197372202137,0.0988043211489404,0.0437975857447678,TR
233.3,0.587376415729523,-0.390587359666824,10.2378149032593,2.40092992782593,0.320124000310898,0.548784017562866,-965.100036621094,50.1000022888184,-844.500061035156,-1.03301752755981,0.0651653877716382,0.035982848942362,TR
233.333333333333,1.22499680519104,-0.234472051262856,9.14201736450195,2.47714996337891,0.564027965068817,0.586893975734711,-972.300048828125,51.3000030517578,-832.500061035156,-1.03377995857463,0.118633721468812,0.0243629274284616,TR
233.366666666667,0.817063271999359,-0.28112718462944,9.79698371887207,2.23324584960938,1.74543797969818,0.846041977405548,-977.100036621094,52.5000038146973,-851.700012207031,-1.0363385601681,0.086972807159552,0.02482664276963,TR
233.4,0.500047504901886,-0.206359326839447,10.1654396057129,1.89025592803955,1.95885396003723,0.754577994346619,-969.900024414062,51.9000015258789,-834.900024414062,-1.03784589054392,0.0540154281832643,0.0186378107496874,TR
233.433333333333,0.421092659235001,-0.354698777198792,9.12287616729736,1.82165801525116,1.65397393703461,1.13567793369293,-962.700012207031,50.7000007629395,-849.300048828125,-1.04124903703324,0.045341569793571,0.0323188939739039,ST
233.466666666667,0.671116411685944,-0.638816714286804,9.21259784698486,1.2423859834671,0.853663980960846,0.731711983680725,-955.500061035156,56.1000022888184,-844.500061035156,-1.04477910130756,0.0666904919670164,0.0612780326557192,ST
233.5,0.984543323516846,-0.84158718585968,9.89268684387207,0.571649968624115,-0.99848198890686,0.487807989120483,-962.700012207031,50.7000007629395,-851.700012207031,-1.04781302324819,0.0948402798838704,0.0801376601090658,ST
233.533333333333,1.49356305599213,-0.633433401584625,8.4469747543335,0.46494197845459,-2.16464805603027,0.297257989645004,-957.900024414062,58.5000038146973,-849.300048828125,-1.04845355319817,0.16334201575871,0.0752276401603579,ST
233.566666666667,1.8446729183197,-0.840390861034393,7.82191562652588,0.823175966739655,-0.213415995240211,0.952749967575073,-960.300048828125,53.7000007629395,-827.700012207031,-1.05623119328182,0.219942929352661,0.101023215853409,ST
233.6,1.27225005626678,-0.669920146465302,8.69759654998779,0.99848198890686,1.20427596569061,1.00610399246216,-957.900024414062,57.3000030517578,-839.700012207031,-1.05483177979108,0.158177011036489,0.0805122816777721,ST
233.633333333333,0.96360832452774,-0.892429292201996,9.55593204498291,0.990859985351562,2.21037983894348,0.846041977405548,-948.300048828125,44.7000007629395,-858.900024414062,-1.05780565383103,0.108611827567258,0.0893230376333454,ST
233.666666666667,0.394774347543716,-0.932504892349243,10.3652191162109,1.2500079870224,2.37806391716003,0.541162014007568,-931.500061035156,51.3000030517578,-839.700012207031,-1.05867852561719,0.0488021505495014,0.0879308829273742,ST
233.7,-0.646592557430267,-0.672910869121552,10.9406328201294,1.82165801525116,2.19513607025146,0.411587983369827,-931.500061035156,49.5000038146973,-851.700012207031,-1.0591577058002,-0.0402647850009129,0.0642409906417812,ST
233.733333333333,-1.83031749725342,0.189611315727234,12.1967334747314,3.49087595939636,0.967993974685669,1.82927989959717,-936.300048828125,52.5000038146973,-844.500061035156,-1.06840038053838,-0.128395959231151,-0.0043889149867478,ST
233.766666666667,-1.58926582336426,0.389989227056503,11.5399723052979,3.27745985984802,-0.990859985351562,2.41617393493652,-938.700012207031,48.9000015258789,-839.700012207031,-1.07660720709184,-0.133633182082016,-0.0328577563501211,ST
233.8,-0.631639003753662,0.468944102525711,8.99128532409668,2.27897787094116,-1.60824191570282,2.37806391716003,-933.900024414062,50.1000022888184,-866.100036621094,-1.0833474073615,-0.0804752139317092,-0.0517222627407963,ST
233.833333333333,-0.214135184884071,0.383409649133682,7.73757743835449,0.274392008781433,-1.15854394435883,0.914639949798584,-933.900024414062,45.3000030517578,-873.300048828125,-1.08519749615278,-0.0366097793562818,-0.0503962951620669,ST
233.866666666667,-0.179442897439003,0.30624920129776,7.99836778640747,-0.472563982009888,-1.47866797447205,-0.106707997620106,-936.300048828125,44.7000007629395,-861.300048828125,-1.08452100329844,-0.0232229903738035,-0.0400478876462743,ST
233.9,-0.37025049328804,0.410924226045609,8.81423473358154,-0.0304879993200302,-1.34909391403198,-0.746955990791321,-941.100036621094,47.7000007629395,-849.300048828125,-1.08266445147091,-0.0368867862588554,-0.0454060118143137,ST
233.933333333333,0.392979919910431,0.0592161528766155,10.9226884841919,-0.25152599811554,-0.746955990791321,-0.442075997591019,-938.700012207031,42.3000030517578,-861.300048828125,-1.08136456425548,0.0222976818371765,-0.0131397712523364,ST
233.966666666667,0.480308800935745,0.112450875341892,10.7809286117554,0.0304879993200302,-1.07470202445984,-0.0304879993200302,-931.500061035156,41.7000007629395,-878.100036621094,-1.08132938803954,0.0423514871343477,-0.0109318629430915,ST
234.0,0.510215938091278,0.311034351587296,9.54995059967041,-0.0228659994900227,-0.205793991684914,-0.213415995240211,-955.500061035156,39.9000015258789,-866.100036621094,-1.08001824321782,0.0514128057180252,-0.0281807749554129,ST
234.033333333333,0.0352904349565506,0.0281127188354731,9.53021240234375,0.579271972179413,2.10367202758789,0.769822001457214,-950.700012207031,51.9000015258789,-863.700012207031,-1.08252092100394,0.0104061711096421,-0.0088154831182423,ST
234.066666666667,0.623264968395233,-0.503636360168457,9.36153602600098,-0.510673999786377,2.27135586738586,0.282013982534409,-941.100036621094,46.5,-856.500061035156,-1.08462765670552,0.051928429917601,0.0418192045547756,ST
234.1,-0.471336662769318,-0.0227294322103262,9.14560604095459,-0.487807989120483,1.54726600646973,0.243903994560242,-929.100036621094,45.9000015258789,-858.900024414062,-1.08478900430846,-0.032778816043853,0.0111072540541339,ST
234.133333333333,-0.333763778209686,-0.425279647111893,9.33701133728027,-0.541162014007568,1.58537602424622,0.564027965068817,-924.300048828125,41.7000007629395,-849.300048828125,-1.08505081128013,-0.0373420928210562,0.0393085981156167,ST
234.166666666667,0.221911042928696,-0.814670741558075,9.09655857086182,-1.11281192302704,0.914639949798584,0.37347799539566,-929.100036621094,39.9000015258789,-854.100036621094,-1.08526290713834,0.0105529677710216,0.0807824276689908,ST
234.2,0.134582161903381,-0.690855145454407,9.86756420135498,-0.716467976570129,0.92988395690918,0.37347799539566,-929.100036621094,36.3000030517578,-858.900024414062,-1.08585230622849,0.011658525151676,0.0730953395971769,ST
234.233333333333,0.69564026594162,-0.450401663780212,9.60019493103027,-0.335367977619171,0.388722002506256,0.243903994560242,-919.500061035156,38.7000007629395,-863.700012207031,-1.08560207897954,0.0594808620953814,0.0526622871833935,ST
234.266666666667,1.29916656017303,-0.203966751694679,8.60009956359863,-0.0457319989800453,-0.746955990791321,0.518296003341675,-917.100036621094,42.9000015258789,-854.100036621094,-1.08465174010378,0.132661313599397,0.0297499786027065,ST
234.3,0.312230616807938,-0.0622068680822849,8.80705738067627,0.0457319989800453,-0.693601965904236,0.769822001457214,-936.300048828125,38.7000007629395,-868.500061035156,-1.08483340207264,0.0537900090518029,0.0111031559052175,ST
234.333333333333,-0.0023925718851387,-0.253612607717514,8.53908920288086,-0.304879993200302,0.0609759986400604,0.922261953353882,-912.300048828125,35.7000007629395,-858.900024414062,-1.08742305669751,0.0105102008423066,0.0264009721538937,ST
234.366666666667,-0.769211888313293,-0.573020994663239,10.3777809143066,-0.830797970294952,0.152439996600151,-0.243903994560242,-936.300048828125,33.9000015258789,-861.300048828125,-1.08626099184055,-0.0589919973588512,0.0512135411694487,ST
234.4,-1.13049018383026,-0.654966533184052,11.1565628051758,-0.266770005226135,0.0609759986400604,-0.518296003341675,-936.300048828125,37.5,-868.500061035156,-1.08462995121751,-0.092425969068931,0.057572037644156,ST
234.433333333333,-0.881662726402283,-0.430662930011749,9.4913330078125,0.708845973014832,0.807931959629059,-0.846041977405548,-943.500061035156,35.7000007629395,-856.500061035156,-1.08343107214118,-0.0935762486051522,0.0469342042170243,ST
234.466666666667,-1.25610029697418,-0.756052732467651,11.0016441345215,0.274392008781433,1.58537602424622,-0.899396002292633,-945.900024414062,34.5,-861.300048828125,-1.07935936980347,-0.111553411078682,0.0640041419052918,ST
234.5,-1.07904994487762,-0.802109718322754,11.3102855682373,-0.564027965068817,0.213415995240211,-1.09756803512573,-953.100036621094,33.3000030517578,-858.900024414062,-1.07612086380656,-0.0980522045309939,0.070560507042328,ST
234.533333333333,0.236864611506462,-0.793137550354004,8.608473777771,-1.36433792114258,-1.56251001358032,-1.2347639799118,-945.900024414062,38.7000007629395,-868.500061035156,-1.07260668099201,0.0087326371518415,0.0903311765825467,ST
234.566666666667,0.138769164681435,-1.0975923538208,9.24788856506348,-1.15092194080353,-0.518296003341675,-0.571649968624115,-953.100036621094,33.9000015258789,-863.700012207031,-1.07166367615275,0.0144615225804327,0.114124041228274,ST
234.6,0.622068703174591,-1.60122871398926,9.05648231506348,-0.609759986400604,-0.106707997620106,-0.426831990480423,-965.100036621094,35.7000007629395,-866.100036621094,-1.07244236654977,0.057078404161183,0.163511295522281,ST
234.633333333333,0.299071490764618,-1.19927668571472,8.30342102050781,-0.0228659994900227,0.297257989645004,-0.403965979814529,-974.700012207031,40.5,-863.700012207031,-1.07056075085975,0.0391281042294552,0.147023232618314,ST
234.666666666667,-0.538328647613525,-1.1615936756134,8.90216159820557,0.480185985565186,1.31860601902008,0.46494197845459,-967.500061035156,35.7000007629395,-858.900024414062,-1.07121508358373,-0.0418098946079847,0.13257140871701,ST
234.7,-1.02880585193634,-0.939682602882385,9.95549201965332,0.853663980960846,1.31098401546478,1.22714197635651,-962.700012207031,38.7000007629395,-866.100036621094,-1.07601321067136,-0.0944151302289565,0.0992322506692563,ST
234.733333333333,-1.30813872814178,-0.995309889316559,10.6648893356323,1.06708002090454,1.48628997802734,0.937505960464478,-969.900024414062,42.9000015258789,-870.900024414062,-1.07825736944071,-0.118245236068454,0.0926940446243371,ST
234.766666666667,-1.67420220375061,-0.629246413707733,11.2582473754883,1.44817996025085,1.44055795669556,0.0076219998300075,-955.500061035156,40.5,-858.900024414062,-1.08168537451214,-0.143539041222818,0.061287161880366,ST
234.8,-1.78964376449585,-0.321202784776688,11.1272535324097,1.50153398513794,0.564027965068817,-0.0076219998300075,-969.900024414062,33.9000015258789,-863.700012207031,-1.08540703538493,-0.157568677020331,0.0321372511283985,ST
234.833333333333,-1.03000223636627,-0.0675901547074318,9.71743106842041,1.41769194602966,0.533540010452271,-0.167683988809586,-962.700012207031,46.5,-863.700012207031,-1.0875713937178,-0.116813784381937,0.0100640293948553,ST
234.866666666667,-0.677097856998444,0.291295617818832,9.19166278839111,1.53202199935913,0.800309956073761,0.289635986089706,-960.300048828125,45.3000030517578,-851.700012207031,-1.0914466050789,-0.083347651812532,-0.0254640345717772,ST
234.9,-0.231481328606606,0.0047851437702775,8.3458890914917,1.55488801002502,0.960371971130371,0.640248000621796,-957.900024414062,39.9000015258789,-858.900024414062,-1.09164175053508,-0.0402719717656985,-0.0077914754447837,ST
234.933333333333,-0.568833947181702,-0.0831418707966805,8.0713415145874,1.98171997070312,1.6920839548111,-0.236281991004944,-962.700012207031,44.7000007629395,-863.700012207031,-1.09023745216875,-0.0666526550784267,0.0039065850204119,ST
234.966666666667,-0.931308627128601,0.312828779220581,8.85490894317627,1.57013201713562,1.53202199935913,-1.50153398513794,-945.900024414062,39.9000015258789,-873.300048828125,-1.08923106110299,-0.0997170160309138,-0.0298818933398707,ST
235.0,-0.96659904718399,0.0358885787427425,8.97513484954834,1.00610399246216,-0.175305992364883,-1.05945801734924,-948.300048828125,49.5000038146973,-861.300048828125,-1.08456782899261,-0.105545151454865,-0.0104647534190715,ST
235.033333333333,-0.01914057508111,-0.272753208875656,8.94283580780029,-0.160062000155449,-1.49391198158264,-1.60061991214752,-957.900024414062,45.9000015258789,-863.700012207031,-1.07883791801982,-0.0208897499065443,0.0225937206435612,ST
235.066666666667,0.695042133331299,-0.319408357143402,9.54995059967041,-1.08232402801514,-2.62196803092957,-1.70732796192169,-948.300048828125,45.3000030517578,-868.500061035156,-1.07521114033704,0.0574777468201106,0.0326743596780324,ST
235.1,0.421092659235001,-0.497056812047958,9.95309925079346,-0.495429992675781,-2.21037983894348,-0.907018005847931,-945.900024414062,43.5,-868.500061035156,-1.07393372320022,0.0481753017759727,0.0474778174356315,ST
235.133333333333,0.348717361688614,-0.714780867099762,10.4657077789307,-0.388722002506256,-1.2576299905777,-0.731711983680725,-953.100036621094,42.9000015258789,-858.900024414062,-1.07303557439545,0.0377625927427468,0.0650152111960192,ST
235.166666666667,-0.0927121639251709,-0.678892254829407,9.29095458984375,-0.0685980021953583,-0.6250039935112,-0.495429992675781,-948.300048828125,51.3000030517578,-873.300048828125,-1.07211508456994,0.0005834879115435,0.0714324702837818,ST
235.2,-1.74897003173828,-0.620872378349304,10.4064912796021,0.503051996231079,0.518296003341675,-0.198172003030777,-945.900024414062,45.9000015258789,-868.500061035156,-1.07217262819439,-0.133138600406707,0.0613685622625517,ST
235.233333333333,-2.37941265106201,-0.0974973067641258,10.6200284957886,0.975615978240967,0.853663980960846,0.129574000835419,-945.900024414062,42.3000030517578,-861.300048828125,-1.07921132858393,-0.204005928431972,0.0184861674096641,ST
235.266666666667,-1.93678689002991,0.131591454148293,8.98590183258057,1.17378795146942,0.823175966739655,0.571649968624115,-933.900024414062,41.7000007629395,-861.300048828125,-1.08608113301673,-0.212087245656568,-0.0109568098139202,ST
235.3,-2.42905855178833,0.146545022726059,10.6230192184448,1.64635193347931,1.61586391925812,0.586893975734711,-938.700012207031,39.9000015258789,-868.500061035156,-1.08771990307878,-0.224813305751139,-0.0158442621879599,ST
235.333333333333,-1.7746901512146,-0.0717771574854851,9.69290637969971,0.907018005847931,0.571649968624115,0.0685980021953583,-931.500061035156,41.7000007629395,-846.900024414062,-1.08387882917567,-0.190697688636947,0.001478814230459,ST
235.366666666667,-0.90977543592453,-0.11484345048666,9.36452674865723,-0.3125019967556,-1.60824191570282,-0.442075997591019,-950.700012207031,43.5,-868.500061035156,-1.08145277479089,-0.109253957508304,0.0111371425041185,ST
235.4,0.142956167459488,-0.332567483186722,8.51516342163086,-1.05945801734924,-2.09605002403259,-0.708845973014832,-941.100036621094,45.9000015258789,-870.900024414062,-1.07861349127664,-0.002726482738291,0.0356270653959807,ST
235.433333333333,-0.0610105842351913,-0.673509001731873,8.43680667877197,-0.160062000155449,-0.510673999786377,-0.411587983369827,-943.500061035156,42.9000015258789,-858.900024414062,-1.07752587530425,-0.0056407262268332,0.0720296243624232,ST
235.466666666667,-0.803904175758362,-0.970187902450562,9.18867206573486,0.426831990480423,0.975615978240967,-0.213415995240211,-945.900024414062,39.3000030517578,-858.900024414062,-1.07570582042685,-0.0736424328013013,0.0986605352441323,ST
235.5,-0.977963745594025,-0.824839174747467,9.00205135345459,-0.0,0.213415995240211,-0.579271972179413,-945.900024414062,44.7000007629395,-851.700012207031,-1.07476994997296,-0.101898991780622,0.0927597088876871,ST
235.533333333333,-0.616087257862091,-0.877475738525391,9.87952709197998,-1.08994603157043,-0.457319974899292,0.106707997620106,-941.100036621094,36.3000030517578,-863.700012207031,-1.07548214888952,-0.069446568358762,0.0909281048841148,ST
235.566666666667,-0.923532724380493,-1.11194777488708,9.65402793884277,-0.137196004390717,-0.480185985565186,0.716467976570129,-950.700012207031,49.5000038146973,-873.300048828125,-1.07574581956782,-0.0890889163722255,0.109980841660848,ST
235.6,-0.846372306346893,-1.46245956420898,10.4040985107422,0.0609759986400604,0.92988395690918,0.236281991004944,-950.700012207031,48.3000030517578,-856.500061035156,-1.073919198817,-0.0832334636468386,0.134572539124669,ST
235.633333333333,-1.55517172813416,-0.956430613994598,9.97523021697998,0.701223969459534,1.03659200668335,0.0381099991500378,-955.500061035156,44.7000007629395,-863.700012207031,-1.07728787628176,-0.143592663896998,0.101188810880058,ST
235.666666666667,-1.02402079105377,-1.01504862308502,9.89208889007568,-0.0152439996600151,0.243903994560242,-0.0152439996600151,-945.900024414062,48.3000030517578,-846.900024414062,-1.07708878527573,-0.111207366727146,0.102071235506946,ST
235.7,0.221911042928696,-0.464757084846497,9.99676322937012,-0.541162014007568,-2.17227005958557,1.14329993724823,-957.900024414062,46.5,-856.500061035156,-1.08265777238701,-0.0018524471441656,0.0583657380055711,ST
235.733333333333,0.577207982540131,-0.888840436935425,8.89498424530029,0.0457319989800453,-3.23172783851624,1.95123195648193,-943.500061035156,44.1000022888184,-851.700012207031,-1.08894310092436,0.0570104440746716,0.0922719013293179,ST
235.766666666667,0.608311414718628,-0.973776757717133,9.51406192779541,-0.792688012123108,-1.12805593013763,1.63110792636871,-960.300048828125,38.7000007629395,-851.700012207031,-1.09335943668639,0.0635486094936872,0.101288738287584,ST
235.8,0.646592557430267,-0.817063271999359,9.29753398895264,-0.396344006061554,-1.36433792114258,2.0655620098114,-965.100036621094,39.3000030517578,-858.900024414062,-1.09765150190889,0.069657808968389,0.0911628978178247,ST
235.833333333333,-0.249425619840622,-0.826035439968109,7.9696569442749,1.04421401023865,-0.861285984516144,1.73019397258759,-965.100036621094,41.7000007629395,-856.500061035156,-1.10249823513957,-0.0131687289105201,0.0997528995331441,ST
235.866666666667,-0.884653449058533,-1.29079258441925,9.91721057891846,0.403965979814529,0.297257989645004,1.50915598869324,-953.100036621094,36.9000015258789,-866.100036621094,-1.10506015909065,-0.0762915644713859,0.123713964711003,ST
235.9,-1.86919677257538,-1.37393438816071,10.8969688415527,1.02134799957275,0.0381099991500378,1.05945801734924,-957.900024414062,44.7000007629395,-849.300048828125,-1.10740488945719,-0.153286264294485,0.123455146516408,ST
235.933333333333,-1.24533367156982,-1.80160665512085,9.98121166229248,0.0914639979600906,0.907018005847931,0.320124000310898,-965.100036621094,45.9000015258789,-858.900024414062,-1.10153191557129,-0.129448676857497,0.16798971955324,ST
235.966666666667,-1.43733751773834,-1.33505511283875,10.7731533050537,-0.0457319989800453,0.403965979814529,0.0304879993200302,-955.500061035156,37.5,-854.100036621094,-1.10631024671923,-0.131876564528476,0.130867241933337,ST
236.0,-1.01265609264374,-1.48160016536713,10.9615678787231,-0.198172003030777,-0.503051996231079,0.609759986400604,-957.900024414062,48.3000030517578,-846.900024414062,-1.10755723293481,-0.0988897952392703,0.133826875295617,ST
236.033333333333,0.116637878119946,-1.39128053188324,8.33213138580322,0.457319974899292,-1.02897000312805,0.381099998950958,-953.100036621094,41.7000007629395,-861.300048828125,-1.10739722327752,-0.0075974842348218,0.158441110392175,ST
236.066666666667,0.234472051262856,-1.01265609264374,7.66938924789429,-0.0609759986400604,-0.37347799539566,0.0152439996600151,-957.900024414062,42.3000030517578,-863.700012207031,-1.10738880294558,0.0231797418548853,0.136842997847488,ST
236.1,-0.923532724380493,-1.17236018180847,9.45305156707764,1.07470202445984,0.282013982534409,1.79117000102997,-962.700012207031,41.1000022888184,-856.500061035156,-1.11163755200214,-0.073136257723681,0.124523375447461,ST
236.133333333333,-0.568235814571381,-0.984543323516846,8.97393894195557,1.00610399246216,-0.0152439996600151,2.22562384605408,-969.900024414062,40.5,-851.700012207031,-1.11751347455997,-0.0652663739101894,0.110736345299836,ST
236.166666666667,-0.806296706199646,-0.593357801437378,7.71185731887817,-0.144817993044853,-0.617381989955902,3.66618180274963,-950.700012207031,38.1000022888184,-878.100036621094,-1.12824788886892,-0.0956978678560529,0.0834138622105698,ST
236.2,-2.01753616333008,-0.705210566520691,10.0834941864014,-0.937505960464478,-0.762199997901917,5.67076778411865,-953.100036621094,34.5,-863.700012207031,-1.14301598805195,-0.176049990010287,0.072710847184855,ST
236.233333333333,-2.05581736564636,-0.780576586723328,12.402494430542,-1.20427596569061,-0.769822001457214,7.82779359817505,-938.700012207031,36.3000030517578,-866.100036621094,-1.16269092106585,-0.166051210542611,0.0646486595205345,ST
236.266666666667,0.616685390472412,-2.22808265686035,10.326340675354,-0.967993974685669,-2.41617393493652,8.53664016723633,-936.300048828125,40.5,-880.500061035156,-1.1739555601999,0.0140864709731811,0.183486139019658,ST
236.3,1.40384149551392,-2.50920987129211,8.98291110992432,-1.44817996025085,-2.17989206314087,3.81862187385559,-950.700012207031,38.7000007629395,-854.100036621094,-1.1884518820907,0.123756088747226,0.256740274788216,ST
236.333333333333,0.113647162914276,-2.0791449546814,9.7718620300293,-0.396344006061554,0.868907988071442,1.78354799747467,-943.500061035156,35.7000007629395,-868.500061035156,-1.18927920601595,0.0284697772427173,0.218215106797579,ST
236.366666666667,0.407933503389359,-1.74478304386139,7.85301923751831,0.167683988809586,1.15854394435883,0.807931959629059,-921.900024414062,38.1000022888184,-866.100036621094,-1.19053619689014,0.0443728733842603,0.218341583531643,ST
236.4,-0.0951047316193581,-1.54500329494476,7.25846481323242,0.274392008781433,0.724089980125427,1.03659200668335,-941.100036621094,33.3000030517578,-863.700012207031,-1.19237332583401,-0.0025710783051903,0.211096693558759,ST
236.433333333333,-1.59165847301483,-1.38529908657074,9.59002590179443,1.38720393180847,1.82165801525116,1.45580196380615,-931.500061035156,42.9000015258789,-856.500061035156,-1.19899825399589,-0.138751984071814,0.152869717970872,ST
236.466666666667,-0.516795516014099,-1.46903908252716,9.93694877624512,0.967993974685669,0.259148001670837,0.800309956073761,-943.500061035156,36.9000015258789,-875.700012207031,-1.20114502883575,-0.0695265683428657,0.146567559497725,ST
236.5,-0.541319370269775,-1.04316139221191,9.30112361907959,1.05183601379395,-1.45580196380615,0.663114011287689,-936.300048828125,35.1000022888184,-887.700012207031,-1.20497561416741,-0.0579209150898254,0.116330211457368,ST
236.533333333333,-0.562852561473846,-1.07426476478577,9.01879978179932,0.777444005012512,-1.83690190315247,0.83841997385025,-941.100036621094,40.5,-878.100036621094,-1.2074501336806,-0.0587173960376185,0.116963387295986,ST
236.566666666667,-0.823044717311859,-0.976767480373383,10.3245458602905,0.419209986925125,-1.21951997280121,1.47104597091675,-938.700012207031,38.1000022888184,-875.700012207031,-1.21229163811279,-0.073592606870297,0.0981584535527121,ST
236.6,-0.363670915365219,-0.761435985565186,9.95908069610596,0.358233988285065,-1.55488801002502,1.98934197425842,-929.100036621094,34.5,-882.900024414062,-1.21863405595824,-0.0406320403222767,0.079299583800429,ST
236.633333333333,-0.186022460460663,-0.494066089391708,9.31667518615723,0.266770005226135,-0.320124000310898,1.86738991737366,-941.100036621094,40.5,-873.300048828125,-1.22392197625966,-0.0233447995619238,0.057220787092441,ST
236.666666666667,-1.70829629898071,-0.237462759017944,11.3108835220337,1.2423859834671,1.06708002090454,2.0731840133667,-919.500061035156,39.3000030517578,-868.500061035156,-1.2310434271178,-0.128830150376762,0.025489705184922,ST
236.7,-0.827829897403717,-0.0538328662514687,10.4884366989136,1.52439999580383,0.274392008781433,1.73781597614288,-938.700012207031,36.3000030517578,-873.300048828125,-1.23679275643937,-0.0886876845493695,0.0065837234953801,ST
236.733333333333,-0.0669920146465302,0.0520384386181831,9.06605339050293,1.19665396213531,-1.47866797447205,0.907018005847931,-924.300048828125,32.7000007629395,-873.300048828125,-1.23936762776801,-0.0217232157236002,-0.0049763083115328,ST
236.766666666667,0.385802209377289,-0.100488021969795,8.49662113189697,0.6250039935112,-1.60824191570282,0.25152599811554,-933.900024414062,22.5,-882.900024414062,-1.24011495371187,0.036440778919425,0.0081016458260163,ST
236.8,0.432457357645035,0.0149535741657019,7.68434286117554,0.0762199983000755,-0.594515979290009,-0.663114011287689,-929.100036621094,37.5,-875.700012207031,-1.23823639244743,0.0530643398896123,-7.06603441628e-05,ST
236.833333333333,-0.791343152523041,0.0921140164136887,8.49602317810059,0.602137982845306,0.967993974685669,-0.663114011287689,-929.100036621094,36.9000015258789,-873.300048828125,-1.23676553143329,-0.0647326680518801,-0.0094732168743914,ST
236.866666666667,-1.58627510070801,-0.420494496822357,10.0147075653076,0.548784017562866,2.21800184249878,-0.754577994346619,-917.100036621094,39.9000015258789,-894.900024414062,-1.2301319534835,-0.145652187658566,0.033115475360591,ST
236.9,-1.65207087993622,-0.656760990619659,10.6122522354126,-0.25152599811554,1.27287399768829,-0.800309956073761,-936.300048828125,35.1000022888184,-875.700012207031,-1.22476603415099,-0.154160436732989,0.0565569366142551,DLL
236.933333333333,-2.0731635093689,-0.388792932033539,11.3366041183472,-1.2423859834671,-0.426831990480423,-0.685979962348938,-931.500061035156,39.3000030517578,-868.500061035156,-1.22634151808604,-0.175371815087539,0.0402240177206013,DLL
236.966666666667,-2.40632915496826,0.0711790099740028,9.90464973449707,-2.43903994560242,-1.64635193347931,2.89635992050171,-933.900024414062,33.3000030517578,-887.700012207031,-1.24103825731883,-0.223423678290463,0.0050589162107702,DLL
237.0,-3.35618019104004,-0.171068891882896,8.10603332519531,-2.96495795249939,-2.78965187072754,10.5793361663818,-912.300048828125,34.5,-880.500061035156,-1.26298069487096,-0.354375308881974,0.0170529230073706,DLL
237.033333333333,-2.81904792785645,-1.77588653564453,6.1447229385376,-6.21192979812622,-1.71494996547699,21.7150783538818,-912.300048828125,36.3000030517578,-870.900024414062,-1.23830593816393,-0.407280508847911,0.222427102450906,DLL
237.066666666667,-2.22210121154785,-2.46733975410461,7.36014938354492,-6.60065174102783,-0.83841997385025,24.398021697998,-905.100036621094,31.5000019073486,-866.100036621094,-1.26975747628622,-0.310716205311806,0.303615480273752,DLL
237.1,-0.215929612517357,-3.47820138931274,7.92599248886108,-5.98326969146729,-2.0655620098114,24.0931415557861,-909.900024414062,34.5,-863.700012207031,-1.30679155782957,-0.0929452542108763,0.395208704101297,DLL
237.133333333333,-0.0053832866251468,-3.98004341125488,10.6864223480225,-4.52746772766113,-2.45428395271301,18.8873157501221,-888.300048828125,27.9000015258789,-868.500061035156,-1.35130841326062,-0.0256923802184724,0.369462126977392,DLL
237.166666666667,0.61548912525177,-3.94654726982117,11.0913648605347,-3.65093803405762,-2.31708788871765,12.8811798095703,-888.300048828125,29.1000003814697,-866.100036621094,-1.38084862009844,0.0332303749260202,0.3528163960442,DLL
237.2,0.171068891882896,-3.41360187530518,11.3252391815186,-2.80489587783813,-2.03507399559021,7.22565603256226,-878.700012207031,30.9000015258789,-856.500061035156,-1.39681491251768,0.0177626378101966,0.309014673790603,DLL
237.233333333333,1.18851006031036,-3.28799200057983,9.11988544464111,-2.89635992050171,-2.78965187072754,3.20123982429504,-888.300048828125,27.3000011444092,-870.900024414062,-1.40750009080567,0.103157317521952,0.34297776932047,DLL
237.266666666667,0.824241042137146,-3.08940839767456,7.74714756011963,-2.56861400604248,-2.62959003448486,1.265251994133,-895.500061035156,24.3000011444092,-875.700012207031,-1.4152893503297,0.102232752610257,0.376464623717517,DLL
237.3,0.0436644367873669,-2.48049879074097,7.32725143432617,-0.365855991840363,0.175305992364883,0.602137982845306,-897.900024414062,26.1000003814697,-870.900024414062,-1.41388843156613,0.0246388989977418,0.337036621152595,DLL
237.333333333333,-2.25858783721924,-1.42358028888702,9.69290637969971,3.16313004493713,3.20886182785034,0.632625997066498,-900.300048828125,26.7000007629395,-868.500061035156,-1.42496545410806,-0.180094672257925,0.181589207321232,DLL
237.366666666667,-2.66652131080627,-1.77768087387085,12.3887376785278,3.43752193450928,2.65245604515076,0.594515979290009,-871.500061035156,22.5,-873.300048828125,-1.43072530304327,-0.207702748300959,0.145587730394114,DLL
237.4,-1.20107114315033,-1.42836546897888,9.40878868103027,0.0914639979600906,-2.62959003448486,-2.11891603469849,-878.700012207031,23.7000007629395,-863.700012207031,-1.42605877193472,-0.138021658381409,0.149928071273649,DLL
237.433333333333,-3.37113380432129,-0.597544848918915,11.2474803924561,0.823175966739655,-1.70732796192169,-0.37347799539566,-890.700012207031,26.1000003814697,-870.900024414062,-1.44056341049484,-0.25758989742496,0.0722941000355928,DLL
237.466666666667,-0.505430817604065,-2.26576566696167,9.75571155548096,0.0076219998300075,-1.07470202445984,1.53202199935913,-888.300048828125,21.9000015258789,-873.300048828125,-1.4225104173979,-0.0916645832340164,0.19707589136436,DLL
237.5,-0.0059814294800162,-1.79024195671082,7.52583503723145,-1.28049600124359,-2.83538389205933,0.442075997591019,-883.500061035156,33.3000030517578,-870.900024414062,-1.42352115954566,-0.0131888677019758,0.228839037823366,DLL
237.533333333333,-0.03828115016222,-1.67121148109436,6.10404920578003,-0.37347799539566,-2.26373386383057,1.76068198680878,-890.700012207031,27.9000015258789,-875.700012207031,-1.4284419525068,-0.0050398463017818,0.25998693404723,DLL
237.566666666667,-0.704014301300049,-1.54919028282166,7.43491697311401,0.487807989120483,-0.442075997591019,2.14940404891968,-897.900024414062,28.5000019073486,-875.700012207031,-1.43540915946113,-0.075903305110893,0.214999494883203,DLL
237.6,-1.62216377258301,-2.65216588973999,11.2301340103149,0.602137982845306,0.586893975734711,3.3689239025116,-883.500061035156,26.7000007629395,-863.700012207031,-1.44182977672328,-0.130851645727146,0.227659649719651,DLL
237.633333333333,-0.713584542274475,-2.86929178237915,11.6954898834229,-1.73781597614288,-3.19361782073975,1.08232402801514,-890.700012207031,25.5000019073486,-880.500061035156,-1.44508449403955,-0.0696592195184563,0.24020206065896,DLL
237.666666666667,-0.95762687921524,-2.08273386955261,10.3048067092896,-0.198172003030777,-3.52898597717285,2.40855193138123,-890.700012207031,24.9000015258789,-873.300048828125,-1.45478887294408,-0.0824996700847982,0.207600980642506,DLL
237.7,0.571226537227631,-2.87467503547668,9.82449817657471,0.724089980125427,-1.63110792636871,2.080806016922,-907.500061035156,26.1000003814697,-878.100036621094,-1.45866757160419,0.0292685528485276,0.268075725563955,DLL
237.733333333333,0.811081886291504,-2.29806518554688,7.08380699157715,0.419209986925125,-0.602137982845306,-0.396344006061554,-890.700012207031,21.9000015258789,-866.100036621094,-1.46054544643871,0.096192140692688,0.305365353304295,DLL
237.766666666667,-0.490477234125137,-1.63891172409058,7.67477226257324,0.87652999162674,1.40244793891907,-0.663114011287689,-893.100036621094,17.7000007629395,-875.700012207031,-1.45581152278358,-0.0319619259312938,0.228381730948142,DLL
237.8,-1.02103006839752,-1.97327363491058,8.28906536102295,0.990859985351562,2.45428395271301,-0.304879993200302,-893.100036621094,23.1000003814697,-870.900024414062,-1.45348220850591,-0.104862099374027,0.23136336130971,DLL
237.833333333333,-0.635825991630554,-2.68027853965759,9.49970626831055,0.0152439996600151,2.58385801315308,-0.152439996600151,-895.500061035156,28.5000019073486,-882.900024414062,-1.44852334762496,-0.0759414270389569,0.266303008332328,DLL
237.866666666667,0.155517175793648,-3.01882767677307,9.1091194152832,-1.28049600124359,-0.716467976570129,-0.403965979814529,-893.100036621094,26.7000007629395,-880.500061035156,-1.44648002103136,-0.0012723706470569,0.311003048863361,DLL
237.9,0.0628050118684769,-2.5977349281311,7.95829200744629,-0.647870004177094,-1.61586391925812,-0.663114011287689,-897.900024414062,27.9000015258789,-861.300048828125,-1.44618402647689,0.0081613524947452,0.315507596840853,DLL
237.933333333333,-1.25909090042114,-1.67599666118622,8.94343376159668,1.89025592803955,1.64635193347931,-0.358233988285065,-900.300048828125,29.7000007629395,-870.900024414062,-1.44983068703786,-0.113613863588025,0.206242569526896,DLL
237.966666666667,-1.11075150966644,-1.98882532119751,11.1763010025024,1.32622802257538,0.419209986925125,-0.746955990791321,-902.700012207031,23.7000007629395,-878.100036621094,-1.45034869325919,-0.100799110951612,0.179697575525759,DLL
238.0,-1.72564244270325,-1.53962004184723,10.9202966690063,0.320124000310898,-1.73781597614288,-1.02897000312805,-907.500061035156,21.3000011444092,-885.300048828125,-1.4524436678379,-0.141641745729675,0.147802360224117,DLL
238.033333333333,-2.10665965080261,-1.93738508224487,12.5334882736206,0.160062000155449,-0.724089980125427,0.487807989120483,-902.700012207031,22.5,-873.300048828125,-1.45312104791203,-0.159080884741355,0.151888758654237,DLL
238.066666666667,-0.32239904999733,-2.49844312667847,10.740255355835,-0.6250039935112,-1.62348592281342,0.297257989645004,-909.900024414062,30.3000011444092,-880.500061035156,-1.44801692826801,-0.0475215060956055,0.217447806159903,DLL
238.1,1.4881796836853,-2.64977335929871,7.8237099647522,-0.807931959629059,-3.38416790962219,-0.137196004390717,-900.300048828125,25.5000019073486,-868.500061035156,-1.45402342835017,0.142358943415259,0.307897778537807,DLL
238.133333333333,1.81835460662842,-2.43862891197205,5.02619552612305,-0.0304879993200302,-2.86587190628052,0.0762199983000755,-907.500061035156,31.5000019073486,-875.700012207031,-1.48070811994522,0.283714462256993,0.421812634098936,DLL
238.166666666667,-0.73451954126358,-1.70410931110382,9.39802265167236,1.63872992992401,0.952749967575073,0.708845973014832,-902.700012207031,24.9000015258789,-882.900024414062,-1.45454137660885,-0.0033914179768252,0.225948989647708,DLL
238.2,-0.824241042137146,-1.7483719587326,9.93694877624512,2.73629784584045,0.777444005012512,1.37195992469788,-895.500061035156,21.9000015258789,-873.300048828125,-1.45887793553034,-0.0690196184575712,0.179449473822111,DLL
238.233333333333,-1.40623414516449,-1.09819054603577,10.9448204040527,2.42379593849182,0.769822001457214,1.53202199935913,-912.300048828125,24.9000015258789,-887.700012207031,-1.46778846620322,-0.116811742546156,0.112541100489879,DLL
238.266666666667,-2.20774579048157,-1.50552582740784,13.3541402816772,1.84452390670776,0.259148001670837,2.62959003448486,-902.700012207031,17.1000003814697,-885.300048828125,-1.47355930682177,-0.15430348514308,0.109233654390564,DLL
238.3,-1.34701800346375,-1.81416761875153,12.598087310791,1.07470202445984,-0.243903994560242,1.53964400291443,-905.100036621094,26.7000007629395,-880.500061035156,-1.47339005278821,-0.115238483554141,0.134475747820519,DLL
238.333333333333,0.176452174782753,-1.68855762481689,7.2327446937561,0.541162014007568,-1.12805593013763,-0.167683988809586,-902.700012207031,26.7000007629395,-870.900024414062,-1.46893319364224,0.00045706915724,0.211675081320297,DLL
238.366666666667,0.229088753461838,-1.41580438613892,5.45446586608887,-0.160062000155449,-0.190549999475479,-0.762199997901917,-905.100036621094,23.7000007629395,-870.900024414062,-1.46778677450576,0.0344203932001858,0.24706629993269,DLL
238.4,0.340343356132507,-1.22918379306793,5.65903043746948,-1.18140995502472,0.25152599811554,-0.0304879993200302,-902.700012207031,22.5,-885.300048828125,-1.4662848176166,0.0542944167858197,0.221168163052174,DLL
238.433333333333,-0.0257201474159956,-1.11134958267212,6.4455885887146,-1.41769194602966,0.670735955238342,0.365855991840363,-897.900024414062,16.5,-880.500061035156,-1.46556669752458,0.0047919419351031,0.181265282389062,DLL
238.466666666667,0.267968058586121,-2.19757723808289,8.98709774017334,-1.2500079870224,0.769822001457214,0.701223969459534,-897.900024414062,29.7000007629395,-873.300048828125,-1.46741906206033,0.0228343303534517,0.229753897963882,DLL
238.5,-0.145348742604256,-2.72872829437256,11.0046348571777,-1.38720393180847,-0.144817993044853,-0.815553963184357,-893.100036621094,27.3000011444092,-875.700012207031,-1.46575232569702,-0.0051641279855735,0.242309713455954,DLL
238.533333333333,-0.637022256851196,-2.73470973968506,10.7079553604126,-1.09756803512573,-0.945127964019775,-1.19665396213531,-905.100036621094,21.9000015258789,-885.300048828125,-1.46340985915491,-0.0459098611201366,0.25017766004149,DLL
238.566666666667,-1.1376678943634,-2.61986613273621,11.2319288253784,-0.632625997066498,0.708845973014832,-0.6250039935112,-895.500061035156,24.3000011444092,-880.500061035156,-1.46269106969137,-0.0903116940474433,0.233709804252563,DLL
238.6,-0.648985147476196,-2.46494722366333,10.2126932144165,0.0838419944047928,0.899396002292633,-0.129574000835419,-897.900024414062,27.9000015258789,-868.500061035156,-1.46166057087011,-0.0680118951988499,0.236193373270335,DLL
238.633333333333,-0.233275756239891,-2.68625998497009,9.39383506774902,-0.0685980021953583,1.03659200668335,-0.739333987236023,-905.100036621094,26.7000007629395,-868.500061035156,-1.45752081986286,-0.0329209195712394,0.271141777356987,DLL
238.666666666667,-0.534739792346954,-2.5175838470459,8.29145812988281,0.0304879993200302,0.967993974685669,-1.59299790859222,-909.900024414062,27.9000015258789,-870.900024414062,-1.45238902423037,-0.0568623507965837,0.290382222156638,DLL
238.7,-1.28839993476868,-2.00377893447876,7.55992889404297,1.01372599601746,2.34757590293884,-1.6920839548111,-893.100036621094,30.3000011444092,-870.900024414062,-1.44954930283096,-0.144301343296887,0.264467102457595,DLL
238.733333333333,-1.46664655208588,-2.07675242424011,8.86627292633057,1.43293595314026,2.98782396316528,-0.823175966739655,-895.500061035156,29.1000003814697,-868.500061035156,-1.44996700798112,-0.160363939127262,0.235353717793364,DLL
238.766666666667,-1.43135607242584,-2.40872168540955,9.03375339508057,0.228659987449646,0.121951997280121,-0.556405961513519,-881.100036621094,27.9000015258789,-861.300048828125,-1.44538280775641,-0.15350031612693,0.255596761551644,DLL
238.8,-1.48698341846466,-2.42786240577698,8.77057075500488,-0.884151995182037,-0.769822001457214,-1.18903195858002,-893.100036621094,23.1000003814697,-873.300048828125,-1.44126766937225,-0.159014769494889,0.269130226889655,DLL
238.833333333333,-2.12639832496643,-2.63302540779114,10.5350923538208,-0.541162014007568,-0.564027965068817,-0.434453994035721,-895.500061035156,26.1000003814697,-866.100036621094,-1.44402432846796,-0.185539051464206,0.250649523842524,DLL
238.866666666667,-1.69693160057068,-2.9063766002655,10.880220413208,0.0228659994900227,0.0914639979600906,0.0609759986400604,-895.500061035156,34.5,-887.700012207031,-1.44268714400961,-0.156951283172377,0.258913801008187,DLL
238.9,-0.952243626117706,-3.01523876190186,9.42792987823486,-0.419209986925125,-1.81403601169586,-0.693601965904236,-888.300048828125,27.3000011444092,-875.700012207031,-1.43697507124478,-0.104781256385694,0.300615437297052,DLL
238.933333333333,-1.18851006031036,-2.09828543663025,9.1928596496582,-0.236281991004944,-2.69818782806396,0.0457319989800453,-888.300048828125,30.9000015258789,-882.900024414062,-1.44582494518094,-0.118021735824169,0.238274200503853,DLL
238.966666666667,-0.387596637010574,-1.99600315093994,8.3578519821167,1.13567793369293,-2.40855193138123,1.43293595314026,-890.700012207031,30.9000015258789,-858.900024414062,-1.45050793075248,-0.0569733319609005,0.233428608957579,DLL
239.0,0.420494496822357,-1.85244882106781,8.32614994049072,0.967993974685669,-2.15702605247498,1.95123195648193,-912.300048828125,24.9000015258789,-875.700012207031,-1.45646889345832,0.0326779869318205,0.220175688176203,DLL
239.033333333333,0.736313998699188,-1.94575905799866,9.18747615814209,1.08232402801514,-1.94360995292664,1.55488801002502,-902.700012207031,31.5000019073486,-880.500061035156,-1.46088739011382,0.0728819638222901,0.209233954033176,DLL
239.066666666667,0.235070183873177,-1.79562520980835,10.1600561141968,0.891773998737335,-2.46952795982361,0.510673999786377,-900.300048828125,25.5000019073486,-885.300048828125,-1.46169586915066,0.0361332727331022,0.180652694479763,DLL
239.1,0.977963745594025,-1.99061977863312,9.67675685882568,0.289635986089706,-3.44514393806458,1.08232402801514,-895.500061035156,26.1000003814697,-902.100036621094,-1.46678111247898,0.090480774670151,0.198157546555514,DLL
239.133333333333,1.44690787792206,-2.10845398902893,9.36392784118652,-0.449698001146317,-3.81862187385559,1.02134799957275,-914.700012207031,22.5,-897.300048828125,-1.47302429598765,0.142596479296042,0.217691030559066,DLL
239.166666666667,1.07127404212952,-2.2370548248291,9.41776084899902,-0.632625997066498,-2.89635992050171,0.937505960464478,-924.300048828125,22.5,-887.700012207031,-1.47816850266687,0.120393950577436,0.231255624630424,DLL
239.2,1.59165847301483,-2.76760745048523,9.86876106262207,-0.564027965068817,-2.16464805603027,0.754577994346619,-907.500061035156,29.1000003814697,-890.100036621094,-1.48586995155229,0.15079069008406,0.266921412781852,DLL
239.233333333333,2.4577693939209,-3.86220908164978,10.1570653915405,-0.800309956073761,-2.65245604515076,-1.17378795146942,-912.300048828125,26.7000007629395,-887.700012207031,-1.49949832048255,0.214707781576169,0.348005075450921,DLL
239.266666666667,1.46485209465027,-3.14862465858459,11.0734205245972,-0.777444005012512,-1.39482593536377,-4.93143367767334,-929.100036621094,30.3000011444092,-899.700012207031,-1.47930683284046,0.148336321478193,0.291193289747645,DLL
239.3,1.57849931716919,-2.48588228225708,11.2068071365356,1.18903195858002,-0.0838419944047928,-7.58388996124268,-936.300048828125,33.3000030517578,-870.900024414062,-1.4535178358772,0.141677461475769,0.228864172151362,DLL
239.333333333333,1.54141438007355,-2.01275110244751,8.2980375289917,1.91312193870544,0.594515979290009,-11.2043399810791,-921.900024414062,30.9000015258789,-882.900024414062,-1.42935287907013,0.17393917026573,0.230902429882391,DLL
239.366666666667,-0.907382905483246,-0.539524972438812,7.1645565032959,2.9116039276123,2.76678586006165,-13.3842315673828,-938.700012207031,26.7000007629395,-899.700012207031,-1.39123176749924,-0.0656844462025711,0.102641646827976,DLL
239.4,-1.46305775642395,-0.70461243391037,8.0946683883667,2.40092992782593,6.2195520401001,-10.122015953064,-926.700012207031,30.3000011444092,-890.100036621094,-1.36701230529316,-0.164256689713757,0.0885234885379215,DLL
239.433333333333,-1.3099330663681,-0.941477060317993,9.08579158782959,1.45580196380615,5.72412204742432,-7.44669389724731,-929.100036621094,30.9000015258789,-914.100036621094,-1.34536036506616,-0.153462308342149,0.100356449978625,DLL
239.466666666667,-0.235668331384659,-1.24413740634918,8.75262641906738,-0.137196004390717,2.62196803092957,-3.803377866745,-926.700012207031,31.5000019073486,-880.500061035156,-1.33190760626018,-0.0523582370177369,0.134675108096287,DLL
239.5,0.716575264930725,-1.61678040027618,8.75501823425293,-1.51677799224854,1.70732796192169,-2.81251788139343,-924.300048828125,30.9000015258789,-878.100036621094,-1.32449766300914,0.0548361268228419,0.176101643137783,DLL
239.533333333333,-0.156115308403969,-1.59345293045044,9.7120475769043,-1.31098401546478,3.7881338596344,-2.0579400062561,-921.900024414062,32.1000022888184,-894.900024414062,-1.31748984082486,-0.0089173955022253,0.166754805459539,DLL
239.566666666667,-1.13527536392212,-1.76033473014832,10.7013759613037,-0.449698001146317,4.97716569900513,-1.61586391925812,-914.700012207031,38.7000007629395,-887.700012207031,-1.31208935913132,-0.0915188937840193,0.16465774280765,DLL
239.6,-0.521580696105957,-2.23645663261414,7.96427345275879,1.15092194080353,4.92381191253662,-3.42989993095398,-897.900024414062,36.9000015258789,-894.900024414062,-1.29306102163515,-0.073419287740542,0.255416141815281,DLL
239.633333333333,-0.0107665732502937,-3.07206225395203,8.68144702911377,1.50153398513794,5.67076778411865,-5.44972991943359,-905.100036621094,38.1000022888184,-863.700012207031,-1.27300345079988,-0.0195069756625791,0.323214990961914,DLL
239.666666666667,-1.26806306838989,-2.69104528427124,10.163046836853,2.9344699382782,5.0838737487793,-9.10066795349121,-900.300048828125,32.7000007629395,-885.300048828125,-1.25247873807219,-0.103040862002403,0.26890804684555,DLL
239.7,-0.589170813560486,-2.82383298873901,9.77066516876221,3.72715783119202,3.71191382408142,-11.3796453475952,-907.500061035156,41.1000022888184,-873.300048828125,-1.22285115957821,-0.0671206706316192,0.27504579004257,DLL
239.733333333333,-0.334361910820007,-2.02471399307251,8.80885124206543,4.37502813339233,2.16464805603027,-12.8278255462646,-914.700012207031,38.1000022888184,-882.900024414062,-1.19483507925995,-0.0416331608289479,0.230559514418477,DLL
239.766666666667,-0.632237136363983,-1.42178583145142,8.72271919250488,4.35216188430786,1.50153398513794,-9.04731369018555,-912.300048828125,41.1000022888184,-875.700012207031,-1.17641891303689,-0.0651377087097217,0.17013413344242,DLL
239.8,0.87687760591507,-1.81177508831024,8.58993148803711,2.60672402381897,-0.685979962348938,-6.36436986923218,-924.300048828125,38.1000022888184,-878.100036621094,-1.16229248432211,0.0689218013025621,0.196360573683996,DLL
239.833333333333,0.818259596824646,-1.39905643463135,8.32315921783447,2.44666194915771,-1.79879200458527,-4.85521411895752,-921.900024414062,44.7000007629395,-875.700012207031,-1.15025835222969,0.0947364416178768,0.168591569166158,DLL
239.866666666667,-0.681882977485657,-1.18312680721283,9.89089202880859,3.23934984207153,0.381099998950958,-1.47104597091675,-931.500061035156,42.3000030517578,-887.700012207031,-1.14570130161928,-0.0356003412383282,0.124548940017229,DLL
239.9,-0.853550016880035,-1.722651720047,10.4728851318359,2.95733594894409,0.99848198890686,-0.457319974899292,-914.700012207031,37.5,-878.100036621094,-1.14236974047323,-0.0735980464760468,0.151951183444136,DLL
239.933333333333,-1.41161739826202,-1.53423666954041,10.3077974319458,2.69818782806396,1.51677799224854,-0.632625997066498,-921.900024414062,35.7000007629395,-885.300048828125,-1.14029047639142,-0.126428755457152,0.144685924771657,DLL
239.966666666667,-1.49715185165405,-1.44930040836334,10.2766942977905,1.6920839548111,1.57013201713562,-0.144817993044853,-929.100036621094,41.1000022888184,-885.300048828125,-1.13973099542869,-0.142013013225133,0.138740397026554,DLL
240.0,-1.55756425857544,-1.66822075843811,10.6355800628662,0.945127964019775,1.01372599601746,0.525918006896973,-912.300048828125,43.5,-875.700012207031,-1.1385314278642,-0.144936515385254,0.151145660450003,DLL
240.033333333333,-0.843979716300964,-1.83988773822784,9.14799880981445,1.15092194080353,1.89787793159485,0.701223969459534,-917.100036621094,35.7000007629395,-873.300048828125,-1.13444353420525,-0.102304154426063,0.188853197423602,ST
240.066666666667,-0.902597725391388,-1.72564244270325,8.680251121521,0.83841997385025,1.88263392448425,0.198172003030777,-914.700012207031,40.5,-894.900024414062,-1.13335459019972,-0.10442992047323,0.193679695063068,ST
240.1,-1.53244233131409,-1.67300593852997,9.34897422790527,0.564027965068817,0.503051996231079,0.914639949798584,-919.500061035156,39.3000030517578,-870.900024414062,-1.13682365969961,-0.14969067445417,0.179511423379492,ST
240.133333333333,-1.12091994285583,-1.78426051139832,9.3597412109375,0.198172003030777,-0.586893975734711,1.73781597614288,-919.500061035156,35.7000007629395,-873.300048828125,-1.14002428065619,-0.123311059062034,0.185984602197078,ST
240.166666666667,-0.449803501367569,-1.9068797826767,8.78432750701904,-0.403965979814529,-2.0731840133667,2.37044191360474,-919.500061035156,32.7000007629395,-870.900024414062,-1.14428783873032,-0.0626207508352766,0.208448515891019,ST
240.2,-0.891233026981354,-1.64728569984436,8.49721908569336,-0.0685980021953583,-1.98934197425842,2.31708788871765,-921.900024414062,35.7000007629395,-885.300048828125,-1.15189699557762,-0.0933196136806821,0.194303844681667,ST
240.233333333333,-1.22738933563232,-1.46963727474213,8.98889255523682,0.548784017562866,-1.02134799957275,3.15550804138184,-909.900024414062,41.1000022888184,-894.900024414062,-1.16222639845826,-0.125125233092954,0.167297708349683,ST
240.266666666667,-1.62515449523926,-1.35539197921753,9.68333625793457,0.937505960464478,-1.15092194080353,4.39789390563965,-902.700012207031,34.5,-892.500061035156,-1.17569785151115,-0.15605261660465,0.142556899665735,ST
240.3,-1.75375521183014,-1.07366669178009,10.3951263427734,0.937505960464478,-1.51677799224854,4.87807989120483,-924.300048828125,38.7000007629395,-887.700012207031,-1.19219661464251,-0.162929563786123,0.108489226910033,ST
240.333333333333,-0.952243626117706,-0.751267552375793,10.2976293563843,1.20427596569061,-1.71494996547699,4.80185985565186,-907.500061035156,36.3000030517578,-890.100036621094,-1.20724345193229,-0.104485933086902,0.0774668543314562,ST
240.366666666667,-0.448607236146927,-0.747678697109222,9.36811542510986,2.11129403114319,-0.541162014007568,4.50460195541382,-893.100036621094,31.5000019073486,-887.700012207031,-1.21738604552464,-0.0588810458134811,0.0758105723000685,ST
240.4,-0.1722651720047,-0.66932201385498,9.15039157867432,1.89025592803955,0.243903994560242,3.89484190940857,-905.100036621094,31.5000019073486,-885.300048828125,-1.22631257625352,-0.0275941769277216,0.0707485254967126,ST
240.433333333333,-0.180041030049324,-0.410924226045609,8.86148834228516,1.58537602424622,0.152439996600151,3.83386588096619,-897.900024414062,31.5000019073486,-882.900024414062,-1.23555430868175,-0.0222743196144198,0.0489257029239373,ST
240.466666666667,-0.644798099994659,-0.0275145769119263,8.81543064117432,2.5152599811554,-0.0838419944047928,3.88721990585327,-885.900024414062,37.5,-897.300048828125,-1.24685807907352,-0.0644728339843026,0.0068882486014879,ST
240.5,-0.224303618073463,-0.292491912841797,9.32744121551514,2.98020195960999,-0.701223969459534,3.7881338596344,-888.300048828125,24.9000015258789,-882.900024414062,-1.25453879994248,-0.0313086171326681,0.0220507641818375,ST
240.533333333333,0.537132382392883,-0.767417430877686,9.56071758270264,1.6844619512558,-3.08691000938416,1.98171997070312,-902.700012207031,27.9000015258789,-878.100036621094,-1.25967789032227,0.0424795513125447,0.066071533863304,ST
240.566666666667,0.874485015869141,-0.747678697109222,9.25506591796875,-0.0076219998300075,-5.16771602630615,-0.190549999475479,-909.900024414062,32.1000022888184,-899.700012207031,-1.26095483090761,0.0927771896898934,0.0781967596029715,ST
240.6,0.51440292596817,-0.223107323050499,9.88969612121582,-0.78506600856781,-4.85521411895752,-1.28811800479889,-917.100036621094,35.7000007629395,-882.900024414062,-1.2550154559119,0.0670481499909146,0.0347172088840399,ST
240.633333333333,0.279930919408798,-0.51739364862442,10.3789768218994,-0.419209986925125,-3.803377866745,-0.342989981174469,-921.900024414062,33.3000030517578,-894.900024414062,-1.25519974683467,0.0395645984002451,0.0477077149295268,ST
240.666666666667,0.161498606204987,-0.230285048484802,9.29753398895264,-0.594515979290009,-2.66770005226135,-0.0990860015153885,-929.100036621094,27.3000011444092,-892.500061035156,-1.25459729230458,0.0255591836673899,0.0302124765696066,ST
240.7,-0.60651695728302,-0.245836764574051,10.9214925765991,-0.3125019967556,0.289635986089706,0.884151995182037,-943.500061035156,37.5,-899.700012207031,-1.25672523532099,-0.0405107939920342,0.0243892853585185,ST
240.733333333333,-0.882260859012604,-0.811680018901825,10.935848236084,-0.0,1.80641400814056,1.07470202445984,-917.100036621094,28.5000019073486,-887.700012207031,-1.25673047047655,-0.0748615820003175,0.0639556886048777,ST
240.766666666667,-0.148937597870827,-1.13587355613708,9.329833984375,-0.37347799539566,2.66770005226135,0.198172003030777,-924.300048828125,25.5000019073486,-887.700012207031,-1.25424049764105,-0.0314868116271217,0.110165419000597,ST
240.8,-0.617283523082733,-0.668723821640015,9.65103721618652,-0.236281991004944,2.95733594894409,-1.18140995502472,-907.500061035156,25.5000019073486,-899.700012207031,-1.25241411254074,-0.0611941859881117,0.0778827695067699,ST
240.833333333333,-0.489879101514816,-0.532945394515991,9.06904411315918,0.495429992675781,2.37806391716003,-0.891773998737335,-912.300048828125,35.7000007629395,-885.300048828125,-1.25068585684361,-0.0584622976498529,0.0612839555908931,ST
240.866666666667,-0.0879270136356354,-0.327184200286865,9.01102352142334,0.792688012123108,0.853663980960846,-0.3125019967556,-912.300048828125,30.3000011444092,-890.100036621094,-1.25060866669549,-0.0201800176613186,0.039926783160274,ST
240.9,-0.18482618033886,-0.141759887337685,8.83576774597168,1.18903195858002,0.457319974899292,0.221037998795509,-905.100036621094,31.5000019073486,-892.500061035156,-1.2514605226854,-0.0214102791278939,0.0191927241173277,ST
240.933333333333,-0.340941488742828,-0.60651695728302,10.1062240600586,0.83841997385025,1.51677799224854,0.144817993044853,-902.700012207031,30.9000015258789,-890.100036621094,-1.25071631157838,-0.0339720210565334,0.0522827819079393,ST
240.966666666667,-0.439635097980499,-0.515599250793457,10.5321016311646,0.617381989955902,1.01372599601746,-0.198172003030777,-907.500061035156,33.3000030517578,-880.500061035156,-1.25020567773926,-0.0416259240886047,0.0486956595543851,ST
241.0,-0.272753208875656,-0.529954671859741,9.38845252990723,0.67835795879364,0.0914639979600906,-0.274392008781433,-914.700012207031,29.1000003814697,-887.700012207031,-1.24926896227934,-0.0313622123317467,0.054056497120969,ST
241.033333333333,-0.610105812549591,-0.479112505912781,9.93336009979248,0.0228659994900227,-0.0533539988100529,-0.701223969459534,-907.500061035156,24.3000011444092,-880.500061035156,-1.24781778366544,-0.0554706167492507,0.0493249336841127,ST
241.066666666667,-0.712986409664154,-0.305052906274796,10.0595684051514,-0.0076219998300075,-0.0533539988100529,-1.08232402801514,-905.100036621094,31.5000019073486,-882.900024414062,-1.24626331165061,-0.0675212887931977,0.0342556924630504,ST
241.1,-1.12869584560394,-0.486888378858566,8.97453689575195,0.25152599811554,1.37958192825317,-1.11281192302704,-905.100036621094,32.1000022888184,-885.300048828125,-1.24198130038757,-0.115907388522813,0.0502123438945166,ST
241.133333333333,-1.05990934371948,-0.830820560455322,9.27839374542236,-0.823175966739655,1.6920839548111,-1.76830399036407,-893.100036621094,30.3000011444092,-899.700012207031,-1.23412357353889,-0.116003726632126,0.0828879221266617,ST
241.166666666667,-0.793137550354004,-0.827231705188751,10.5183439254761,-1.70732796192169,-0.602137982845306,-1.70732796192169,-893.100036621094,30.9000015258789,-885.300048828125,-1.23081632982068,-0.082251726019499,0.0819630571414319,ST
241.2,0.0980954468250275,-0.873288750648499,8.47389125823975,-1.15854394435883,-1.72257196903229,-0.602137982845306,-902.700012207031,30.9000015258789,-878.100036621094,-1.22911774932207,-0.0049243171156088,0.100162697441321,ST
241.233333333333,0.170470744371414,-1.1556122303009,8.05459308624268,-1.18903195858002,-0.449698001146317,0.0304879993200302,-907.500061035156,29.7000007629395,-880.500061035156,-1.22952390968485,0.0169623292605075,0.13664158658329,ST
241.266666666667,-1.17295837402344,-1.40862667560577,9.93754768371582,-0.449698001146317,1.47104597091675,1.17378795146942,-900.300048828125,36.9000015258789,-885.300048828125,-1.23162075338457,-0.0916247416782455,0.140531653676925,ST
241.3,-1.12749946117401,-1.4080286026001,10.0003519058228,-0.0838419944047928,1.28049600124359,0.685979962348938,-900.300048828125,36.3000030517578,-878.100036621094,-1.232833980322,-0.109141491300438,0.140055355154219,ST
241.333333333333,-1.05332982540131,-1.65984678268433,9.85978889465332,-0.182927995920181,0.160062000155449,0.617381989955902,-909.900024414062,30.9000015258789,-878.100036621094,-1.23191147799471,-0.106162935672629,0.161563223210908,ST
241.366666666667,-1.65745413303375,-1.54679775238037,10.2138891220093,-0.114329993724823,-0.830797970294952,0.922261953353882,-895.500061035156,28.5000019073486,-887.700012207031,-1.23546096197056,-0.147466214237269,0.152553457908479,ST
241.4,-1.35240125656128,-1.69752979278564,9.5684928894043,0.198172003030777,-0.0381099991500378,1.64635193347931,-907.500061035156,35.7000007629395,-880.500061035156,-1.23656197511217,-0.140461258251771,0.170342029996336,ST
241.433333333333,-1.06230187416077,-1.25909090042114,9.56310939788818,0.769822001457214,-1.01372599601746,1.65397393703461,-907.500061035156,37.5,-880.500061035156,-1.2446142451454,-0.114842748916394,0.137457818065976,ST
241.466666666667,-0.51739364862442,-1.16817319393158,8.73049449920654,1.41006994247437,-0.632625997066498,1.96647596359253,-902.700012207031,29.1000003814697,-890.100036621094,-1.24950894802575,-0.0694835931806873,0.131713122188277,ST
241.5,-0.984543323516846,-0.997104346752167,7.97085332870483,1.74543797969818,0.0228659994900227,2.72105383872986,-900.300048828125,32.1000022888184,-894.900024414062,-1.25666932306415,-0.113661690780386,0.122741803042354,ST
241.533333333333,-1.57730305194855,-0.881662726402283,9.18508338928223,1.47866797447205,1.18903195858002,2.65245604515076,-885.900024414062,29.1000003814697,-887.700012207031,-1.26520967854361,-0.160116462607936,0.0986165022691223,ST
241.566666666667,-1.89372062683105,-0.863120317459106,10.2808809280396,0.594515979290009,0.381099998950958,2.42379593849182,-897.900024414062,30.3000011444092,-873.300048828125,-1.27260921931887,-0.178045287470239,0.0853567564135415,ST
241.6,-1.23875403404236,-0.676499724388123,10.0727272033691,0.403965979814529,-1.58537602424622,2.36281991004944,-885.900024414062,27.9000015258789,-868.500061035156,-1.28072373399658,-0.130727418705973,0.0694395591992747,ST
241.633333333333,-0.0891233012080193,-0.973776757717133,9.0253791809082,0.358233988285065,-2.5000159740448,2.46190595626831,-900.300048828125,26.1000003814697,-897.300048828125,-1.28454364451925,-0.0296112641281714,0.0995762824567366,ST
241.666666666667,0.0526365824043751,-0.926523447036743,9.56191349029541,0.78506600856781,-0.617381989955902,2.0579400062561,-897.900024414062,28.5000019073486,-875.700012207031,-1.28942559008534,-0.0010173839502407,0.0960752220561815,ST
241.7,0.0992917343974113,-0.770408153533936,8.97932243347168,0.777444005012512,-0.0304879993200302,1.57775402069092,-897.900024414062,33.9000015258789,-880.500061035156,-1.29302267876851,0.0084370394547241,0.0866314721121707,ST
241.733333333333,-0.859531462192535,-0.60950767993927,9.44168663024902,0.945127964019775,-0.0076219998300075,2.00458598136902,-907.500061035156,32.7000007629395,-870.900024414062,-1.2986179708366,-0.0741378883694783,0.0666942291429593,ST
241.766666666667,-0.644798099994659,-0.528758406639099,9.85440540313721,1.04421401023865,-0.975615978240967,2.18751406669617,-897.900024414062,27.9000015258789,-890.100036621094,-1.30461258307244,-0.0657366492496374,0.0543969025715287,ST
241.8,-0.585581958293915,-0.310436189174652,9.11689472198486,1.88263392448425,-1.15854394435883,1.99696397781372,-897.900024414062,28.5000019073486,-868.500061035156,-1.31026396590366,-0.0629369835520077,0.0353372934195972,ST
241.833333333333,-0.52636581659317,-0.107067592442036,9.03794002532959,1.91312193870544,-0.350611984729767,1.6768399477005,-895.500061035156,28.5000019073486,-875.700012207031,-1.31518031764394,-0.0586918625664984,0.0137744929013606,ST
241.866666666667,-0.994113624095917,0.123217448592186,11.0034379959106,1.80641400814056,-0.701223969459534,1.45580196380615,-893.100036621094,23.7000007629395,-887.700012207031,-1.31995148040611,-0.0831388261210221,-0.0091564780340739,ST
241.9,-0.0640012994408607,0.508421540260315,10.6439542770386,1.41769194602966,-2.59148001670837,1.53202199935913,-897.900024414062,29.1000003814697,-887.700012207031,-1.32481727868346,-0.0178966758101269,-0.0420132770877669,ST
241.933333333333,0.64838695526123,0.624461233615875,9.05648231506348,1.21951997280121,-2.37806391716003,1.48628997802734,-900.300048828125,23.7000007629395,-885.300048828125,-1.32754855106791,0.056720768146203,-0.0650553899294942,ST
241.966666666667,0.35709136724472,0.631639003753662,9.7120475769043,0.922261953353882,-0.746955990791321,1.02134799957275,-897.900024414062,23.7000007629395,-880.500061035156,-1.3298297388436,0.0418468705475638,-0.0661898828817525,ST
242.0,0.33137121796608,0.786558032035828,9.01102352142334,0.350611984729767,-0.731711983680725,0.472563982009888,-900.300048828125,21.3000011444092,-885.300048828125,-1.33019206157823,0.0386103595965056,-0.0840503692387084,ST
242.033333333333,-0.188415035605431,0.610105812549591,7.96726417541504,-0.541162014007568,0.579271972179413,0.472563982009888,-909.900024414062,25.5000019073486,-885.300048828125,-1.33156441842738,-0.0139233921141126,-0.0769234781189665,ST
242.066666666667,-1.44690787792206,0.579002380371094,9.89029407501221,-0.724089980125427,1.63110792636871,0.594515979290009,-893.100036621094,23.7000007629395,-878.100036621094,-1.3323268028766,-0.125272507819677,-0.0606547843424236,ST
242.1,-1.53244233131409,0.464158952236176,10.70436668396,-0.129574000835419,1.53964400291443,0.564027965068817,-917.100036621094,26.1000003814697,-892.500061035156,-1.33200015523818,-0.140784651108622,-0.0467725871637221,ST
242.133333333333,-1.64728569984436,0.323595345020294,10.8515100479126,-0.746955990791321,0.967993974685669,-0.37347799539566,-900.300048828125,26.1000003814697,-890.100036621094,-1.3293630712236,-0.14998157303754,-0.0321211376204418,ST
242.166666666667,-1.2238005399704,0.231481328606606,9.55952072143555,-1.21189796924591,0.442075997591019,-1.18903195858002,-902.700012207031,27.9000015258789,-878.100036621094,-1.3259134835674,-0.132520618542542,-0.0238832635923938,ST
242.2,-1.18671560287476,0.0077758585102856,10.1373271942139,-1.59299790859222,0.274392008781433,-1.98171997070312,-893.100036621094,23.7000007629395,-899.700012207031,-1.31920365431081,-0.120165823635097,-0.0028509039470631,ST
242.233333333333,-0.623863101005554,0.126208171248436,8.49841499328613,-1.94360995292664,-0.739333987236023,-2.40092992782593,-885.900024414062,36.9000015258789,-878.100036621094,-1.31480275198032,-0.0817109100222594,-0.0094184597838989,ST
242.266666666667,-0.502440094947815,-0.0011962859425693,7.87096357345581,-1.86738991737366,-0.693601965904236,-1.79117000102997,-905.100036621094,31.5000019073486,-875.700012207031,-1.30972533265259,-0.0655598969344605,0.001577465814246,ST
242.3,-0.682481110095978,-0.489280939102173,8.46551704406738,-1.52439999580383,0.0533539988100529,-1.20427596569061,-909.900024414062,33.9000015258789,-885.300048828125,-1.30358608468762,-0.0777077060706911,0.0500133439096241,ST
242.333333333333,-0.720164120197296,-0.554478526115417,10.5398769378662,-1.08994603157043,-0.0838419944047928,-0.769822001457214,-888.300048828125,33.3000030517578,-894.900024414062,-1.3015418019717,-0.069453472946761,0.0538418609715471,ST
242.366666666667,-0.614890992641449,-0.70162171125412,10.0834941864014,-0.0685980021953583,-0.152439996600151,-0.434453994035721,-907.500061035156,33.9000015258789,-894.900024414062,-1.29974602598233,-0.0622614549689309,0.0664556884118356,ST
242.4,-0.234472051262856,-0.876279473304749,11.2582473754883,-1.12043392658234,-0.46494197845459,-1.30336201190948,-900.300048828125,37.5,-880.500061035156,-1.29619724865669,-0.026907067096156,0.0774946657052507,ST
242.433333333333,0.294286340475082,-0.739902853965759,10.5548305511475,-0.693601965904236,-1.13567793369293,-1.32622802257538,-897.900024414062,29.7000007629395,-875.700012207031,-1.29328450199572,0.0191672062226611,0.0723849857438349,ST
242.466666666667,0.260790348052979,-0.860727727413177,9.35076904296875,-0.25152599811554,-0.769822001457214,-1.47866797447205,-914.700012207031,34.5,-873.300048828125,-1.29038456075175,0.0272747618179559,0.088181916980642,ST
242.5,0.278136491775513,-0.931906759738922,8.99726676940918,0.0685980021953583,0.449698001146317,-1.69970595836639,-907.500061035156,36.3000030517578,-885.300048828125,-1.28638247106515,0.0297480120419466,0.100515429085664,ST
242.533333333333,-0.630442678928375,-0.787156164646149,9.87234973907471,0.800309956073761,0.724089980125427,-1.37195992469788,-907.500061035156,35.1000022888184,-878.100036621094,-1.2830290251286,-0.0477559544874367,0.0822247121581437,ST
242.566666666667,-0.691453278064728,-0.492869794368744,8.97633171081543,0.815553963184357,0.259148001670837,-1.19665396213531,-907.500061035156,32.7000007629395,-887.700012207031,-1.28136028303245,-0.0718478516229707,0.0586899284451875,ST
242.6,-1.88056147098541,-0.623264968395233,10.0284652709961,1.33385002613068,2.10367202758789,-0.297257989645004,-907.500061035156,33.3000030517578,-878.100036621094,-1.2798359168164,-0.167742359057476,0.0596425010896171,ST
242.633333333333,-1.50313329696655,-0.712986409664154,9.58703517913818,1.02897000312805,1.76068198680878,-0.754577994346619,-897.900024414062,30.9000015258789,-870.900024414062,-1.27568077309551,-0.159914955081701,0.0702191089394997,ST
242.666666666667,-1.34881234169006,-0.769211888313293,8.6264181137085,-0.0228659994900227,0.640248000621796,-1.44055795669556,-895.500061035156,27.3000011444092,-892.500061035156,-1.26989638703387,-0.15632172221933,0.085528546283165,ST
242.7,-1.42178583145142,-1.36316788196564,9.26643085479736,-0.487807989120483,0.403965979814529,-1.37958192825317,-897.900024414062,40.5,-873.300048828125,-1.25926415574148,-0.152165430492671,0.134856742258043,ST
242.733333333333,-1.59763991832733,-1.65625786781311,8.77715015411377,-0.564027965068817,0.868907988071442,-1.48628997802734,-900.300048828125,38.1000022888184,-882.900024414062,-1.24897340527911,-0.172872115952217,0.177226506003844,ST
242.766666666667,-1.51090919971466,-1.6084064245224,10.6535243988037,-0.46494197845459,0.830797970294952,-1.02897000312805,-897.900024414062,33.9000015258789,-873.300048828125,-1.24986611723143,-0.146998450245979,0.156233655992777,ST
242.8,-1.02342259883881,-1.29258692264557,9.06784725189209,0.518296003341675,-0.609759986400604,0.0990860015153885,-902.700012207031,37.5,-863.700012207031,-1.25187081179053,-0.116407829262342,0.143255769167298,ST
242.833333333333,-0.773398876190186,-0.986935913562775,8.91711521148682,0.640248000621796,-1.34147191047668,1.06708002090454,-895.500061035156,40.5,-880.500061035156,-1.25760685356349,-0.0897057490722888,0.115026397426201,ST
242.866666666667,-0.139965459704399,-0.785361707210541,8.16584777832031,1.2576299905777,-1.41769194602966,2.080806016922,-893.100036621094,36.3000030517578,-863.700012207031,-1.26404064160026,-0.0275140935056949,0.0971255432154031,ST
242.9,-0.162096738815308,-0.640611112117767,9.83885383605957,1.69970595836639,-1.28049600124359,2.52288198471069,-893.100036621094,35.1000022888184,-880.500061035156,-1.27061461174389,-0.0171657504500914,0.06904954405461,ST
242.933333333333,0.267968058586121,-0.236266478896141,9.32863807678223,2.21800184249878,-1.48628997802734,2.10367202758789,-909.900024414062,39.9000015258789,-890.100036621094,-1.27555599524199,0.0214037704613457,0.0310838746617894,ST
242.966666666667,-0.552684128284454,-0.145348742604256,10.2659282684326,2.44666194915771,-0.457319974899292,2.27897787094116,-914.700012207031,30.9000015258789,-880.500061035156,-1.28125089757176,-0.0397415665843438,0.0136073947571556,ST
243.0,-0.74349170923233,0.0394774377346039,9.29574012756348,1.96647596359253,0.137196004390717,1.6920839548111,-902.700012207031,34.5,-885.300048828125,-1.2858447310457,-0.0719263105959034,-0.0035259996338403,ST
243.033333333333,-1.51629245281219,-0.0735715851187706,9.84004974365234,1.81403601169586,1.56251001358032,1.49391198158264,-902.700012207031,36.3000030517578,-882.900024414062,-1.28820229481492,-0.138723591450249,0.0024629695946093,ST
243.066666666667,-2.05402302742004,0.218920320272446,9.6163444519043,1.15854394435883,2.32470989227295,0.83841997385025,-893.100036621094,27.9000015258789,-878.100036621094,-1.29338922881617,-0.199148635591771,-0.0194484213214729,ST
243.1,-2.24961566925049,0.197387173771858,11.845025062561,0.685979962348938,0.990859985351562,1.73019397258759,-895.500061035156,33.3000030517578,-875.700012207031,-1.29720583329046,-0.190980103209415,-0.0186213943343112,ST
243.133333333333,-1.09041464328766,-0.163293033838272,10.9783163070679,0.716467976570129,-0.381099998950958,1.20427596569061,-883.500061035156,33.9000015258789,-875.700012207031,-1.2957622065189,-0.117022912759731,0.0069726453193686,ST
243.166666666667,0.0328978635370731,-0.0879270136356354,7.70348310470581,0.198172003030777,-1.6768399477005,0.0685980021953583,-897.900024414062,23.7000007629395,-875.700012207031,-1.29571573192507,-0.0136768869504684,0.0103904758375721,ST
243.2,0.186620607972145,-0.36725977063179,8.22506427764893,-0.304879993200302,-1.44055795669556,-0.525918006896973,-888.300048828125,35.1000022888184,-885.300048828125,-1.29455513449473,0.018680571721784,0.039312325015419,ST
243.233333333333,0.694444000720978,-0.147143170237541,8.46970462799072,-0.777444005012512,-2.17989206314087,-0.853663980960846,-893.100036621094,33.9000015258789,-882.900024414062,-1.2919176167859,0.0721454974910389,0.0228288409996034,ST
243.266666666667,0.291295617818832,0.109460160136223,6.99049711227417,0.144817993044853,-1.34147191047668,-0.335367977619171,-900.300048828125,29.1000003814697,-890.100036621094,-1.28930428584465,0.0496662834882792,-0.0081416741165481,ST
243.3,-1.62156558036804,-0.206359326839447,10.3335180282593,1.13567793369293,0.891773998737335,0.853663980960846,-897.900024414062,29.1000003814697,-880.500061035156,-1.29050331827823,-0.115230519148744,0.0125324864944743,ST
243.333333333333,-2.65874552726746,-0.453392386436462,14.0138912200928,1.09756803512573,0.891773998737335,0.807931959629059,-900.300048828125,36.9000015258789,-878.100036621094,-1.28991293261058,-0.174104341153717,0.0266074756557756,ST
243.366666666667,-2.27832651138306,0.180639177560806,11.377875328064,0.701223969459534,-0.152439996600151,0.426831990480423,-897.900024414062,33.3000030517578,-885.300048828125,-1.29696590723196,-0.192681209014408,-0.0083633155645674,ST
243.4,-1.09101283550262,0.21712589263916,8.71673774719238,-0.0914639979600906,-0.160062000155449,0.617381989955902,-907.500061035156,32.1000022888184,-882.900024414062,-1.30057851178545,-0.137989764169405,-0.0215974357262853,ST
243.433333333333,-0.541319370269775,-0.141161739826202,8.99248123168945,-0.746955990791321,-0.228659987449646,0.274392008781433,-900.300048828125,30.9000015258789,-885.300048828125,-1.29810160713076,-0.075511250567006,0.0092329278937957,ST
243.466666666667,-0.68965882062912,0.0711790099740028,7.65443563461304,-0.282013982534409,-0.114329993724823,-0.0304879993200302,-893.100036621094,23.7000007629395,-882.900024414062,-1.29925187739615,-0.0868056947868351,-0.0051629721977023,ST
243.5,-0.863120317459106,0.0137572884559631,7.16814517974854,-0.0914639979600906,0.259148001670837,-0.0076219998300075,-902.700012207031,30.3000011444092,-878.100036621094,-1.29898173267929,-0.113930721674036,-0.0024052847220242,ST
243.533333333333,-1.47322618961334,0.0059814294800162,7.38706588745117,-0.0533539988100529,0.594515979290009,0.137196004390717,-897.900024414062,29.1000003814697,-875.700012207031,-1.29912208762837,-0.180939670286177,-0.0010828135733515,ST
243.566666666667,-1.97387182712555,-0.0346922911703587,9.71743106842041,-0.0685980021953583,-0.0076219998300075,0.487807989120483,-895.500061035156,26.1000003814697,-875.700012207031,-1.29956608658179,-0.196466943059361,0.0025934329942664,ST
243.6,-2.18800687789917,-0.251220047473907,11.2941360473633,0.167683988809586,-0.731711983680725,1.18140995502472,-897.900024414062,29.1000003814697,-875.700012207031,-1.29926293988137,-0.191360567430682,0.0177249793943035,ST
243.633333333333,-0.87388688325882,-0.540123105049133,10.3323221206665,-0.426831990480423,-1.28811800479889,0.182927995920181,-895.500061035156,32.1000022888184,-882.900024414062,-1.29576456551026,-0.104089176071165,0.0459207882021366,ST
243.666666666667,-1.2698575258255,-0.186620607972145,10.3161716461182,-0.0914639979600906,-0.0685980021953583,-0.297257989645004,-900.300048828125,24.9000015258789,-882.900024414062,-1.2975626546554,-0.11865521858167,0.023883508387131,ST
243.7,-0.971982300281525,0.0568235814571381,10.4226408004761,-0.205793991684914,-0.510673999786377,-0.647870004177094,-897.900024414062,28.5000019073486,-873.300048828125,-1.29863131913433,-0.0974471214045833,0.0008278608599118,ST
243.733333333333,-0.104076877236366,0.0358885787427425,8.72989654541016,-0.746955990791321,-0.92988395690918,-0.0990860015153885,-912.300048828125,33.3000030517578,-892.500061035156,-1.29869220395065,-0.027871614675881,-0.0020658992328296,ST
243.766666666667,0.35110992193222,-0.309838056564331,8.99248123168945,-0.960371971130371,-0.769822001457214,0.129574000835419,-902.700012207031,35.7000007629395,-882.900024414062,-1.29903827691283,0.0281544564437217,0.0292951284601501,ST
243.8,1.07187223434448,-0.488682806491852,7.27820348739624,-1.21189796924591,-0.762199997901917,-0.487807989120483,-905.100036621094,33.9000015258789,-868.500061035156,-1.3001862961914,0.123217356113183,0.0609732380274537,NLR
243.833333333333,-0.306847333908081,-0.266771763563156,8.3757963180542,-0.243903994560242,0.411587983369827,-0.0533539988100529,-897.900024414062,33.3000030517578,-885.300048828125,-1.29862180411312,-0.0067444391454457,0.0376948873083919,NLR
243.866666666667,-0.723752975463867,-0.415709376335144,10.5548305511475,0.213415995240211,0.129574000835419,-0.236281991004944,-895.500061035156,30.9000015258789,-875.700012207031,-1.29796301043053,-0.0582315439957024,0.0387913286112096,NLR
243.9,-0.766221165657043,-0.430064797401428,10.968147277832,0.67835795879364,-1.20427596569061,-0.25152599811554,-897.900024414062,36.9000015258789,-863.700012207031,-1.29741583363934,-0.0658020384112815,0.038173526628484,NLR
243.933333333333,-1.40144896507263,-0.294884473085403,11.685320854187,1.6615959405899,0.335367977619171,-0.434453994035721,-900.300048828125,32.1000022888184,-870.900024414062,-1.29708931667564,-0.11080856951371,0.0250630234558748,NLR
243.966666666667,-1.36675667762756,-0.160900458693504,11.9497003555298,1.2347639799118,0.685979962348938,-0.983237981796265,-897.900024414062,32.1000022888184,-892.500061035156,-1.29551956199347,-0.1143299849241,0.013780597482064,NLR
244.0,-0.0645994395017624,-0.061608724296093,8.87404918670654,-0.205793991684914,-0.37347799539566,-2.02745199203491,-897.900024414062,30.9000015258789,-878.100036621094,-1.29112097621264,-0.0270449078393845,0.008687425978995,NLR
244.033333333333,0.288903057575226,-0.368456065654755,6.62622785568237,-1.28811800479889,0.228659987449646,-2.40092992782593,-909.900024414062,31.5000019073486,-880.500061035156,-1.2851503003147,0.0314678858557941,0.0494968095198534,NLR
244.066666666667,-0.756052732467651,-0.703416109085083,7.91103887557983,-0.907018005847931,2.01220798492432,-2.11891603469849,-909.900024414062,36.9000015258789,-894.900024414062,-1.27935359897129,-0.0719627912866772,0.0821368104391556,NLR
244.1,-1.33326065540314,-1.01086163520813,9.94293022155762,0.0533539988100529,2.32470989227295,-3.00306797027588,-895.500061035156,32.7000007629395,-882.900024414062,-1.27047227936394,-0.123231086622333,0.097848118942553,NLR
244.133333333333,-1.30275535583496,-1.54560148715973,10.5661954879761,-0.274392008781433,0.632625997066498,-3.61282801628113,-905.100036621094,29.1000003814697,-890.100036621094,-1.25741523321347,-0.122033621242336,0.136714641682152,NLR
244.166666666667,-0.988730311393738,-1.67300593852997,10.956184387207,-0.685979962348938,-0.243903994560242,-5.96040391921997,-902.700012207031,38.7000007629395,-887.700012207031,-1.24266743626105,-0.0940792406631248,0.150354264901075,NLR
244.2,-0.534141659736633,-1.48100197315216,10.3915376663208,-0.0304879993200302,0.221037998795509,-8.91773986816406,-917.100036621094,36.9000015258789,-885.300048828125,-1.22154102588226,-0.0569917631717482,0.14403212109457,NLR
244.233333333333,-0.47552365064621,-1.24413740634918,9.02418327331543,0.6250039935112,-0.381099998950958,-10.4802494049072,-909.900024414062,42.9000015258789,-873.300048828125,-1.19655052755644,-0.0503781687898382,0.138130249391928,NLR
244.266666666667,-1.12151801586151,-1.57012534141541,7.9134316444397,2.13416004180908,-0.6250039935112,-9.24548625946045,-931.500061035156,37.5,-868.500061035156,-1.16953268473312,-0.120229341790654,0.184333836081262,NLR
244.3,-0.821848452091217,-2.2651674747467,9.5505485534668,2.59148001670837,0.701223969459534,-8.91011810302734,-945.900024414062,39.9000015258789,-870.900024414062,-1.14473958967026,-0.0893044989267202,0.220748177986116,NLR
244.333333333333,-0.515001118183136,-1.75435328483582,9.40520000457764,3.38416790962219,-1.12805593013763,-11.8979415893555,-938.700012207031,41.1000022888184,-878.100036621094,-1.11788236646855,-0.054733841631269,0.186621322473741,NLR
244.366666666667,-1.53423666954041,-1.13108837604523,9.85500335693359,5.0686297416687,-0.663114011287689,-12.7592277526855,-936.300048828125,44.7000007629395,-885.300048828125,-1.09389657272974,-0.130171393530622,0.123795007557928,NLR
244.4,-2.32139277458191,0.0,10.2611427307129,5.99089193344116,0.0609759986400604,-11.8140993118286,-960.300048828125,36.9000015258789,-887.700012207031,-1.08205105907703,-0.203320067727238,0.0199996766607612,NLR
244.433333333333,-1.53363859653473,0.52038437128067,9.72520637512207,5.06100797653198,-1.02897000312805,-8.52139568328857,-962.700012207031,41.1000022888184,-875.700012207031,-1.07222894891718,-0.164596959788445,-0.0437001977737593,NLR
244.466666666667,-0.898410737514496,1.12151801586151,8.26513957977295,4.07014799118042,-2.36281991004944,-5.61741399765015,-984.300048828125,39.9000015258789,-885.300048828125,-1.06855470121489,-0.116426032500448,-0.121193007838214,NLR
244.5,-1.07725548744202,0.989926636219025,10.2497777938843,3.05642199516296,-1.43293595314026,-2.88873791694641,-979.500061035156,39.9000015258789,-892.500061035156,-1.05853449532352,-0.104825047643081,-0.10463050178982,NLR
244.533333333333,-0.172863319516182,1.44870233535767,10.3592376708984,2.65245604515076,-1.44055795669556,-1.41006994247437,-965.100036621094,36.3000030517578,-894.900024414062,-1.05662766550652,-0.0326023570670382,-0.135625440393039,NLR
244.566666666667,0.733921408653259,1.02103006839752,7.47798347473145,2.43141794204712,-1.2347639799118,0.899396002292633,-979.500061035156,42.9000015258789,-882.900024414062,-1.05855611053528,0.078426283532811,-0.139228738778998,NLR
244.6,-0.424083352088928,0.943271458148956,8.79629039764404,0.899396002292633,0.510673999786377,-0.0076219998300075,-979.500061035156,45.3000030517578,-902.100036621094,-1.05942263574565,-0.023125175746651,-0.114636345133538,NLR
244.633333333333,-0.680088579654694,1.18551933765411,9.37050819396973,0.571649968624115,0.571649968624115,0.114329993724823,-974.700012207031,37.5,-897.300048828125,-1.06020370911687,-0.062822796984593,-0.124392985446606,NLR
244.666666666667,-0.904990315437317,1.09460163116455,9.93455696105957,0.129574000835419,-0.556405961513519,1.50915598869324,-972.300048828125,35.1000022888184,-909.300048828125,-1.06272685481262,-0.0840580361705448,-0.112867871755599,NLR
244.7,-0.727940022945404,0.854746282100677,10.5464572906494,-0.350611984729767,-1.30336201190948,3.26983785629272,-962.700012207031,45.3000030517578,-902.100036621094,-1.06798790428544,-0.0695558027797842,-0.0871495827183662,NLR
244.733333333333,-0.727341830730438,0.764426708221436,10.72829246521,0.297257989645004,-0.449698001146317,4.20734405517578,-981.900024414062,44.1000022888184,-894.900024414062,-1.07722854932691,-0.0667731302503581,-0.0748245600401752,NLR
244.766666666667,-0.776987731456757,1.49834811687469,9.96865081787109,-0.0076219998300075,-0.213415995240211,4.23783206939697,-974.700012207031,33.3000030517578,-897.300048828125,-1.09176623991743,-0.0741177264797434,-0.136287807911775,NLR
244.8,-0.472532957792282,1.85244882106781,8.03844356536865,-1.6844619512558,-1.60824191570282,9.51225566864014,-969.900024414062,38.1000022888184,-890.100036621094,-1.11748262835732,-0.0560492244939867,-0.206672577616461,NLR
244.833333333333,0.0520384386181831,0.885849714279175,7.00006723403931,-2.45428395271301,0.160062000155449,12.9726438522339,-960.300048828125,41.1000022888184,-892.500061035156,-1.14511197791974,-0.0028256897822879,-0.139114654056668,NLR
244.866666666667,-0.320006489753723,0.187218755483627,8.54925727844238,-3.31556987762451,1.48628997802734,13.262279510498,-948.300048828125,36.3000030517578,-894.900024414062,-1.17428280821259,-0.031206445558818,-0.0414422511828712,NLR
244.9,-1.47143173217773,-0.216527760028839,11.597393989563,-4.46649169921875,1.38720393180847,13.0107536315918,-941.100036621094,35.7000007629395,-887.700012207031,-1.20122844235687,-0.108807404652911,0.0110885292432568,NLR
244.933333333333,-0.668723821640015,-0.428270369768143,13.6992683410645,-4.46649169921875,-0.228659987449646,11.7531232833862,-933.900024414062,36.9000015258789,-899.700012207031,-1.22726359638498,-0.0609989445455407,0.0321721888279315,NLR
244.966666666667,0.799118995666504,-0.407335370779037,9.02119255065918,-3.01831197738647,-2.61434602737427,9.9314661026001,-941.100036621094,42.9000015258789,-894.900024414062,-1.25176291072527,0.0645855659866731,0.0475400655888428,NLR
245.0,0.726743698120117,-1.18970632553101,8.6383810043335,-2.76678586006165,0.0381099991500378,7.27900981903076,-936.300048828125,38.7000007629395,-878.100036621094,-1.27508064273045,0.0789102396501943,0.126594266565783,NLR
245.033333333333,0.181237325072289,-1.00607645511627,9.20063495635986,-2.02745199203491,1.74543797969818,4.40551567077637,-929.100036621094,30.9000015258789,-902.100036621094,-1.28408644632012,0.0276697205860074,0.115386754487148,NLR
245.066666666667,-0.694444000720978,-0.596348524093628,9.62950325012207,-0.182927995920181,1.92074394226074,2.72867584228516,-931.500061035156,38.7000007629395,-885.300048828125,-1.29136067359191,-0.0592791704831286,0.0704708650842912,NLR
245.1,-0.939682602882385,-0.790146887302399,9.42254638671875,0.449698001146317,1.44055795669556,1.85214591026306,-914.700012207031,43.5,-875.700012207031,-1.29463994594318,-0.0937313234437226,0.0803099641727845,NLR
245.133333333333,-2.29208397865295,-0.762632310390472,10.9555864334106,0.655492007732391,2.10367202758789,0.297257989645004,-917.100036621094,34.5,-870.900024414062,-1.29607333455473,-0.186067282827666,0.0707904499368282,NLR
245.166666666667,-0.522178828716278,-0.519786238670349,9.57626914978027,-1.13567793369293,0.175305992364883,-0.663114011287689,-907.500061035156,33.3000030517578,-875.700012207031,-1.29634711285568,-0.076698053583208,0.0587567544239115,NLR
245.2,-0.186620607972145,-0.231481328606606,8.45355415344238,-0.823175966739655,-2.38568592071533,-0.533540010452271,-924.300048828125,36.9000015258789,-882.900024414062,-1.29675080123445,-0.0297232088863052,0.0348656634702124,NLR
245.233333333333,-0.348717361688614,-0.378624498844147,8.15388488769531,-0.594515979290009,-1.84452390670776,0.213415995240211,-921.900024414062,36.9000015258789,-887.700012207031,-1.29711987600257,-0.0375250016087139,0.04488980845025,ST
245.266666666667,-0.072973445057869,-0.770408153533936,8.21489524841309,-0.67835795879364,-0.716467976570129,0.693601965904236,-924.300048828125,45.9000015258789,-880.500061035156,-1.29784263749263,-0.0137053835636845,0.0846327654403157,ST
245.3,-0.802109718322754,-1.21004319190979,9.93276214599609,-0.792688012123108,-0.282013982534409,0.495429992675781,-917.100036621094,43.5,-882.900024414062,-1.29790363097769,-0.066295453135414,0.114894132123226,ST
245.333333333333,0.194396466016769,-1.76631617546082,9.2760009765625,-1.65397393703461,-1.2347639799118,0.25152599811554,-919.500061035156,42.9000015258789,-873.300048828125,-1.29713091369277,0.0046821531427766,0.17568773702845,ST
245.366666666667,-0.24224790930748,-1.91405749320984,9.72520637512207,-1.79117000102997,-1.2423859834671,-0.106707997620106,-912.300048828125,41.7000007629395,-880.500061035156,-1.29733247365091,-0.016834028531061,0.193066104770415,ST
245.4,-0.775193274021149,-2.00198459625244,9.87055492401123,-1.63110792636871,-0.114329993724823,0.167683988809586,-931.500061035156,37.5,-878.100036621094,-1.29761631666971,-0.0659791212997964,0.201180230291543,ST
245.433333333333,-0.540721237659454,-2.07615423202515,9.53081035614014,-0.800309956073761,0.503051996231079,0.617381989955902,-929.100036621094,38.1000022888184,-870.900024414062,-1.29815572339081,-0.0583793008427827,0.212877962576379,ST
245.466666666667,-0.464158952236176,-2.05701375007629,9.5505485534668,0.137196004390717,-0.198172003030777,1.21189796924591,-931.500061035156,43.5,-882.900024414062,-1.30117800906822,-0.0495102097220004,0.211984450028724,ST
245.5,-0.798520863056183,-1.74478304386139,9.5152587890625,0.87652999162674,-0.381099998950958,1.37195992469788,-912.300048828125,36.9000015258789,-897.300048828125,-1.30592873035147,-0.0755856719259383,0.186185415046507,ST
245.533333333333,-1.13108837604523,-1.60541570186615,10.6110563278198,1.30336201190948,-0.503051996231079,1.96647596359253,-919.500061035156,38.7000007629395,-880.500061035156,-1.31299363670714,-0.0988404511767044,0.155364463417708,ST
245.566666666667,-0.383409649133682,-1.12331247329712,9.88491058349609,1.57775402069092,-1.89787793159485,2.01220798492432,-912.300048828125,37.5,-875.700012207031,-1.32056175349932,-0.0484226902841007,0.119251192889986,ST
245.6,0.0101684303954244,-0.850559294223785,8.54327583312988,1.63872992992401,-1.48628997802734,2.31708788871765,-921.900024414062,36.9000015258789,-892.500061035156,-1.32698878399841,-0.0059070426245258,0.100395684796835,ST
245.633333333333,-0.157909750938416,-0.641807436943054,8.69101715087891,1.82927989959717,-0.205793991684914,2.52288198471069,-914.700012207031,36.9000015258789,-880.500061035156,-1.33357043558068,-0.0160717968415438,0.0754889442348064,ST
245.666666666667,-0.881064593791962,-0.729734420776367,9.36093711853027,1.94360995292664,0.92988395690918,2.01220798492432,-912.300048828125,39.3000030517578,-892.500061035156,-1.33786245718807,-0.0794202599766837,0.0744621682746172,ST
245.7,-1.68437063694,-0.315819501876831,9.96266937255859,1.64635193347931,1.43293595314026,1.38720393180847,-907.500061035156,32.1000022888184,-890.100036621094,-1.3447889288269,-0.152802465955853,0.0373353086978476,ST
245.733333333333,-1.84347665309906,-0.053234726190567,10.158860206604,1.03659200668335,0.411587983369827,1.6615959405899,-921.900024414062,33.3000030517578,-880.500061035156,-1.3526245779162,-0.174751268675226,0.009902899889973,ST
245.766666666667,-0.616685390472412,-0.337352633476257,10.1702251434326,-0.0990860015153885,-0.891773998737335,2.5000159740448,-909.900024414062,35.7000007629395,-890.100036621094,-1.35666991911322,-0.0773381091983549,0.029305901714258,ST
245.8,0.333763778209686,-0.82663357257843,9.95668792724609,-0.0152439996600151,-1.05945801734924,1.31098401546478,-905.100036621094,35.1000022888184,-873.300048828125,-1.35842043612742,0.0123927692450583,0.0720359362065883,ST
245.833333333333,0.761435985565186,-0.727341830730438,8.86627292633057,0.160062000155449,-1.2500079870224,-1.09756803512573,-909.900024414062,30.9000015258789,-873.300048828125,-1.35639243959966,0.0734110632267654,0.0796783679892215,ST
245.866666666667,0.171068891882896,-0.439635097980499,7.53420877456665,0.815553963184357,0.274392008781433,-1.63872992992401,-917.100036621094,32.7000007629395,-878.100036621094,-1.35159276975458,0.0320595490111142,0.0610787666512145,ST
245.9,-0.247033044695854,-0.87388688325882,8.95420074462891,-0.167683988809586,0.815553963184357,-1.40244793891907,-907.500061035156,47.1000022888184,-870.900024414062,-1.34823460586574,-0.0178194426124467,0.091068751133479,ST
245.933333333333,-0.522776961326599,-1.07067596912384,9.59660625457764,-0.510673999786377,-0.411587983369827,-0.0914639979600906,-921.900024414062,39.3000030517578,-880.500061035156,-1.34760847589605,-0.0466086067724107,0.108026182997383,ST
245.966666666667,-1.28540921211243,-1.18492126464844,10.5829439163208,-0.205793991684914,-0.0990860015153885,0.640248000621796,-926.700012207031,36.9000015258789,-870.900024414062,-1.34894539875403,-0.106110745206182,0.111055300185574,ST
246.0,-1.10477006435394,-1.28720366954803,10.9657554626465,0.0914639979600906,-0.37347799539566,0.861285984516144,-914.700012207031,44.1000022888184,-878.100036621094,-1.35069688794436,-0.100403492011261,0.115611091688622,ST
246.033333333333,-0.899008870124817,-1.03060030937195,10.4040985107422,0.388722002506256,-0.754577994346619,0.670735955238342,-917.100036621094,35.1000022888184,-878.100036621094,-1.35365592022004,-0.0877790749250001,0.101495986809638,ST
246.066666666667,0.0933103039860725,-0.876279473304749,9.1569709777832,0.533540010452271,-2.09605002403259,0.579271972179413,-917.100036621094,35.7000007629395,-892.500061035156,-1.35577335156596,-0.0044380663751882,0.0957076884331021,ST
246.1,0.413914948701859,-1.08682572841644,7.81413984298706,-0.152439996600151,-2.25611186027527,0.434453994035721,-926.700012207031,39.3000030517578,-887.700012207031,-1.35802093598228,0.0440031301347249,0.129857752678321,ST
246.133333333333,-1.07665729522705,-0.681882977485657,9.0672492980957,0.495429992675781,0.243903994560242,0.564027965068817,-917.100036621094,30.3000011444092,-880.500061035156,-1.36014920878606,-0.0855092217239998,0.085523286850936,ST
246.166666666667,-1.46066510677338,-0.538328647613525,10.4046974182129,0.830797970294952,1.14329993724823,1.22714197635651,-912.300048828125,34.5,-875.700012207031,-1.36560633145524,-0.130151886730006,0.0572109421967596,ST
246.2,-0.741099119186401,-0.858933329582214,9.58942794799805,0.807931959629059,-0.67835795879364,1.28049600124359,-914.700012207031,32.1000022888184,-880.500061035156,-1.3660338909408,-0.0843857079767153,0.0829206747151883,ST
246.233333333333,-0.839194595813751,-0.811081886291504,10.4686985015869,0.236281991004944,-0.777444005012512,0.67835795879364,-909.900024414062,32.7000007629395,-878.100036621094,-1.36808533377876,-0.0796820831116164,0.0780376202044564,ST
246.266666666667,-1.1538177728653,-0.695042133331299,10.5213346481323,0.708845973014832,0.266770005226135,0.487807989120483,-914.700012207031,33.3000030517578,-878.100036621094,-1.37002870111437,-0.103854047957351,0.0671958295141153,ST
246.3,-1.08742392063141,-0.563450694084167,9.92558479309082,0.739333987236023,1.01372599601746,0.510673999786377,-909.900024414062,38.7000007629395,-873.300048828125,-1.3719985356142,-0.109608533066516,0.0573227654170045,ST
246.333333333333,-0.790146887302399,-0.712388277053833,9.10493278503418,0.533540010452271,0.87652999162674,0.945127964019775,-909.900024414062,43.5,-885.300048828125,-1.37239461591795,-0.0918149329683415,0.0734970278215418,ST
246.366666666667,-0.623863101005554,-0.510814070701599,9.48894023895264,-0.190549999475479,-0.403965979814529,0.144817993044853,-900.300048828125,37.5,-880.500061035156,-1.3740784196499,-0.0703009123856812,0.0579957329896598,ST
246.4,-0.420494496822357,-0.660947978496552,8.77475738525391,-0.327746003866196,-0.0076219998300075,0.708845973014832,-905.100036621094,30.9000015258789,-894.900024414062,-1.37492634299917,-0.0520881544653596,0.0723297763552801,ST
246.433333333333,-0.482103228569031,-1.01265609264374,8.83337497711182,-0.358233988285065,0.983237981796265,0.922261953353882,-907.500061035156,41.7000007629395,-870.900024414062,-1.37506866210135,-0.0552426729044571,0.106147674279223,ST
246.466666666667,-0.708201289176941,-0.986337780952454,10.3700046539307,0.0990860015153885,-0.152439996600151,0.3125019967556,-919.500061035156,31.5000019073486,-873.300048828125,-1.3764511889797,-0.0655862615983127,0.0965563595924964,ST
246.5,0.465355217456818,-0.902597725391388,9.54277324676514,-0.381099998950958,-2.27897787094116,0.0228659994900227,-914.700012207031,32.1000022888184,-897.300048828125,-1.37707558074209,0.0313687044150689,0.0952693562617527,ST
246.533333333333,1.38828980922699,-0.335558205842972,7.82191562652588,0.0609759986400604,-2.76678586006165,-0.0609759986400604,-921.900024414062,38.1000022888184,-885.300048828125,-1.37337801623733,0.155279015719907,0.0517546720962272,ST
246.566666666667,-0.285912334918976,-0.507225215435028,8.30461692810059,1.53964400291443,0.396344006061554,1.03659200668335,-917.100036621094,36.3000030517578,-897.300048828125,-1.37641469736643,0.0034269844133124,0.0570499584039687,ST
246.6,-0.979160070419312,-0.824839174747467,9.96147346496582,0.846041977405548,1.73781597614288,0.861285984516144,-917.100036621094,31.5000019073486,-892.500061035156,-1.37732235988576,-0.0797337203269498,0.0762010372869436,ST
246.633333333333,-1.03777801990509,-0.586778283119202,9.42972373962402,0.160062000155449,-0.228659987449646,0.403965979814529,-905.100036621094,33.3000030517578,-885.300048828125,-1.3793895216854,-0.103817760594609,0.064376056608378,ST
246.666666666667,-1.53962004184723,-0.605320692062378,9.74673938751221,-0.167683988809586,-0.495429992675781,0.327746003866196,-909.900024414062,33.9000015258789,-882.900024414062,-1.38046842963203,-0.145110544284241,0.0626742565196576,ST
246.7,-1.76332545280457,-1.3338588476181,10.6816368103027,-0.167683988809586,0.868907988071442,0.213415995240211,-914.700012207031,35.1000022888184,-882.900024414062,-1.37313080713363,-0.160594390984514,0.113424937912428,ST
246.733333333333,-1.38589727878571,-1.74538123607635,9.94412708282471,-1.32622802257538,0.221037998795509,-1.30336201190948,-909.900024414062,28.5000019073486,-885.300048828125,-1.36300640819461,-0.141366853655405,0.163749779601156,ST
246.766666666667,-0.82364284992218,-1.92183339595795,8.6264181137085,-1.80641400814056,-0.640248000621796,-1.88263392448425,-909.900024414062,33.9000015258789,-880.500061035156,-1.35366513747533,-0.100733060525571,0.211561264209398,ST
246.8,-0.460570096969604,-1.73760533332825,9.6821403503418,-1.43293595314026,-1.85214591026306,-0.564027965068817,-909.900024414062,38.1000022888184,-873.300048828125,-1.35544927983175,-0.0549688488692153,0.186426173488738,ST
246.833333333333,-0.0,-2.29627084732056,9.04093074798584,-0.457319974899292,-2.66007804870605,0.6250039935112,-926.700012207031,40.5,-885.300048828125,-1.35675904119791,-0.0063115258295696,0.238221502830448,ST
246.866666666667,0.258995920419693,-2.11682796478271,8.34768295288086,0.388722002506256,0.175305992364883,0.0228659994900227,-921.900024414062,38.1000022888184,-868.500061035156,-1.35678393755262,0.0233200632860699,0.245983108786295,ST
246.9,-0.474327385425568,-1.4600670337677,9.1868782043457,1.11281192302704,0.259148001670837,0.37347799539566,-914.700012207031,38.1000022888184,-880.500061035156,-1.35796038670723,-0.0364186253010791,0.173906236397738,ST
246.933333333333,-0.921140193939209,-1.29438138008118,9.4434814453125,1.95123195648193,0.388722002506256,1.65397393703461,-919.500061035156,39.9000015258789,-878.100036621094,-1.3634428931183,-0.0858546049838339,0.140487683302206,ST
246.966666666667,-0.66334056854248,-1.08742392063141,8.44876956939697,2.42379593849182,0.282013982534409,1.93598794937134,-897.900024414062,31.5000019073486,-880.500061035156,-1.36868781401681,-0.0799300300529936,0.126537073978083,ST
247.0,-2.22210121154785,-0.894821882247925,10.1762065887451,2.04269599914551,2.14940404891968,1.74543797969818,-907.500061035156,34.5,-873.300048828125,-1.37606023013424,-0.190255809775689,0.0925452786683125,ST
247.033333333333,-1.85484135150909,-0.626853823661804,10.2097024917603,1.74543797969818,2.11891603469849,1.49391198158264,-905.100036621094,33.9000015258789,-868.500061035156,-1.38375683176662,-0.184519667956448,0.0640223789468088,ST
247.066666666667,-2.06957459449768,-0.374437510967255,9.98180961608887,1.21189796924591,0.769822001457214,1.98934197425842,-907.500061035156,33.3000030517578,-873.300048828125,-1.39210667001578,-0.201522867696165,0.0406318015474469,ST
247.1,-1.22858572006226,-0.736912131309509,9.30052471160889,0.381099998950958,-0.175305992364883,2.52288198471069,-902.700012207031,32.7000007629395,-873.300048828125,-1.39257594405032,-0.145162748451953,0.0702958352231044,ST
247.133333333333,-0.513804793357849,-0.68965882062912,9.2760009765625,-0.167683988809586,-0.830797970294952,2.21037983894348,-900.300048828125,33.9000015258789,-875.700012207031,-1.39809165453655,-0.068389329153508,0.0735601162434109,ST
247.166666666667,0.128002598881721,-0.708799421787262,9.51765060424805,0.152439996600151,-1.2347639799118,1.43293595314026,-897.900024414062,38.1000022888184,-873.300048828125,-1.4015664712706,-0.0015185578721285,0.0739265287049431,ST
247.2,0.894223749637604,-0.646592557430267,8.43381595611572,0.419209986925125,-1.76068198680878,0.487807989120483,-909.900024414062,39.9000015258789,-878.100036621094,-1.40309382222151,0.0861566281042578,0.0754608132261233,ST
247.233333333333,0.333763778209686,-0.684873700141907,8.71314907073975,0.83841997385025,-1.07470202445984,0.0,-895.500061035156,33.3000030517578,-875.700012207031,-1.40349526955477,0.0493366129783671,0.0766808328009635,ST
247.266666666667,0.36725977063179,-0.75545459985733,8.90814304351807,-0.236281991004944,-1.89025592803955,0.0762199983000755,-905.100036621094,35.1000022888184,-873.300048828125,-1.40430748404835,0.045342777559353,0.0833508682276935,ST
247.3,0.739902853965759,-0.824839174747467,7.93556261062622,-0.967993974685669,-1.84452390670776,0.0914639979600906,-897.900024414062,33.9000015258789,-885.300048828125,-1.40590643221507,0.0855208390051456,0.100859429664821,ST
247.333333333333,-0.491673529148102,-1.3559901714325,10.1289529800415,-1.42531394958496,-0.960371971130371,0.594515979290009,-905.100036621094,44.7000007629395,-894.900024414062,-1.40831869501193,-0.0198209358149626,0.128581668441637,ST
247.366666666667,-1.72205364704132,-1.16458439826965,12.7069492340088,-0.510673999786377,-0.152439996600151,1.42531394958496,-909.900024414062,33.9000015258789,-875.700012207031,-1.41358755658248,-0.11104794255754,0.0995384816695176,ST
247.4,-1.63352847099304,-0.92472904920578,12.4180459976196,0.632625997066498,-0.46494197845459,2.01982998847961,-921.900024414062,30.3000011444092,-897.300048828125,-1.42063521215161,-0.126125406534308,0.0781933874017929,ST
247.433333333333,-0.598142981529236,-0.543711960315704,9.0792121887207,0.792688012123108,-0.137196004390717,1.81403601169586,-912.300048828125,38.1000022888184,-890.100036621094,-1.42625040697519,-0.0778361157767829,0.0621701488284681,ST
247.466666666667,-0.853550016880035,-0.401353925466537,10.1199808120728,0.571649968624115,0.426831990480423,2.15702605247498,-912.300048828125,30.9000015258789,-892.500061035156,-1.43257087730291,-0.0835639878987097,0.0431436194655663,ST
247.5,0.28411790728569,-0.531150937080383,7.62393045425415,-0.0228659994900227,-0.46494197845459,1.48628997802734,-912.300048828125,33.3000030517578,-894.900024414062,-1.43530605810418,0.013305397100279,0.0642380992791473,ST
247.533333333333,-0.364269077777863,-0.515001118183136,7.71604442596436,-0.175305992364883,0.594515979290009,0.99848198890686,-921.900024414062,27.9000015258789,-885.300048828125,-1.43755767048206,-0.0365328469025429,0.0664089664354691,ST
247.566666666667,-1.53483486175537,-1.04675018787384,10.0458116531372,0.289635986089706,1.62348592281342,0.609759986400604,-902.700012207031,32.7000007629395,-887.700012207031,-1.43610239741958,-0.132738124139697,0.0965896727668831,ST
247.6,-0.667527556419373,-0.872092425823212,9.22097206115723,-0.815553963184357,0.167683988809586,-0.564027965068817,-909.900024414062,37.5,-878.100036621094,-1.43494623361898,-0.0823057195686403,0.0959510310968705,ST
247.633333333333,-1.08323693275452,-0.747080564498901,9.53499698638916,0.0685980021953583,-0.37347799539566,-0.236281991004944,-897.900024414062,35.1000022888184,-875.700012207031,-1.43581431680439,-0.106442522206012,0.0815045107302955,ST
247.666666666667,-1.54261076450348,-0.846372306346893,10.2641334533691,1.10518991947174,1.03659200668335,-0.121951997280121,-895.500061035156,38.7000007629395,-892.500061035156,-1.43509415106004,-0.142600638481073,0.0805913794600096,ST
247.7,-1.01983380317688,-1.04615211486816,10.68044090271,0.129574000835419,0.922261953353882,-0.640248000621796,-897.900024414062,35.7000007629395,-882.900024414062,-1.43166180065894,-0.105045133956891,0.0943608110397618,ST
247.733333333333,-0.616685390472412,-0.980356335639954,9.93395805358887,-0.411587983369827,-0.533540010452271,-0.571649968624115,-902.700012207031,39.3000030517578,-870.900024414062,-1.43022110526263,-0.0696151158001823,0.0981983974857844,ST
247.766666666667,-0.0992917343974113,-1.23456704616547,8.86806774139404,-1.05945801734924,-1.02897000312805,-0.907018005847931,-912.300048828125,38.1000022888184,-875.700012207031,-1.42700175521206,-0.0213148272862992,0.13176998484341,ST
247.8,-0.348717361688614,-1.47860944271088,8.23463439941406,-1.16616594791412,0.0076219998300075,-0.594515979290009,-897.900024414062,38.1000022888184,-868.500061035156,-1.42460009877925,-0.0374357265262225,0.170059906091925,ST
247.833333333333,-0.370848655700684,-1.57610678672791,8.81423473358154,-1.36433792114258,0.403965979814529,-0.274392008781433,-909.900024414062,34.5,-899.700012207031,-1.42364941682739,-0.0410832916234857,0.177476838633511,ST
247.866666666667,-0.385204076766968,-1.53722739219666,9.16175556182861,-0.655492007732391,-0.411587983369827,0.213415995240211,-907.500061035156,33.3000030517578,-882.900024414062,-1.42468946899949,-0.0408553733663914,0.169401157917047,ST
247.9,-0.0173461455851793,-1.62934148311615,9.48714542388916,-0.419209986925125,-1.53964400291443,0.335367977619171,-909.900024414062,39.9000015258789,-873.300048828125,-1.42604678324995,-0.0076360121881845,0.170517743781326,ST
247.933333333333,-0.336754500865936,-1.71427774429321,10.0673446655273,0.175305992364883,-1.34147191047668,0.762199997901917,-907.500061035156,41.1000022888184,-870.900024414062,-1.42859495577636,-0.0272155469687003,0.168667474820063,ST
247.966666666667,-0.679490387439728,-1.8446729183197,10.4166603088379,0.236281991004944,-0.0457319989800453,0.617381989955902,-909.900024414062,40.5,-875.700012207031,-1.42985972111657,-0.0576325945178279,0.173710741192765,ST
248.0,-0.361278355121613,-1.25251138210297,10.1893653869629,0.403965979814529,-0.304879993200302,0.716467976570129,-900.300048828125,42.3000030517578,-875.700012207031,-1.43379563512546,-0.0386570498409326,0.130294592759262,ST
248.033333333333,-0.0472532957792282,-1.22918379306793,9.3836669921875,0.78506600856781,-1.44817996025085,1.28049600124359,-912.300048828125,31.5000019073486,-875.700012207031,-1.43713547526164,-0.0100076133198782,0.129128614117576,ST
248.066666666667,0.0879270136356354,-1.18432307243347,8.49422836303711,1.20427596569061,-1.15092194080353,1.19665396213531,-917.100036621094,29.7000007629395,-880.500061035156,-1.44020629844627,0.007536078074244,0.134963726705916,ST
248.1,-1.47980570793152,-1.27225005626678,9.68034553527832,1.61586391925812,1.85214591026306,0.78506600856781,-905.100036621094,40.5,-882.900024414062,-1.44154622495988,-0.121127884202382,0.129272711513106,ST
248.133333333333,-1.81536388397217,-1.54799401760101,10.0846900939941,1.69970595836639,2.71343183517456,-0.0838419944047928,-912.300048828125,32.1000022888184,-880.500061035156,-1.4372625945373,-0.1713523220789,0.146268129414972,ST
248.166666666667,-0.891233026981354,-0.926523447036743,9.19644832611084,0.282013982534409,-0.663114011287689,-0.975615978240967,-905.100036621094,39.3000030517578,-868.500061035156,-1.44033999600329,-0.110210778613404,0.109363017933582,ST
248.2,-0.460570096969604,-1.00069320201874,7.71724081039429,0.160062000155449,-2.5152599811554,-0.266770005226135,-907.500061035156,39.9000015258789,-878.100036621094,-1.43899077380044,-0.0646128341487283,0.125236868529859,ST
248.233333333333,-0.622068703174591,-1.33625137805939,8.57318305969238,-0.182927995920181,-0.365855991840363,0.99848198890686,-893.100036621094,37.5,-878.100036621094,-1.43997139371513,-0.0700868311138899,0.149846759663375,ST
248.266666666667,-1.02282452583313,-1.38529908657074,10.2001323699951,0.228659987449646,0.221037998795509,1.31860601902008,-912.300048828125,42.3000030517578,-875.700012207031,-1.44385959146248,-0.0937657444106077,0.137517535402373,ST
248.3,-0.413914948701859,-1.59763991832733,10.8473224639893,0.388722002506256,-1.6615959405899,1.04421401023865,-902.700012207031,39.9000015258789,-890.100036621094,-1.44626337216873,-0.0469410449441638,0.143836956755511,ST
248.333333333333,0.102880589663982,-1.47860944271088,9.33342266082764,0.617381989955902,-2.32470989227295,0.815553963184357,-909.900024414062,36.9000015258789,-885.300048828125,-1.44866440581217,0.0022611061728878,0.153563585634274,ST
248.366666666667,-0.14056359231472,-1.38649535179138,10.1863746643066,0.853663980960846,-0.594515979290009,1.27287399768829,-909.900024414062,35.1000022888184,-887.700012207031,-1.45200782460979,-0.0102414543495392,0.137310100840471,ST
248.4,0.309838056564331,-1.20286548137665,8.42663860321045,0.701223969459534,-0.0838419944047928,1.75305998325348,-909.900024414062,34.5,-878.100036621094,-1.45644158746103,0.0283233978327283,0.140062691281867,ST
248.433333333333,-0.0711790099740028,-1.20824885368347,7.34878444671631,0.960371971130371,0.655492007732391,1.93598794937134,-921.900024414062,36.9000015258789,-885.300048828125,-1.46086743797288,-0.0032231029824874,0.15702028179114,ST
248.466666666667,-1.33266258239746,-0.987534046173096,9.22456073760986,1.41769194602966,1.28049600124359,1.6692179441452,-912.300048828125,35.1000022888184,-892.500061035156,-1.46725876121273,-0.122780742829822,0.112446302361717,ST
248.5,-1.30754053592682,-0.946262180805206,10.6780481338501,1.47866797447205,0.503051996231079,1.63872992992401,-900.300048828125,36.9000015258789,-873.300048828125,-1.47308783894358,-0.122581785866539,0.0909037881536934,ST
248.533333333333,-1.38230836391449,-0.427672237157822,10.5518398284912,1.76068198680878,-0.807931959629059,1.86738991737366,-900.300048828125,33.9000015258789,-887.700012207031,-1.48310262675813,-0.127952835797341,0.045518729332521,ST
248.566666666667,-1.42058956623077,-0.39537250995636,9.65522384643555,1.34909391403198,-0.647870004177094,2.41617393493652,-902.700012207031,29.1000003814697,-887.700012207031,-1.48906530949641,-0.141568226612275,0.0395037252826919,ST
248.6,-0.251220047473907,-0.591563403606415,11.4155588150024,-0.266770005226135,-2.05031800270081,2.35519790649414,-888.300048828125,34.5,-880.500061035156,-1.49381085419975,-0.0434179175148543,0.0494535468090204,ST
248.633333333333,1.17594909667969,-0.519188106060028,8.65752124786377,-0.640248000621796,-3.81862187385559,1.76830399036407,-909.900024414062,34.5,-894.900024414062,-1.49874389497986,0.106036324278376,0.0589782049613555,ST
248.666666666667,1.67300593852997,-0.628648281097412,6.88941097259521,-0.541162014007568,-2.40855193138123,1.52439999580383,-895.500061035156,34.5,-870.900024414062,-1.50664756430704,0.213924753954553,0.0855658953285765,ST
248.7,0.308641761541367,-1.10716259479523,8.41228294372559,0.0838419944047928,1.22714197635651,1.45580196380615,-912.300048828125,32.1000022888184,-885.300048828125,-1.51522544226131,0.0643304850559584,0.123416744970757,ST
248.733333333333,-1.27763342857361,-0.57660984992981,9.18388748168945,0.777444005012512,1.48628997802734,1.37195992469788,-895.500061035156,34.5,-880.500061035156,-1.51932806651766,-0.106080754914584,0.0718657265346631,ST
248.766666666667,-1.49356305599213,-0.418101936578751,8.8878059387207,0.937505960464478,1.2500079870224,1.93598794937134,-907.500061035156,32.1000022888184,-890.100036621094,-1.52609078758907,-0.156053842515834,0.0503905687318698,ST
248.8,-2.83160877227783,-0.447410941123962,12.6626863479614,1.08232402801514,1.32622802257538,2.0731840133667,-905.100036621094,29.1000003814697,-870.900024414062,-1.53275118815937,-0.208950871977649,0.036340294305027,ST
248.833333333333,-2.2591860294342,-0.419896364212036,13.3846454620361,1.21189796924591,0.960371971130371,1.85214591026306,-914.700012207031,24.9000015258789,-894.900024414062,-1.53750688918902,-0.176982072025854,0.0301967065516934,ST
248.866666666667,-0.0161498598754406,-0.442625790834427,9.76169300079346,0.167683988809586,-1.43293595314026,0.571649968624115,-897.900024414062,33.3000030517578,-904.500061035156,-1.53763918042591,-0.0351394075809166,0.0420357075092819,ST
248.9,-0.509019672870636,-0.0592161528766155,7.72142744064331,-0.0076219998300075,-1.80641400814056,0.190549999475479,-900.300048828125,29.7000007629395,-870.900024414062,-1.53946195059189,-0.0571343336577548,0.0146030965556915,ST
248.933333333333,-1.16039741039276,-0.539524972438812,8.69939136505127,-0.327746003866196,0.342989981174469,0.0762199983000755,-893.100036621094,27.9000015258789,-890.100036621094,-1.53634227015341,-0.117670936929184,0.0527814028932543,ST
248.966666666667,-0.432457357645035,-0.645396292209625,8.55882740020752,-0.762199997901917,0.221037998795509,-1.01372599601746,-893.100036621094,27.3000011444092,-887.700012207031,-1.5324080229468,-0.0641280837028943,0.0719381164537078,ST
249.0,-0.0239257179200649,-0.318212062120438,7.79021406173706,-0.731711983680725,-1.6920839548111,-1.34909391403198,-895.500061035156,34.5,-875.700012207031,-1.53052230924226,-0.0129129339990221,0.0481615752598147,ST
249.033333333333,-0.390587359666824,-0.350511789321899,8.30043029785156,-0.411587983369827,-1.63110792636871,-1.12043392658234,-909.900024414062,29.7000007629395,-882.900024414062,-1.52824626744459,-0.0377734455344604,0.0440229848404353,ST
249.066666666667,-1.2578946352005,-0.863120317459106,11.617133140564,-0.426831990480423,-0.381099998950958,-1.12805593013763,-897.900024414062,23.7000007629395,-890.100036621094,-1.5240457389274,-0.0936763625232777,0.0691395467995587,ST
249.1,-1.83510267734528,-0.512608528137207,11.9078302383423,0.0381099991500378,-0.571649968624115,-1.2423859834671,-914.700012207031,32.7000007629395,-882.900024414062,-1.52368254937886,-0.139968417029372,0.0484879376756237,ST
249.133333333333,-0.601133704185486,-1.06768524646759,9.63249397277832,-0.518296003341675,-0.556405961513519,-1.79117000102997,-900.300048828125,38.1000022888184,-875.700012207031,-1.51434638864309,-0.0767289516992458,0.0989567941100846,ST
249.166666666667,-0.611302137374878,-1.07127404212952,9.81253528594971,-1.53964400291443,-0.403965979814529,-2.00458598136902,-921.900024414062,28.5000019073486,-887.700012207031,-1.5092568676076,-0.0638044376906753,0.109253649505891,ST
249.2,-0.321202784776688,-1.24413740634918,9.7778434753418,-1.6692179441452,-0.975615978240967,-1.32622802257538,-905.100036621094,33.9000015258789,-892.500061035156,-1.50586241076143,-0.0372960821760927,0.125481290750232,ST
249.233333333333,0.304454773664474,-1.20705246925354,9.22755146026611,-1.18903195858002,-1.07470202445984,-0.480185985565186,-919.500061035156,32.7000007629395,-878.100036621094,-1.50498898244937,0.0225960253277807,0.13103220587805,ST
249.266666666667,0.806296706199646,-1.19508969783783,7.49951648712158,-0.655492007732391,-0.586893975734711,-0.190549999475479,-905.100036621094,36.9000015258789,-885.300048828125,-1.5059595652298,0.0917887356375853,0.154111906151159,ST
249.3,-0.332567483186722,-1.17236018180847,8.71554088592529,0.411587983369827,1.31098401546478,0.487807989120483,-912.300048828125,38.1000022888184,-880.500061035156,-1.50600806566877,-0.0135134660708397,0.137272124749548,ST
249.333333333333,-0.272155046463013,-1.08682572841644,9.08698844909668,0.266770005226135,-0.198172003030777,0.144817993044853,-912.300048828125,32.1000022888184,-890.100036621094,-1.50668240363808,-0.0262133653414135,0.122336182898965,ST
249.366666666667,0.0951047316193581,-1.12690138816833,9.01162242889404,0.297257989645004,-1.09756803512573,0.884151995182037,-919.500061035156,40.5,-885.300048828125,-1.50899295070584,0.0044440398656578,0.123567467870812,ST
249.4,-0.541319370269775,-1.30335354804993,10.2838716506958,0.655492007732391,-0.967993974685669,0.907018005847931,-902.700012207031,32.7000007629395,-880.500061035156,-1.51150307153167,-0.0414295587266522,0.124655078271924,ST
249.433333333333,-1.57790112495422,-1.37154185771942,11.3210515975952,1.00610399246216,0.37347799539566,1.05945801734924,-917.100036621094,44.1000022888184,-873.300048828125,-1.51415089746363,-0.121013316753645,0.119730675281129,ST
249.466666666667,-1.33086812496185,-1.39486944675446,10.6756553649902,0.945127964019775,1.48628997802734,0.724089980125427,-905.100036621094,38.7000007629395,-870.900024414062,-1.51431830267497,-0.124881175863824,0.126653365835533,ST
249.5,-0.544310092926025,-1.42058956623077,9.6402702331543,-0.396344006061554,0.419209986925125,0.160062000155449,-914.700012207031,41.7000007629395,-880.500061035156,-1.51304088233151,-0.0687643800074018,0.14338083430542,ST
249.533333333333,-0.25839775800705,-1.01145970821381,9.25506591796875,-0.846041977405548,-1.41006994247437,0.0533539988100529,-907.500061035156,36.9000015258789,-875.700012207031,-1.51513277402896,-0.0326056682823741,0.11585790953164,ST
249.566666666667,-0.379820793867111,-1.4241783618927,8.14670753479004,-0.350611984729767,-0.884151995182037,0.87652999162674,-912.300048828125,34.5,-885.300048828125,-1.51571996081484,-0.0421798242895432,0.16195490175307,ST
249.6,-0.489879101514816,-2.04086375236511,8.79928112030029,-0.564027965068817,0.983237981796265,1.76068198680878,-900.300048828125,41.1000022888184,-890.100036621094,-1.51678750266003,-0.0535928656995693,0.215268775615265,ST
249.633333333333,-0.647788822650909,-1.76153099536896,9.44467735290527,0.0304879993200302,0.724089980125427,1.47866797447205,-900.300048828125,40.5,-878.100036621094,-1.52125910068182,-0.0659546088029817,0.190464626073363,ST
249.666666666667,-0.800913453102112,-1.42716908454895,9.78681564331055,1.08232402801514,0.556405961513519,1.96647596359253,-897.900024414062,33.3000030517578,-878.100036621094,-1.52807413812185,-0.0790325810590385,0.152317729776951,ST
249.7,-0.807493031024933,-1.32069969177246,10.2103004455566,1.87501192092896,0.381099998950958,1.85976791381836,-909.900024414062,36.3000030517578,-887.700012207031,-1.53355415199633,-0.0793087745935858,0.130598396850363,ST
249.733333333333,-1.4481041431427,-1.38470101356506,11.2618360519409,1.82165801525116,0.983237981796265,1.55488801002502,-897.900024414062,33.9000015258789,-870.900024414062,-1.53731487741035,-0.118957645481836,0.121265423954112,ST
249.766666666667,-1.26148355007172,-0.942673325538635,10.270712852478,1.45580196380615,1.2347639799118,0.632625997066498,-902.700012207031,32.7000007629395,-875.700012207031,-1.54116297352343,-0.122960834139779,0.0954063937192489,ST
249.8,-0.482701390981674,-0.82962429523468,8.71972846984863,-0.0457319989800453,-0.586893975734711,0.381099998950958,-907.500061035156,35.1000022888184,-866.100036621094,-1.54221104321845,-0.067974897421645,0.0949889056699563,ST
249.833333333333,-0.215929612517357,-0.806894838809967,8.39673137664795,-0.617381989955902,-1.48628997802734,0.0228659994900227,-921.900024414062,33.9000015258789,-882.900024414062,-1.54259884066112,-0.0315450610602114,0.0965137585934061,ST
249.866666666667,-0.416905641555786,-0.78177285194397,7.86438369750977,0.259148001670837,-0.731711983680725,-0.175305992364883,-895.500061035156,35.7000007629395,-880.500061035156,-1.54224307380192,-0.0480699770789321,0.0982805436909127,ST
249.9,-1.23516523838043,-0.899008870124817,8.29145812988281,1.41769194602966,0.807931959629059,0.0762199983000755,-900.300048828125,32.7000007629395,-882.900024414062,-1.54138878394061,-0.130485261630703,0.104229585214769,ST
249.933333333333,-1.55277919769287,-0.859531462192535,10.5261201858521,1.12043392658234,0.701223969459534,0.419209986925125,-893.100036621094,35.1000022888184,-875.700012207031,-1.54470474721058,-0.144454237659834,0.0836013070495911,ST
249.966666666667,-0.87388688325882,-0.808689296245575,12.1853685379028,0.342989981174469,-2.03507399559021,1.08994603157043,-897.900024414062,28.5000019073486,-878.100036621094,-1.54940849891036,-0.0808588680952186,0.0684955830710123,ST
250.0,0.91874760389328,-0.83859646320343,9.24489784240723,0.175305992364883,-3.71953582763672,0.693601965904236,-912.300048828125,27.9000015258789,-882.900024414062,-1.55180229409372,0.0736996633110499,0.0865630960853557,DLL
250.033333333333,0.637022256851196,-1.27225005626678,10.1445045471191,-0.137196004390717,0.0914639979600906,0.304879993200302,-912.300048828125,44.1000022888184,-890.100036621094,-1.55471783932039,0.0639815031646577,0.118580370224875,DLL
250.066666666667,0.51440292596817,-1.01983380317688,9.08938026428223,-0.182927995920181,0.533540010452271,0.0152439996600151,-897.900024414062,35.7000007629395,-894.900024414062,-1.55424553030308,0.0567181176327444,0.113143308573167,DLL
250.1,0.186022460460663,-1.01145970821381,6.26614570617676,0.259148001670837,0.945127964019775,-0.0609759986400604,-897.900024414062,35.1000022888184,-878.100036621094,-1.55553343160929,0.032568273322263,0.151782912437193,DLL
250.133333333333,-2.00617146492004,-0.862522184848785,9.08040809631348,0.335367977619171,1.29574000835419,0.891773998737335,-905.100036621094,30.3000011444092,-885.300048828125,-1.56070686461185,-0.176229421212168,0.104126194290449,DLL
250.166666666667,-4.00337076187134,-0.541319370269775,12.3085861206055,0.602137982845306,0.213415995240211,2.23324584960938,-893.100036621094,33.9000015258789,-880.500061035156,-1.57664957502902,-0.286814703727958,0.0549334148797607,DLL
250.2,-2.97994828224182,-0.66633129119873,11.7660703659058,0.137196004390717,-0.78506600856781,5.46497392654419,-888.300048828125,33.3000030517578,-880.500061035156,-1.58902088737122,-0.254886892712223,0.0539827260136717,DLL
250.233333333333,-2.58457589149475,-0.334361910820007,10.708553314209,-0.259148001670837,-2.46952795982361,6.96650791168213,-895.500061035156,31.5000019073486,-878.100036621094,-1.60987655596612,-0.237343053180657,0.0337224973678794,DLL
250.266666666667,-2.24542880058289,0.0322997197508812,9.51406192779541,-0.655492007732391,-2.72105383872986,9.53512191772461,-900.300048828125,37.5,-870.900024414062,-1.64205348352847,-0.22880602131951,0.0001274931992385,DLL
250.3,-1.17953789234161,-0.0484495796263218,7.72681093215942,-1.73019397258759,-2.81251788139343,13.1708154678345,-890.700012207031,27.3000011444092,-873.300048828125,-1.67361346119351,-0.161365919467279,0.0041983293162181,DLL
250.333333333333,-1.17236018180847,-0.247631192207336,6.9318790435791,-2.78202986717224,-3.40703392028809,15.8766260147095,-893.100036621094,29.7000007629395,-858.900024414062,-1.70671114924123,-0.16194643857063,0.0295672911999105,DLL
250.366666666667,-1.05213344097137,-1.23516523838043,7.74535322189331,-3.55185198783875,-2.5000159740448,19.4132328033447,-885.900024414062,29.7000007629395,-880.500061035156,-1.73690030121564,-0.138575400914907,0.133065215322093,DLL
250.4,-0.323595345020294,-1.81955087184906,9.25865459442139,-3.16313004493713,-1.76830399036407,19.680004119873,-883.500061035156,26.1000003814697,-885.300048828125,-1.77776408695589,-0.0575991142930393,0.183868405081861,DLL
250.433333333333,0.0968991592526436,-2.55347228050232,10.230637550354,-2.46952795982361,-1.91312193870544,17.2714519500732,-895.500061035156,27.3000011444092,-885.300048828125,-1.81605427532457,-0.0069606380715051,0.235168065664257,DLL
250.466666666667,0.250621914863586,-2.63123083114624,10.1522808074951,-1.89025592803955,-1.58537602424622,13.3842315673828,-893.100036621094,25.5000019073486,-882.900024414062,-1.84686993057063,0.0152353908923935,0.252643434846547,DLL
250.5,-1.07845175266266,-2.32677626609802,11.8522033691406,-1.83690190315247,-0.518296003341675,8.13267421722412,-883.500061035156,24.3000011444092,-885.300048828125,-1.86850433844228,-0.0733259674879153,0.20596416552784,DLL
250.533333333333,-0.65436840057373,-2.68027853965759,10.8078451156616,-1.38720393180847,-0.937505960464478,5.89180564880371,-883.500061035156,18.9000015258789,-882.900024414062,-1.88108427525943,-0.0619185553191516,0.237881000408083,DLL
250.566666666667,-0.18183545768261,-2.24782133102417,7.95290899276733,-1.47104597091675,-1.56251001358032,2.73629784584045,-876.300048828125,17.1000003814697,-885.300048828125,-1.88739979511689,-0.0275425504339979,0.271122671522809,DLL
250.6,-0.810483753681183,-1.96250712871552,7.69092226028442,-0.213415995240211,0.320124000310898,1.50153398513794,-881.100036621094,20.1000003814697,-878.100036621094,-1.89176696681193,-0.0894814725617037,0.253852679471986,DLL
250.633333333333,0.0544310100376606,-2.25679349899292,7.73339033126831,-0.541162014007568,-0.236281991004944,0.0609759986400604,-883.500061035156,20.7000007629395,-899.700012207031,-1.89084013195682,-0.0112242032996253,0.279033314669231,DLL
250.666666666667,-0.221312895417213,-1.80818617343903,7.09158325195312,-1.02134799957275,-1.98171997070312,-0.823175966739655,-885.900024414062,27.3000011444092,-897.300048828125,-1.89061025603262,-0.0239528482962505,0.256079947735797,DLL
250.7,-1.65207087993622,-1.42178583145142,9.64146614074707,-0.609759986400604,-0.304879993200302,-0.472563982009888,-888.300048828125,17.1000003814697,-882.900024414062,-1.89679937972643,-0.13833433956456,0.169895583230027,DLL
250.733333333333,-1.14664006233215,-1.84885990619659,10.7528162002563,-0.701223969459534,-0.861285984516144,-0.350611984729767,-897.900024414062,17.7000007629395,-882.900024414062,-1.89638053029518,-0.110217646824949,0.171214307201987,DLL
250.766666666667,-0.340941488742828,-2.61149215698242,10.8036584854126,-2.47714996337891,-3.41465592384338,-0.937505960464478,-893.100036621094,25.5000019073486,-885.300048828125,-1.89190505632405,-0.0398379653889297,0.229021877028485,DLL
250.8,0.851157426834106,-3.20425200462341,9.11091327667236,-3.51374197006226,-4.03965997695923,-1.53202199935913,-893.100036621094,13.5000009536743,-887.700012207031,-1.89232743135056,0.0712084479655327,0.323617640810709,DLL
250.833333333333,-0.718369722366333,-2.88125467300415,10.2294406890869,-2.14940404891968,-0.716467976570129,-0.0914639979600906,-900.300048828125,24.9000015258789,-892.500061035156,-1.89202722818625,-0.0430878881636816,0.286009537816994,DLL
250.866666666667,-0.754856407642365,-2.57081842422485,9.92319202423096,-0.106707997620106,0.83841997385025,0.175305992364883,-893.100036621094,21.3000011444092,-878.100036621094,-1.89334707578187,-0.06857209962109,0.260217694256514,DLL
250.9,-0.586180090904236,-2.30943012237549,8.20412921905518,0.983237981796265,0.891773998737335,0.0533539988100529,-890.700012207031,34.5,-899.700012207031,-1.89202674369841,-0.0699055961899688,0.270473501873634,DLL
250.933333333333,-1.43075799942017,-2.03009724617004,9.08818435668945,1.78354799747467,1.07470202445984,-0.175305992364883,-897.900024414062,27.3000011444092,-885.300048828125,-1.89502603995944,-0.137212122393493,0.227690288209724,DLL
250.966666666667,-1.68257617950439,-2.17424964904785,9.69769191741943,2.33995389938354,1.80641400814056,-0.724089980125427,-897.900024414062,25.5000019073486,-885.300048828125,-1.89300476758616,-0.163797551110172,0.218978860824758,DLL
251.0,-0.947458446025848,-3.13187670707703,11.2642288208008,0.807931959629059,0.320124000310898,-1.74543797969818,-888.300048828125,24.9000015258789,-868.500061035156,-1.88335802207153,-0.097452405297588,0.259949672761692,DLL
251.033333333333,0.596946656703949,-3.76052474975586,10.206711769104,-0.365855991840363,-2.00458598136902,-4.24545383453369,-900.300048828125,22.5,-885.300048828125,-1.87273240944835,0.0284952060038297,0.33487654714716,DLL
251.066666666667,0.788352429866791,-3.30115103721619,9.01162242889404,0.731711983680725,-2.27897787094116,-7.08845996856689,-900.300048828125,31.5000019073486,-880.500061035156,-1.85977777972397,0.0775164247626917,0.346344680211148,DLL
251.1,0.0598142966628075,-2.69523215293884,8.1903715133667,2.27135586738586,-0.0762199983000755,-8.30797958374023,-909.900024414062,28.5000019073486,-887.700012207031,-1.84068701834286,0.0249840891045353,0.320002008611763,DLL
251.133333333333,0.980954468250275,-3.08163261413574,7.15618228912354,1.49391198158264,1.48628997802734,-9.74853801727295,-914.700012207031,29.7000007629395,-897.300048828125,-1.82074952114692,0.112634282850496,0.389463707922787,DLL
251.166666666667,-0.693247675895691,-1.93020737171173,8.99487400054932,1.38720393180847,2.22562384605408,-12.2028217315674,-895.500061035156,30.3000011444092,-885.300048828125,-1.78463042213378,-0.0416102196939426,0.239327419692032,DLL
251.2,-0.951645493507385,-1.95413303375244,9.80475997924805,1.79117000102997,1.84452390670776,-10.2134799957275,-917.100036621094,27.9000015258789,-890.100036621094,-1.76204142711878,-0.0842938874003682,0.203323730323117,DLL
251.233333333333,-1.69095015525818,-1.67480027675629,11.4388866424561,2.5076379776001,2.15702605247498,-8.2241382598877,-912.300048828125,29.1000003814697,-887.700012207031,-1.74621800868947,-0.135467790934468,0.153639623848877,DLL
251.266666666667,-0.530552804470062,-1.77947533130646,8.80167388916016,2.08842802047729,1.45580196380615,-4.41313791275024,-921.900024414062,29.1000003814697,-890.100036621094,-1.73079799298662,-0.0736039089709016,0.188996534446358,DLL
251.3,-0.282921612262726,-1.40264523029327,8.12936115264893,1.15854394435883,2.20275783538818,-0.617381989955902,-902.700012207031,29.1000003814697,-882.900024414062,-1.72928003089197,-0.0450699954639543,0.172971048100465,DLL
251.333333333333,-0.506627082824707,-1.76511991024017,8.42125511169434,0.106707997620106,2.54574799537659,1.74543797969818,-912.300048828125,30.9000015258789,-887.700012207031,-1.73073234274982,-0.0599874419188269,0.199582998901059,DLL
251.366666666667,-1.06708705425262,-1.83330821990967,9.36273193359375,-0.647870004177094,1.31860601902008,4.26069784164429,-905.100036621094,30.3000011444092,-897.300048828125,-1.74134952919007,-0.106389441800308,0.194773043475067,DLL
251.4,-1.06589078903198,-1.77050316333771,8.78731822967529,-0.381099998950958,0.396344006061554,5.29728984832764,-890.700012207031,26.1000003814697,-885.300048828125,-1.75353144952291,-0.118256009791137,0.197799136252166,DLL
251.433333333333,-0.574815392494202,-2.14553880691528,8.18917560577393,-0.0457319989800453,1.16616594791412,6.05186796188354,-883.500061035156,35.1000022888184,-878.100036621094,-1.76190301003847,-0.0815107319822673,0.243817449606421,DLL
251.466666666667,-1.66403377056122,-1.90209460258484,9.11988544464111,0.556405961513519,1.18903195858002,5.25155782699585,-883.500061035156,32.7000007629395,-875.700012207031,-1.77668499542718,-0.160738551075328,0.21175941409606,DLL
251.5,-1.61917304992676,-2.03069543838501,10.2970314025879,0.106707997620106,0.632625997066498,5.02289772033691,-881.100036621094,31.5000019073486,-892.500061035156,-1.78987870851456,-0.156884556278179,0.196933236570379,DLL
251.533333333333,-1.51569426059723,-1.65506160259247,9.18807411193848,0.0381099991500378,-2.24086785316467,4.36740589141846,-873.900024414062,32.1000022888184,-892.500061035156,-1.8034496666722,-0.158205742945195,0.180665802187847,DLL
251.566666666667,-2.09050965309143,-1.40025269985199,10.7581996917725,0.579271972179413,-1.20427596569061,4.57319974899292,-893.100036621094,26.7000007629395,-885.300048828125,-1.82202307293362,-0.18391770304264,0.136616157925044,DLL
251.6,0.0598142966628075,-1.75196075439453,9.53200626373291,0.396344006061554,-2.53050398826599,4.29118585586548,-881.100036621094,27.9000015258789,-887.700012207031,-1.82969682809813,-0.0232940517626218,0.17328650745927,DLL
251.633333333333,0.251818180084229,-1.40862667560577,8.73169136047363,0.221037998795509,-3.31556987762451,2.85824990272522,-876.300048828125,29.1000003814697,-880.500061035156,-1.83816541794373,0.0238404440665667,0.161918970443937,DLL
251.666666666667,1.17953789234161,-2.00318074226379,6.85112953186035,-0.655492007732391,-2.24086785316467,2.25611186027527,-893.100036621094,27.3000011444092,-906.900024414062,-1.85218986467099,0.137866124579131,0.260611089875116,DLL
251.7,0.275743901729584,-1.44750595092773,7.72860527038574,-1.08232402801514,-0.960371971130371,1.83690190315247,-902.700012207031,29.1000003814697,-887.700012207031,-1.85085666666879,0.0566142675208512,0.202031503846783,DLL
251.733333333333,-1.09639608860016,-1.55876052379608,10.6840295791626,-0.960371971130371,-0.792688012123108,3.19361782073975,-885.900024414062,22.5,-897.300048828125,-1.85924586563986,-0.0725261136574068,0.156465492337049,DLL
251.766666666667,0.05742172524333,-2.31122446060181,10.1959447860718,-1.82165801525116,-2.80489587783813,4.07776975631714,-888.300048828125,17.7000007629395,-875.700012207031,-1.86760694905608,-0.0075391500075137,0.211878962200807,DLL
251.8,-0.679490387439728,-2.04026556015015,12.2445850372314,-1.43293595314026,-2.9116039276123,3.31556987762451,-902.700012207031,25.5000019073486,-887.700012207031,-1.87821270028635,-0.0435025680688378,0.174890501424848,DLL
251.833333333333,-0.480906963348389,-1.79442894458771,10.9454183578491,0.442075997591019,-1.47104597091675,3.67380380630493,-895.500061035156,21.9000015258789,-894.900024414062,-1.88807941683796,-0.0421598542765365,0.163842319283007,DLL
251.866666666667,-0.170470744371414,-1.60900461673737,9.60617637634277,1.96647596359253,0.586893975734711,3.17837381362915,-893.100036621094,26.7000007629395,-887.700012207031,-1.89496788347657,-0.023998886705992,0.162664346073828,DLL
251.9,-0.246434897184372,-0.955832481384277,8.82021617889404,1.99696397781372,1.01372599601746,1.39482593536377,-897.900024414062,26.1000003814697,-897.300048828125,-1.89892754287734,-0.0286678905821791,0.116149313044331,DLL
251.933333333333,-0.39537250995636,-0.92472904920578,8.28188800811768,1.12805593013763,0.87652999162674,1.43293595314026,-897.900024414062,23.7000007629395,-887.700012207031,-1.90217978919178,-0.0453099773802753,0.110467546161922,DLL
251.966666666667,-0.791343152523041,-0.923532724380493,7.69929647445679,-0.564027965068817,1.41769194602966,1.07470202445984,-881.100036621094,23.1000003814697,-890.100036621094,-1.90398115552021,-0.0944495087947557,0.118600598015463,DLL
252.0,-2.00138640403748,-0.941477060317993,10.4818572998047,-0.922261953353882,1.92074394226074,1.41006994247437,-888.300048828125,30.9000015258789,-887.700012207031,-1.91006922165061,-0.173066696491403,0.0962430087130466,DLL
252.033333333333,0.344530344009399,-1.91585195064545,9.04212760925293,-2.00458598136902,-1.35671591758728,1.34147191047668,-885.900024414062,30.9000015258789,-887.700012207031,-1.90605476046491,0.0032375614028049,0.192842569853949,DLL
252.066666666667,0.237462759017944,-2.13178157806396,8.81483268737793,-2.94971394538879,-3.64331603050232,0.289635986089706,-888.300048828125,22.5,-882.900024414062,-1.90914061713889,0.0270884341524603,0.233602407719443,DLL
252.1,-0.0221312902867794,-2.35907578468323,8.63718414306641,-3.14026403427124,-2.24086785316467,0.609759986400604,-890.700012207031,23.7000007629395,-890.100036621094,-1.91249421603312,0.0051580023915152,0.266058795983091,DLL
252.133333333333,-0.711192011833191,-2.39077734947205,9.48834228515625,-2.71343183517456,-0.182927995920181,1.31860601902008,-893.100036621094,30.3000011444092,-887.700012207031,-1.91599101306466,-0.0570894207733159,0.254461213905397,DLL
252.166666666667,-0.193798318505287,-3.05890321731567,8.96197605133057,-2.33233189582825,-0.0228659994900227,1.2500079870224,-893.100036621094,28.5000019073486,-885.300048828125,-1.91632394742505,-0.0283441536835412,0.31709726803538,DLL
252.2,-0.703416109085083,-3.24313116073608,9.34000205993652,-2.04269599914551,-0.594515979290009,1.08994603157043,-888.300048828125,30.9000015258789,-880.500061035156,-1.91884319357565,-0.0635420469059629,0.334208673241899,DLL
252.233333333333,-1.20346367359161,-3.45248126983643,9.95549201965332,-1.265251994133,-0.609759986400604,1.47104597091675,-900.300048828125,26.1000003814697,-880.500061035156,-1.92262490351104,-0.103461942613962,0.335471046359733,DLL
252.266666666667,-1.0335910320282,-3.68814945220947,9.90883636474609,-1.10518991947174,-1.10518991947174,1.06708002090454,-888.300048828125,33.3000030517578,-880.500061035156,-1.92454956953011,-0.0974073775034519,0.354458044230985,DLL
252.3,-0.602928102016449,-3.76710438728333,8.24061584472656,-1.05945801734924,-1.73781597614288,1.12805593013763,-897.900024414062,28.5000019073486,-892.500061035156,-1.92368003728309,-0.0703382451200693,0.416837478856326,DLL
252.333333333333,-0.340343356132507,-3.52246403694153,8.52293872833252,-0.518296003341675,-0.983237981796265,1.60061991214752,-893.100036621094,29.1000003814697,-885.300048828125,-1.92955046917245,-0.0420925989879278,0.396712076139368,DLL
252.366666666667,-0.967795312404633,-2.70779323577881,8.548659324646,1.92074394226074,-0.3125019967556,2.09605002403259,-888.300048828125,26.1000003814697,-885.300048828125,-1.93980919973023,-0.0971492216010331,0.318929599300127,DLL
252.4,-0.925925314426422,-2.70001745223999,9.10852146148682,2.33995389938354,0.114329993724823,1.85214591026306,-897.900024414062,27.3000011444092,-882.900024414062,-1.94641932270363,-0.0981077163778432,0.289691072231364,DLL
252.433333333333,-0.129198879003525,-2.95721888542175,9.00085544586182,1.39482593536377,-1.20427596569061,1.99696397781372,-890.700012207031,25.5000019073486,-882.900024414062,-1.95056577080491,-0.0270277959001841,0.310638930009163,DLL
252.466666666667,-0.301464051008224,-2.77837419509888,10.5907192230225,1.92074394226074,-0.769822001457214,1.06708002090454,-893.100036621094,25.5000019073486,-887.700012207031,-1.95484303554399,-0.0267891228913239,0.262796985094104,DLL
252.5,0.836203873157501,-3.43513512611389,10.1522808074951,2.01220798492432,-0.472563982009888,-0.37347799539566,-893.100036621094,32.1000022888184,-894.900024414062,-1.95514882171213,0.058769492975443,0.311337198015461,DLL
252.533333333333,1.30096101760864,-2.85074949264526,9.05767917633057,1.85976791381836,-0.137196004390717,-5.29728984832764,-895.500061035156,24.9000015258789,-885.300048828125,-1.9432517531013,0.122993591231229,0.302929314653965,DLL
252.566666666667,0.542515695095062,-2.41589951515198,9.33521747589111,3.73477983474731,0.823175966739655,-7.27900981903076,-895.500061035156,19.5,-894.900024414062,-1.92308017946139,0.0712843103776235,0.257096814647541,DLL
252.6,0.501841962337494,-2.19996976852417,9.03554725646973,4.5655779838562,1.18903195858002,-8.80340957641602,-909.900024414062,26.7000007629395,-892.500061035156,-1.90203991501753,0.0587429323264534,0.235357074404945,DLL
252.633333333333,0.118432305753231,-1.52047944068909,8.75202751159668,4.84759187698364,1.75305998325348,-10.2211017608643,-900.300048828125,33.3000030517578,-897.300048828125,-1.87625974480352,0.0228606259934107,0.177463859783664,DLL
252.666666666667,-0.565245091915131,-0.656760990619659,8.60787582397461,5.0838737487793,2.13416004180908,-9.71042823791504,-909.900024414062,29.7000007629395,-892.500061035156,-1.85440793473042,-0.0489707973039202,0.0898547706936481,DLL
252.7,0.0795530155301094,-1.16278994083405,8.95300388336182,3.803377866745,2.46190595626831,-7.86590385437012,-897.900024414062,22.5,-890.100036621094,-1.83368361350354,-0.0037768438672231,0.116914737664117,DLL
252.733333333333,0.171068891882896,-1.12211620807648,10.1504859924316,1.79117000102997,1.12043392658234,-8.17078399658203,-895.500061035156,29.1000003814697,-902.100036621094,-1.81349348599156,0.0127992992736054,0.108654131297276,DLL
252.766666666667,0.221911042928696,-0.79074501991272,8.75142955780029,1.30336201190948,1.37958192825317,-7.46955966949463,-900.300048828125,26.1000003814697,-887.700012207031,-1.79419872796173,0.0222161419127284,0.0911069868794003,DLL
252.8,-0.433055520057678,-1.09998488426208,9.5924186706543,1.22714197635651,2.66770005226135,-6.17382001876831,-905.100036621094,35.1000022888184,-897.300048828125,-1.7779284085275,-0.0365151405200689,0.108700441453231,DLL
252.833333333333,-0.0107665732502937,-1.67001521587372,8.56839847564697,0.160062000155449,2.20275783538818,-4.79423809051514,-912.300048828125,31.5000019073486,-880.500061035156,-1.76359161197519,-0.0092274423806409,0.178339918783447,DLL
252.866666666667,-0.0299071483314037,-1.78784930706024,9.01580905914307,-0.746955990791321,2.17227005958557,-4.43600368499756,-897.900024414062,34.5,-880.500061035156,-1.75251261537972,-0.0062725043704079,0.193344369444744,DLL
252.9,-1.76153099536896,-1.03717994689941,10.2390117645264,0.259148001670837,2.9420919418335,-4.35978412628174,-895.500061035156,30.3000011444092,-882.900024414062,-1.74685380817445,-0.139739488356123,0.120243027374842,DLL
252.933333333333,-1.66463184356689,-1.63891172409058,10.4417819976807,0.746955990791321,2.75154185295105,-1.84452390670776,-885.900024414062,35.7000007629395,-878.100036621094,-1.73750575201786,-0.156347360961907,0.147964363085969,DLL
252.966666666667,-1.35539197921753,-1.53304040431976,10.1080179214478,0.495429992675781,1.99696397781372,-1.62348592281342,-897.900024414062,37.5,-890.100036621094,-1.73218759035771,-0.1382177032184,0.149795456971615,DLL
253.0,-1.31232571601868,-1.14903259277344,8.89019870758057,0.708845973014832,0.693601965904236,-1.47866797447205,-893.100036621094,26.1000003814697,-875.700012207031,-1.73064669222404,-0.144875324484134,0.131398978416152,DLL
253.033333333333,-1.91764640808105,-0.983945190906525,9.00922966003418,1.50915598869324,1.52439999580383,-0.472563982009888,-888.300048828125,32.1000022888184,-882.900024414062,-1.73197094283179,-0.19772036101335,0.111458706006157,DLL
253.066666666667,-1.18492126464844,-1.43075799942017,9.79399299621582,0.868907988071442,0.922261953353882,0.365855991840363,-893.100036621094,30.9000015258789,-870.900024414062,-1.72793357428369,-0.136344822029107,0.137113496200577,DLL
253.1,-1.0575168132782,-1.27105379104614,9.33282470703125,0.46494197845459,-0.152439996600151,0.724089980125427,-888.300048828125,36.9000015258789,-887.700012207031,-1.72975964304692,-0.116677247194608,0.134938745625184,DLL
253.133333333333,-1.22738933563232,-1.10237753391266,9.03973484039307,0.617381989955902,1.07470202445984,0.167683988809586,-890.700012207031,33.9000015258789,-875.700012207031,-1.73117150324638,-0.132846650349791,0.122580606993535,DLL
253.166666666667,-1.56593835353851,-1.19269704818726,9.94951057434082,0.739333987236023,1.57775402069092,0.106707997620106,-885.900024414062,37.5,-892.500061035156,-1.73125334706358,-0.152748186293477,0.11895502560934,DLL
253.2,-1.67121148109436,-1.09938681125641,9.65641975402832,0.99848198890686,0.990859985351562,0.396344006061554,-881.100036621094,36.3000030517578,-878.100036621094,-1.73246605151974,-0.168190457496787,0.113036421083504,DLL
253.233333333333,-0.885251581668854,-0.897214472293854,8.46372318267822,0.830797970294952,-0.167683988809586,0.274392008781433,-888.300048828125,35.7000007629395,-882.900024414062,-1.73392125650786,-0.114962374872968,0.105695784180756,DLL
253.266666666667,-0.539524972438812,-0.758445262908936,8.34947776794434,1.05945801734924,-0.556405961513519,-0.144817993044853,-888.300048828125,30.9000015258789,-885.300048828125,-1.73476557463642,-0.0724980337650012,0.0917749823457389,DLL
253.3,-1.60661196708679,-0.848764896392822,9.95489311218262,1.2500079870224,-0.304879993200302,0.320124000310898,-885.900024414062,35.7000007629395,-890.100036621094,-1.73601456841254,-0.141504228277229,0.0846344589041798,DLL
253.333333333333,-0.725547432899475,-1.19150078296661,10.5021944046021,-0.213415995240211,-0.967993974685669,-0.586893975734711,-888.300048828125,30.9000015258789,-882.900024414062,-1.73220015755498,-0.0793030877629226,0.108635507257884,ST
253.366666666667,0.0023925718851387,-1.1556122303009,9.61096096038818,-1.12805593013763,-2.40855193138123,-1.40244793891907,-885.900024414062,32.1000022888184,-870.900024414062,-1.72910582773534,-0.0102904215526583,0.119379650377398,ST
253.4,0.278136491775513,-1.29378318786621,9.35495567321777,-0.884151995182037,-1.73781597614288,-2.08842802047729,-893.100036621094,35.1000022888184,-880.500061035156,-1.72455995108713,0.0256782142745829,0.135646509010537,ST
253.433333333333,0.12441373616457,-1.28301668167114,8.34887981414795,0.25152599811554,-1.10518991947174,-1.93598794937134,-897.900024414062,37.5,-894.900024414062,-1.72057177996829,0.0186519613925722,0.149065943356716,ST
253.466666666667,-1.02701151371002,-1.22260427474976,7.7758584022522,1.12805593013763,1.02897000312805,-1.37195992469788,-895.500061035156,39.9000015258789,-870.900024414062,-1.71646257060383,-0.105905435455668,0.153334755010205,ST
253.5,-2.7562427520752,-1.26208162307739,9.7718620300293,1.2423859834671,2.37806391716003,-1.11281192302704,-900.300048828125,27.9000015258789,-885.300048828125,-1.71630003209877,-0.244036976596168,0.132065284186218,ST
253.533333333333,-2.40034770965576,-1.44989860057831,12.4676923751831,-0.685979962348938,-0.236281991004944,-1.6692179441452,-895.500061035156,35.1000022888184,-870.900024414062,-1.71533541464728,-0.197550877577994,0.119987803773667,ST
253.566666666667,-0.763828575611115,-2.05222845077515,10.9825029373169,-1.21189796924591,-2.0655620098114,-1.61586391925812,-888.300048828125,32.7000007629395,-880.500061035156,-1.70501241687284,-0.091205124445436,0.173799222517846,ST
253.6,-0.830222427845001,-2.02172327041626,9.39144325256348,-0.510673999786377,-0.87652999162674,-1.50153398513794,-888.300048828125,35.7000007629395,-894.900024414062,-1.69896176356865,-0.0853790616709547,0.20653043824697,ST
253.633333333333,-0.699229121208191,-1.75315701961517,8.50200462341309,0.167683988809586,0.304879993200302,-1.35671591758728,-895.500061035156,33.3000030517578,-880.500061035156,-1.69585953459719,-0.081355899307103,0.203882631807726,ST
253.666666666667,-0.126806303858757,-1.83330821990967,7.71783876419067,0.457319974899292,-0.304879993200302,-0.907018005847931,-900.300048828125,35.7000007629395,-878.100036621094,-1.69251730452131,-0.0269472716238943,0.227401283051928,ST
253.7,0.305651068687439,-1.60541570186615,7.13345289230347,0.663114011287689,-0.807931959629059,-0.449698001146317,-900.300048828125,42.3000030517578,-885.300048828125,-1.69183414255003,0.0322621013538333,0.221349498999546,ST
253.733333333333,-0.928916037082672,-1.52526462078094,8.48525619506836,1.82927989959717,0.609759986400604,1.11281192302704,-890.700012207031,33.9000015258789,-880.500061035156,-1.6948470486809,-0.0802297045342365,0.184130131512171,ST
253.766666666667,-1.7244461774826,-1.53064787387848,9.71384143829346,1.53964400291443,0.937505960464478,0.945127964019775,-900.300048828125,30.3000011444092,-882.900024414062,-1.69935155070599,-0.15946601817908,0.158651397919948,ST
253.8,-2.48229336738586,-1.41520631313324,10.8509120941162,1.05945801734924,0.891773998737335,1.16616594791412,-888.300048828125,39.9000015258789,-887.700012207031,-1.70605943715303,-0.213206862907854,0.133121373489837,ST
253.833333333333,-2.51339673995972,-1.45946884155273,10.8670616149902,0.952749967575073,0.983237981796265,1.2423859834671,-895.500061035156,37.5,-890.100036621094,-1.70835717973025,-0.224476256905216,0.131753548301464,ST
253.866666666667,-1.85783207416534,-1.31053125858307,10.4399871826172,0.617381989955902,0.243903994560242,1.47866797447205,-890.700012207031,38.1000022888184,-875.700012207031,-1.7126805995493,-0.185381598539448,0.125000665826009,ST
253.9,-1.06768524646759,-1.2238005399704,9.90285491943359,0.503051996231079,-0.960371971130371,1.15854394435883,-900.300048828125,38.7000007629395,-882.900024414062,-1.71578486051168,-0.121345503637855,0.122433078531195,ST
253.933333333333,-0.072973445057869,-0.906784772872925,7.55753660202026,1.05183601379395,-1.30336201190948,1.16616594791412,-900.300048828125,30.9000015258789,-873.300048828125,-1.7189202348086,-0.0305213584026814,0.11847439390764,ST
253.966666666667,-0.166283741593361,-0.964206457138062,8.37998294830322,1.60061991214752,-0.67835795879364,1.14329993724823,-888.300048828125,41.1000022888184,-870.900024414062,-1.72201116409711,-0.0207355163116559,0.112848080981861,ST
254.0,0.119628593325615,-0.690855145454407,8.1784086227417,1.95885396003723,-1.28049600124359,1.09756803512573,-909.900024414062,25.5000019073486,-878.100036621094,-1.7249440160926,0.0090896457500729,0.0873047056757437,ST
254.033333333333,0.234472051262856,-0.658555388450623,7.67955780029297,1.63110792636871,-1.76068198680878,0.99848198890686,-902.700012207031,35.1000022888184,-880.500061035156,-1.72774596744482,0.0289979159333984,0.0835586144327109,ST
254.066666666667,-0.78775429725647,-0.536534249782562,9.4913330078125,1.2423859834671,-0.670735955238342,1.01372599601746,-895.500061035156,33.9000015258789,-880.500061035156,-1.73049754769741,-0.0592809240241423,0.0601910058470405,ST
254.1,-1.61558413505554,-0.56464695930481,11.5561218261719,1.47866797447205,-0.708845973014832,1.72257196903229,-885.900024414062,30.3000011444092,-885.300048828125,-1.73525329465633,-0.12183893556104,0.0488282560354519,ST
254.133333333333,-1.11434030532837,-0.949252903461456,11.2714061737061,1.32622802257538,-1.08232402801514,1.62348592281342,-902.700012207031,27.3000011444092,-904.500061035156,-1.7358745665394,-0.101624409495372,0.0748369791467176,ST
254.166666666667,-0.647788822650909,-0.981552600860596,10.4304170608521,0.823175966739655,-0.708845973014832,0.78506600856781,-905.100036621094,32.1000022888184,-887.700012207031,-1.7364547091826,-0.068901432961643,0.0887732836985338,ST
254.2,-0.86192399263382,-0.815867006778717,10.6349821090698,0.960371971130371,-0.396344006061554,0.190549999475479,-885.900024414062,27.3000011444092,-892.500061035156,-1.73761838086971,-0.0777408602872992,0.0776660377368149,ST
254.233333333333,0.0281127188354731,-0.671714544296265,9.4315185546875,0.541162014007568,-1.21951997280121,-0.221037998795509,-893.100036621094,25.5000019073486,-880.500061035156,-1.73753125792633,-0.0115799518552097,0.0716832089733727,ST
254.266666666667,-0.0251220054924488,0.0281127188354731,7.53241443634033,1.60061991214752,-1.13567793369293,0.449698001146317,-897.900024414062,28.5000019073486,-899.700012207031,-1.7391143027338,-0.00343447686118,0.0092423608083165,ST
254.3,-1.09220910072327,0.205761179327965,8.70357799530029,1.93598794937134,0.701223969459534,0.663114011287689,-895.500061035156,23.7000007629395,-899.700012207031,-1.74201313544653,-0.102695652567765,-0.0201383459141759,ST
254.333333333333,-0.911569893360138,0.0771604403853416,9.93276214599609,1.42531394958496,0.236281991004944,1.2347639799118,-897.900024414062,27.9000015258789,-899.700012207031,-1.7437706387932,-0.0940742063071908,-0.0124124012316705,ST
254.366666666667,-0.227892473340034,-0.0059814294800162,9.82090950012207,-0.647870004177094,-1.72257196903229,0.221037998795509,-907.500061035156,27.3000011444092,-885.300048828125,-1.74363098459664,-0.0342205184277768,-0.0009525097235263,ST
254.4,-0.499449372291565,-0.0083740018308162,10.0488023757935,-0.533540010452271,-0.914639949798584,0.205793991684914,-897.900024414062,27.3000011444092,-892.500061035156,-1.74411204442265,-0.0457422324011251,0.0012959702753904,ST
254.433333333333,-1.07904994487762,-0.645396292209625,10.9011554718018,-0.0152439996600151,1.47866797447205,-0.152439996600151,-900.300048828125,34.5,-880.500061035156,-1.74032796522383,-0.0917895479104821,0.0494373482078492,ST
254.466666666667,-0.68965882062912,-0.18183545768261,9.30172157287598,-0.160062000155449,0.37347799539566,-1.2347639799118,-907.500061035156,30.3000011444092,-890.100036621094,-1.73936952053298,-0.0776521940343284,0.0252504378983257,ST
254.5,-0.0197387188673019,-0.361876487731934,7.67058563232422,-1.18903195858002,-0.685979962348938,-2.080806016922,-909.900024414062,29.1000003814697,-890.100036621094,-1.73356685743988,-0.0148757271555645,0.0450536898463561,ST
254.533333333333,-0.513206660747528,-0.730332553386688,8.440993309021,-1.38720393180847,0.800309956073761,-1.53202199935913,-909.900024414062,32.7000007629395,-894.900024414062,-1.72859809490018,-0.0533456916237092,0.0810161438874357,ST
254.566666666667,-1.18432307243347,-0.939682602882385,9.16235446929932,-1.05183601379395,2.080806016922,-1.21951997280121,-895.500061035156,33.9000015258789,-890.100036621094,-1.72365398882496,-0.118204169035304,0.100367151146344,ST
254.6,-2.03129363059998,-1.3458217382431,10.8072471618652,-0.602137982845306,2.58385801315308,-0.724089980125427,-897.900024414062,30.3000011444092,-882.900024414062,-1.71867847205768,-0.174507667098504,0.120185346939706,ST
254.633333333333,-1.58567702770233,-0.989328503608704,10.9549884796143,-0.907018005847931,0.342989981174469,-1.36433792114258,-885.900024414062,42.9000015258789,-880.500061035156,-1.71948144390592,-0.14977146538408,0.097681015568942,ST
254.666666666667,-0.871494293212891,-1.22499680519104,10.5039882659912,-0.221037998795509,-1.00610399246216,-0.586893975734711,-897.900024414062,39.9000015258789,-882.900024414062,-1.71660734736508,-0.0943567512965482,0.112802887748398,ST
254.7,-0.423485219478607,-1.20525813102722,8.83935642242432,-0.335367977619171,-1.46342396736145,-1.33385002613068,-900.300048828125,39.3000030517578,-882.900024414062,-1.71263636190011,-0.0546347493584287,0.131530525890208,ST
254.733333333333,-0.795530140399933,-1.05691862106323,8.66768932342529,0.129574000835419,-0.701223969459534,-0.807931959629059,-907.500061035156,32.1000022888184,-880.500061035156,-1.71150260859535,-0.0828546207927537,0.123171513261151,ST
254.766666666667,-0.497654944658279,-0.951047301292419,8.47867679595947,-0.236281991004944,-1.00610399246216,-0.754577994346619,-878.700012207031,35.7000007629395,-882.900024414062,-1.71062094337674,-0.0608079681633043,0.114030095524024,ST
254.8,-0.0693845823407173,-0.762034118175507,8.29983234405518,0.0685980021953583,-1.51677799224854,-0.640248000621796,-914.700012207031,39.9000015258789,-878.100036621094,-1.71015315044126,-0.0154337560992106,0.0954906128416456,ST
254.833333333333,-0.388792932033539,-0.994711756706238,10.5350923538208,0.46494197845459,-2.0579400062561,0.3125019967556,-885.900024414062,38.1000022888184,-875.700012207031,-1.7114725061701,-0.0304002417261033,0.0936501303320774,ST
254.866666666667,0.136376604437828,-1.6143878698349,9.86816310882568,0.198172003030777,-2.19513607025146,-0.0762199983000755,-907.500061035156,32.7000007629395,-894.900024414062,-1.71133207408762,0.0089007293336923,0.149633686977034,ST
254.9,-0.825437307357788,-1.21542656421661,11.5752630233765,0.396344006061554,-0.274392008781433,-0.556405961513519,-905.100036621094,30.3000011444092,-887.700012207031,-1.71094992321991,-0.054251154113025,0.11320332489153,ST
254.933333333333,-0.219518467783928,-1.00248765945435,10.9232873916626,0.137196004390717,-1.21951997280121,-0.190549999475479,-900.300048828125,40.5,-894.900024414062,-1.71149049037278,-0.0247626635305158,0.0954413185454698,ST
254.966666666667,0.415709376335144,-1.40922486782074,7.74176454544067,0.769822001457214,-1.40244793891907,-0.0990860015153885,-900.300048828125,34.5,-892.500061035156,-1.71230915761902,0.0417903315454898,0.164697358732371,ST
255.0,-0.199779748916626,-1.30754053592682,8.19396018981934,0.990859985351562,0.426831990480423,-0.647870004177094,-907.500061035156,35.7000007629395,-890.100036621094,-1.71061310226363,-0.0112325623534523,0.158161062343811,ST
255.033333333333,-1.93499255180359,-1.33086812496185,10.7378625869751,1.37195992469788,1.36433792114258,-0.442075997591019,-933.900024414062,32.7000007629395,-887.700012207031,-1.71121835150019,-0.145201164819275,0.128702888403392,ST
255.066666666667,-1.80340111255646,-1.37632691860199,11.3940258026123,1.6768399477005,0.518296003341675,-0.289635986089706,-905.100036621094,28.5000019073486,-882.900024414062,-1.71119021960415,-0.15437976579529,0.119661753161447,ST
255.1,-0.397765070199966,-1.43733751773834,8.4709005355835,1.09756803512573,-1.12043392658234,-0.556405961513519,-907.500061035156,35.7000007629395,-878.100036621094,-1.7056223532991,-0.0615810510539591,0.158978937943331,ST
255.133333333333,-1.47801125049591,-1.4660484790802,10.4938201904297,0.708845973014832,0.647870004177094,-0.647870004177094,-914.700012207031,28.5000019073486,-892.500061035156,-1.70534763632958,-0.123820913811921,0.142036553850757,ST
255.166666666667,-0.779978454113007,-1.36556041240692,10.1223735809326,0.701223969459534,-0.365855991840363,-0.403965979814529,-907.500061035156,36.3000030517578,-885.300048828125,-1.70513605875616,-0.0852221853853569,0.134767295915008,ST
255.2,0.226696193218231,-1.2297819852829,7.36074733734131,0.457319974899292,-2.16464805603027,-0.594515979290009,-912.300048828125,36.9000015258789,-894.900024414062,-1.70352200211336,0.0141868812411207,0.159750851111715,ST
255.233333333333,-0.0179442893713713,-1.08981645107269,7.16993999481201,0.525918006896973,-0.37347799539566,0.571649968624115,-917.100036621094,36.3000030517578,-890.100036621094,-1.70499177210106,0.0009039132459973,0.151684469417032,ST
255.266666666667,-1.07785367965698,-1.05512416362762,9.21977615356445,0.861285984516144,1.31098401546478,1.73781597614288,-907.500061035156,29.7000007629395,-897.300048828125,-1.70991280555273,-0.0942074168566837,0.120306467649442,ST
255.3,-0.728538155555725,-1.39666378498077,9.54038047790527,0.891773998737335,0.990859985351562,1.73781597614288,-919.500061035156,34.5,-906.900024414062,-1.71176929808954,-0.0808986206676952,0.138887318099665,ST
255.333333333333,0.159704178571701,-1.26088535785675,7.8978796005249,0.144817993044853,-0.487807989120483,1.02897000312805,-888.300048828125,37.5,-887.700012207031,-1.71364304178152,7.4302364446353e-05,0.154179242408529,ST
255.366666666667,-0.964804589748383,-1.24054849147797,10.2533664703369,0.823175966739655,0.365855991840363,1.53202199935913,-905.100036621094,30.9000015258789,-911.700012207031,-1.7180005147306,-0.0751163409373213,0.126015550855502,ST
255.4,-0.507225215435028,-1.22320234775543,10.9334554672241,1.37958192825317,-0.739333987236023,1.07470202445984,-917.100036621094,36.3000030517578,-892.500061035156,-1.72131791105671,-0.0510761259119219,0.112338260543723,ST
255.433333333333,-0.208153754472733,-0.808091163635254,10.1893653869629,1.94360995292664,-1.87501192092896,1.34147191047668,-921.900024414062,29.7000007629395,-897.300048828125,-1.72574509164466,-0.0241240809655371,0.0830540427196954,ST
255.466666666667,0.68965882062912,-0.741099119186401,8.48824691772461,1.95123195648193,-2.55336999893188,1.38720393180847,-919.500061035156,26.1000003814697,-902.100036621094,-1.72963485142694,0.0642632113338969,0.0836481913889239,ST
255.5,0.913364291191101,-0.637620389461517,8.10364055633545,1.2576299905777,-2.33995389938354,0.815553963184357,-912.300048828125,29.7000007629395,-902.100036621094,-1.73183415553394,0.106637643467863,0.0777705748708222,ST
255.533333333333,0.820053994655609,-0.505430817604065,8.49841499328613,1.28049600124359,-1.50153398513794,1.15854394435883,-914.700012207031,27.9000015258789,-897.300048828125,-1.73334681693473,0.100149702688172,0.0614971160575272,ST
255.566666666667,0.320006489753723,-0.498253107070923,9.39144325256348,1.2423859834671,-0.899396002292633,1.6615959405899,-919.500061035156,26.7000007629395,-892.500061035156,-1.73686764506249,0.0484773399428742,0.0531366270218771,ST
255.6,-1.4660484790802,-0.342137783765793,11.279182434082,1.81403601169586,-0.198172003030777,2.52288198471069,-924.300048828125,31.5000019073486,-902.100036621094,-1.74306912559941,-0.0930465937499494,0.0323014860312675,ST
255.633333333333,-1.17893981933594,-0.675303399562836,11.693097114563,1.44817996025085,0.167683988809586,2.69818782806396,-921.900024414062,28.5000019073486,-899.700012207031,-1.74719728964085,-0.0992582697806713,0.0501820822732886,ST
255.666666666667,-0.771006286144257,-0.128600731492043,11.3982124328613,0.861285984516144,-0.503051996231079,2.27897787094116,-924.300048828125,31.5000019073486,-897.300048828125,-1.75509531556702,-0.0733310093237058,0.0176516911496868,ST
255.7,0.0484495796263218,0.171667039394379,10.1403179168701,0.213415995240211,-1.60824191570282,2.17227005958557,-919.500061035156,24.9000015258789,-902.100036621094,-1.76139139337922,-0.0077897924436212,-0.0107538196200049,ST
255.733333333333,0.0789548754692078,0.198583468794823,8.08390235900879,0.937505960464478,0.533540010452271,3.04879999160767,-924.300048828125,29.1000003814697,-899.700012207031,-1.7688685014971,0.0059472805447926,-0.0234297537284964,ST
255.766666666667,-0.485692083835602,0.028710862621665,9.03853797912598,0.731711983680725,2.61434602737427,2.74391984939575,-900.300048828125,29.1000003814697,-904.500061035156,-1.77531733428115,-0.0467224262615209,-0.0079723430965918,ST
255.8,-0.751865744590759,0.211742609739304,8.34170150756836,0.655492007732391,2.24848985671997,1.96647596359253,-912.300048828125,29.7000007629395,-890.100036621094,-1.78079955490746,-0.08424524250475,-0.0229734681104161,ST
255.833333333333,-1.20346367359161,0.138769164681435,9.16833591461182,-0.342989981174469,0.945127964019775,1.05945801734924,-917.100036621094,27.3000011444092,-892.500061035156,-1.78280546717525,-0.123565494735404,-0.0162198781124108,ST
255.866666666667,-1.24712812900543,-0.0233275759965181,9.85500335693359,-0.724089980125427,0.25152599811554,0.586893975734711,-902.700012207031,30.3000011444092,-887.700012207031,-1.78243841464332,-0.125824839163904,-1.97846966299628e-05,ST
255.9,-1.45767438411713,-0.537730515003204,11.5321960449219,-0.983237981796265,0.403965979814529,0.0762199983000755,-905.100036621094,28.5000019073486,-887.700012207031,-1.77802947268565,-0.126232582518475,0.0385602991130011,ST
255.933333333333,0.156713455915451,-0.41152235865593,9.89627552032471,-1.52439999580383,-0.99848198890686,-1.12043392658234,-909.900024414062,30.3000011444092,-885.300048828125,-1.77547386843719,-0.0114062719600772,0.0431810163936307,ST
255.966666666667,0.565843224525452,-0.387596637010574,7.67537069320679,-1.12043392658234,-1.54726600646973,-1.39482593536377,-890.700012207031,26.1000003814697,-890.100036621094,-1.77254190980698,0.0586245659525911,0.0504858474438677,ST
256.0,0.379820793867111,-0.332567483186722,8.05519104003906,-1.16616594791412,0.259148001670837,-1.89025592803955,-897.900024414062,29.7000007629395,-880.500061035156,-1.76770717891541,0.0491652999361967,0.0446059072609001,ST
256.033333333333,-0.353502482175827,-0.116039738059044,8.56361293792725,-0.160062000155449,0.777444005012512,-1.21189796924591,-897.900024414062,32.1000022888184,-880.500061035156,-1.76454449356586,-0.024049801999483,0.0200391654942835,ST
256.066666666667,-1.12869584560394,-0.473729223012924,10.1403179168701,0.510673999786377,1.18903195858002,-0.739333987236023,-897.900024414062,34.5,-885.300048828125,-1.76146704052933,-0.0948667892838526,0.0406507684044406,ST
256.1,0.0657957270741463,-0.933103024959564,10.5356903076172,-1.37195992469788,-0.960371971130371,-1.71494996547699,-888.300048828125,29.7000007629395,-894.900024414062,-1.75555181591884,-0.0114671197034109,0.0813479393146524,ST
256.133333333333,-0.762034118175507,-1.20346367359161,11.2708082199097,-1.92836594581604,-1.31860601902008,-2.34757590293884,-917.100036621094,30.9000015258789,-897.300048828125,-1.74984971339708,-0.0537623838913062,0.104135621760296,ST
256.166666666667,0.661546111106873,-1.35359752178192,8.26274681091309,-2.76678586006165,-0.304879993200302,-3.10215401649475,-900.300048828125,31.5000019073486,-892.500061035156,-1.74282303260948,0.0530921083851302,0.154395230933193,ST
256.2,0.532945394515991,-1.34821426868439,8.17721271514893,-2.70580983161926,-0.0381099991500378,-2.81251788139343,-919.500061035156,28.5000019073486,-878.100036621094,-1.73670803638114,0.0626608572741905,0.165131292566013,ST
256.233333333333,-0.0305052921175957,-1.58268630504608,9.04751014709473,-1.60824191570282,-0.243903994560242,-1.93598794937134,-914.700012207031,39.3000030517578,-887.700012207031,-1.73258767402361,0.0107786360817322,0.173733942621109,ST
256.266666666667,-0.0101684303954244,-1.54859220981598,9.05109977722168,-0.952749967575073,-0.175305992364883,-1.48628997802734,-914.700012207031,38.7000007629395,-892.500061035156,-1.7292562109602,0.0018829191629454,0.171634291213258,ST
256.3,-1.51389980316162,-2.49305987358093,9.89268684387207,-0.243903994560242,0.762199997901917,-0.403965979814529,-909.900024414062,39.3000030517578,-902.100036621094,-1.72452514359221,-0.117988943742307,0.231935754055944,ST
256.333333333333,-2.4296567440033,-2.80469250679016,11.1900587081909,-0.769822001457214,2.52288198471069,-1.45580196380615,-902.700012207031,38.1000022888184,-882.900024414062,-1.71764976727263,-0.196512193188183,0.245094316089549,ST
256.366666666667,-1.03717994689941,-1.98822724819183,10.1935529708862,-1.63872992992401,-0.327746003866196,-2.35519790649414,-909.900024414062,35.1000022888184,-885.300048828125,-1.71933731670858,-0.117923771009813,0.205851849768331,ST
256.4,-0.0257201474159956,-2.07615423202515,7.10414409637451,-0.640248000621796,-2.0655620098114,-1.08994603157043,-907.500061035156,45.9000015258789,-882.900024414062,-1.71338708852593,-0.0182280122103866,0.273016200652917,ST
256.433333333333,-0.556871116161346,-1.9989937543869,8.61206245422363,0.0762199983000755,0.365855991840363,0.0838419944047928,-921.900024414062,42.9000015258789,-904.500061035156,-1.7147422708397,-0.0559555424050119,0.235527445953133,ST
256.466666666667,-1.2818204164505,-2.12819266319275,11.035737991333,0.358233988285065,0.358233988285065,1.18903195858002,-912.300048828125,32.1000022888184,-882.900024414062,-1.72005807939947,-0.102787902465068,0.199005129739629,ST
256.5,-0.456981241703033,-2.22628808021545,10.0212869644165,1.05945801734924,-0.548784017562866,1.62348592281342,-909.900024414062,35.1000022888184,-897.300048828125,-1.72276079839246,-0.0552744334255552,0.213240545842335,ST
256.533333333333,0.170470744371414,-2.01693820953369,10.4118747711182,1.05183601379395,-2.90398192405701,1.45580196380615,-917.100036621094,38.7000007629395,-890.100036621094,-1.72781180189438,0.0052585631320711,0.194267672899914,ST
256.566666666667,0.732725143432617,-2.08093929290771,8.1191930770874,1.2347639799118,-3.16313004493713,1.80641400814056,-924.300048828125,35.1000022888184,-885.300048828125,-1.7352859705573,0.0744074607107795,0.237887293745401,ST
256.6,0.0628050118684769,-1.89611327648163,8.82201099395752,1.62348592281342,1.08232402801514,2.19513607025146,-917.100036621094,44.7000007629395,-885.300048828125,-1.73874771673774,0.0184268435046851,0.214824087538896,ST
256.633333333333,-0.577207982540131,-1.86201906204224,8.32555198669434,1.10518991947174,1.17378795146942,2.11891603469849,-909.900024414062,33.9000015258789,-878.100036621094,-1.74320531928915,-0.0554128041651104,0.217479031039049,ST
256.666666666667,-2.23406410217285,-1.8889354467392,9.7419548034668,1.81403601169586,2.76678586006165,2.62196803092957,-921.900024414062,41.1000022888184,-887.700012207031,-1.75015694539093,-0.192280828511064,0.194026801043291,ST
256.7,-1.64369690418243,-1.75913846492767,11.6087589263916,1.75305998325348,0.92988395690918,2.70580983161926,-905.100036621094,34.5,-878.100036621094,-1.76163718065051,-0.151734430913541,0.156115349828882,ST
256.733333333333,-1.11374223232269,-1.79383075237274,10.4926242828369,1.70732796192169,-1.92074394226074,3.01831197738647,-909.900024414062,41.7000007629395,-885.300048828125,-1.76822819135855,-0.110176604259561,0.164059338606749,ST
256.766666666667,-0.589768946170807,-1.69214642047882,9.80894660949707,1.88263392448425,-0.899396002292633,2.9268479347229,-895.500061035156,36.9000015258789,-894.900024414062,-1.77458418381669,-0.0689012055874585,0.166505795167379,ST
256.8,0.625059425830841,-1.23516523838043,9.39263916015625,1.54726600646973,-2.16464805603027,2.76678586006165,-897.900024414062,30.3000011444092,-878.100036621094,-1.78201267798278,0.0410980776883243,0.135892455094541,ST
256.833333333333,1.33505511283875,-0.825437307357788,6.95999145507812,1.92074394226074,-2.83538389205933,3.62807202339172,-909.900024414062,39.9000015258789,-882.900024414062,-1.78989803175297,0.161764518974923,0.1197212098284,ST
256.866666666667,1.0916109085083,-0.845176041126251,7.19625806808472,2.11891603469849,-0.693601965904236,4.35216188430786,-907.500061035156,32.1000022888184,-894.900024414062,-1.80032831304682,0.152111915521474,0.115423398878882,ST
256.9,0.768015563488007,-0.828428030014038,7.72980165481567,1.91312193870544,-0.670735955238342,4.68753004074097,-895.500061035156,38.7000007629395,-890.100036621094,-1.81056127409872,0.109514279818874,0.106659479813639,ST
256.933333333333,-1.18731379508972,-0.614890992641449,11.2361154556274,2.24086785316467,-0.647870004177094,5.47259569168091,-914.700012207031,30.9000015258789,-914.100036621094,-1.82228993291984,-0.0611711416665335,0.0621274759841212,ST
256.966666666667,-0.247631192207336,-0.57660984992981,11.6344785690308,1.45580196380615,-1.91312193870544,5.48021793365479,-905.100036621094,20.7000007629395,-909.300048828125,-1.83590889483485,-0.0265553747446262,0.0495601680178026,ST
257.0,-0.548497080802917,-0.541917502880096,12.0878715515137,2.30184388160706,-1.71494996547699,5.72412204742432,-900.300048828125,34.5,-894.900024414062,-1.85011475159039,-0.039856110980473,0.0420570361327251,ST
257.033333333333,-0.24224790930748,-0.2613884806633,11.0297565460205,2.79727387428284,-0.320124000310898,5.18296003341675,-912.300048828125,24.3000011444092,-916.500061035156,-1.86318592529135,-0.0249100001796575,0.0227464831864094,ST
257.066666666667,0.729136288166046,0.130395174026489,8.52772426605225,2.04269599914551,0.6250039935112,3.62045001983643,-902.700012207031,24.9000015258789,-909.300048828125,-1.87098572268915,0.0621426634594756,-0.0102552651035962,ST
257.1,0.0813474431633949,0.333763778209686,7.30093288421631,1.60824191570282,1.76068198680878,2.71343183517456,-900.300048828125,24.9000015258789,-890.100036621094,-1.87662396505885,0.017851857413959,-0.0415401258671915,ST
257.133333333333,-0.756650865077972,0.339745193719864,8.35306644439697,0.541162014007568,2.27897787094116,2.03507399559021,-888.300048828125,20.7000007629395,-887.700012207031,-1.88179053904288,-0.0740624831159843,-0.0417295601887492,ST
257.166666666667,-2.04983592033386,0.509617805480957,9.7539176940918,0.762199997901917,2.25611186027527,2.17227005958557,-900.300048828125,23.7000007629395,-902.100036621094,-1.88855981619393,-0.187618010028211,-0.0520195165565184,ST
257.2,-1.56534016132355,0.662144243717194,10.4011077880859,0.297257989645004,0.975615978240967,1.75305998325348,-890.700012207031,21.3000011444092,-892.500061035156,-1.89470112709065,-0.156814930674786,-0.0625167821288901,ST
257.233333333333,-0.871494293212891,0.285912334918976,10.3484716415405,-0.99848198890686,-0.846041977405548,0.891773998737335,-893.100036621094,22.5,-885.300048828125,-1.89335271446729,-0.0941828851835278,-0.0317545127967639,ST
257.266666666667,-0.595750391483307,0.366661638021469,9.73716926574707,-1.40244793891907,-2.0731840133667,-0.602137982845306,-888.300048828125,23.7000007629395,-892.500061035156,-1.8922454767838,-0.0644465846944196,-0.034470550773419,ST
257.3,-0.37324121594429,-0.0083740018308162,9.76647853851318,-1.60061991214752,-0.899396002292633,-1.13567793369293,-890.700012207031,23.7000007629395,-904.500061035156,-1.88816159569117,-0.0422609662292454,-0.0039426227107564,ST
257.333333333333,-0.252416342496872,0.228490620851517,10.082896232605,-1.85214591026306,-0.800309956073761,-1.42531394958496,-907.500061035156,24.9000015258789,-894.900024414062,-1.88543839175062,-0.0274054539423913,-0.0162427558102822,ST
257.366666666667,0.443822085857391,0.241649761795998,8.39792728424072,-1.6692179441452,-1.63872992992401,-1.72257196903229,-895.500061035156,26.7000007629395,-894.900024414062,-1.88106667596073,0.0407530615580025,-0.0241820823284235,ST
257.4,0.166881889104843,0.0484495796263218,8.01571369171143,-1.53964400291443,-1.49391198158264,-2.26373386383057,-900.300048828125,29.7000007629395,-897.300048828125,-1.87623713552358,0.0268722620585032,-0.007649964949088,ST
257.433333333333,-0.791941285133362,-0.117236025631428,10.4064912796021,-2.18751406669617,-0.114329993724823,-3.10215401649475,-902.700012207031,30.3000011444092,-882.900024414062,-1.868897313106,-0.0550348998561629,0.0106118391190244,ST
257.466666666667,-0.581394970417023,-0.286510497331619,10.7785367965698,-1.86738991737366,-0.442075997591019,-3.3613018989563,-900.300048828125,23.7000007629395,-894.900024414062,-1.8605685333238,-0.053389787989642,0.0262166268639561,ST
257.5,0.169872596859932,-0.479112505912781,10.0488023757935,-2.53050398826599,-1.32622802257538,-4.29118585586548,-905.100036621094,35.1000022888184,-892.500061035156,-1.85014095185921,0.005676841963475,0.0472465266929852,ST
257.533333333333,0.132189601659775,-0.794932007789612,10.8766317367554,-2.5076379776001,-1.71494996547699,-3.83386588096619,-909.900024414062,26.1000003814697,-897.300048828125,-1.8417278225107,0.0135474119919681,0.0712190397199589,ST
257.566666666667,0.680088579654694,-1.16996765136719,9.23772048950195,-2.54574799537659,-1.28811800479889,-4.25307607650757,-905.100036621094,25.5000019073486,-894.900024414062,-1.83281911137086,0.0661146653556972,0.120779475500238,ST
257.6,0.794932007789612,-1.0975923538208,8.6503438949585,-2.78965187072754,-0.160062000155449,-4.18447780609131,-921.900024414062,33.3000030517578,-887.700012207031,-1.82342230924092,0.0868758473157688,0.128543997931829,ST
257.633333333333,0.439036935567856,-1.23277270793915,8.42544174194336,-2.01982998847961,0.0304879993200302,-3.39178991317749,-933.900024414062,38.1000022888184,-887.700012207031,-1.81604887017501,0.0584589111938824,0.144875788937477,ST
257.666666666667,-0.364269077777863,-2.14972591400146,9.24130916595459,-1.6768399477005,0.937505960464478,-2.84300589561462,-909.900024414062,35.7000007629395,-894.900024414062,-1.81049758548549,-0.0193028918131174,0.213988907446393,ST
257.7,-0.706406831741333,-1.87158930301666,10.9430255889893,-2.35519790649414,0.967993974685669,-3.20123982429504,-924.300048828125,42.3000030517578,-887.700012207031,-1.80422770807285,-0.0551115888709536,0.181880441267241,ST
257.733333333333,-0.396568775177002,-2.19039964675903,11.0494947433472,-1.01372599601746,-0.579271972179413,-1.11281192302704,-917.100036621094,43.5,-882.900024414062,-1.80148613894189,-0.0381185628608063,0.194389754978279,ST
257.766666666667,0.0245238617062569,-2.31600952148438,10.2049169540405,-1.05183601379395,-0.571649968624115,-1.19665396213531,-917.100036621094,32.7000007629395,-887.700012207031,-1.7985840971211,-0.0046832510552689,0.218865537110855,ST
257.8,0.0113647161051631,-2.00198459625244,9.67077541351318,-1.47104597091675,0.121951997280121,-0.663114011287689,-921.900024414062,38.7000007629395,-890.100036621094,-1.79701518135142,7.34620296234002e-05,0.209007574382235,ST
257.833333333333,-0.679490387439728,-1.29797029495239,9.17312049865723,-0.396344006061554,0.396344006061554,0.594515979290009,-921.900024414062,38.7000007629395,-885.300048828125,-1.79990265099317,-0.0599959046430947,0.154147951028336,ST
257.866666666667,-0.45638307929039,-1.17714536190033,8.48764896392822,1.02134799957275,0.670735955238342,2.69818782806396,-914.700012207031,44.7000007629395,-894.900024414062,-1.80708905358361,-0.0558743876442792,0.138855099341048,ST
257.9,-0.543711960315704,-1.19508969783783,7.49174070358276,1.69970595836639,0.777444005012512,3.22410583496094,-917.100036621094,39.9000015258789,-885.300048828125,-1.81311186223226,-0.070118205480005,0.151636719033684,ST
257.933333333333,-1.09220910072327,-1.07845175266266,9.425537109375,1.2423859834671,1.60824191570282,2.57623600959778,-912.300048828125,37.5,-887.700012207031,-1.82127979811188,-0.108902403758504,0.119037976110887,ST
257.966666666667,-0.775193274021149,-0.669920146465302,10.4836521148682,1.15854394435883,0.3125019967556,2.29422187805176,-907.500061035156,45.3000030517578,-897.300048828125,-1.83056739412265,-0.0814990162385383,0.0730283903581289,ST
258.0,-0.48449581861496,-0.853550016880035,9.30351543426514,2.18751406669617,-0.670735955238342,1.92836594581604,-912.300048828125,38.1000022888184,-885.300048828125,-1.83395924927639,-0.0570861167274516,0.0845473578470621,ST
258.033333333333,-0.332567483186722,-0.525767683982849,9.43271446228027,2.0731840133667,0.358233988285065,0.884151995182037,-921.900024414062,33.9000015258789,-880.500061035156,-1.83702988515253,-0.039933627367386,0.0581699565843507,ST
258.066666666667,-0.157311603426933,-0.282323479652405,9.6283073425293,1.96647596359253,-0.137196004390717,0.731711983680725,-907.500061035156,38.7000007629395,-885.300048828125,-1.83937454949416,-0.0209389245217964,0.0323600841797062,ST
258.1,0.253612607717514,-0.320604622364044,9.29813289642334,1.08994603157043,-0.945127964019775,0.335367977619171,-907.500061035156,38.1000022888184,-890.100036621094,-1.84021408604927,0.0188394327646924,0.0325269119946075,ST
258.133333333333,-0.177050322294235,0.0059814294800162,8.58095932006836,1.44817996025085,-0.571649968624115,-0.0381099991500378,-912.300048828125,32.1000022888184,-885.300048828125,-1.84006694648958,-0.0127616017731848,0.0031604941946617,ST
258.166666666667,0.575413525104523,-0.299669623374939,9.91362190246582,0.350611984729767,-0.419209986925125,-0.449698001146317,-914.700012207031,32.7000007629395,-887.700012207031,-1.83932320645883,0.0474332302435332,0.0254102071256205,ST
258.2,0.994711756706238,-0.116637878119946,9.22037410736084,-0.0838419944047928,-2.46952795982361,-0.731711983680725,-924.300048828125,36.3000030517578,-887.700012207031,-1.83700230616459,0.0988186430734771,0.0152690532246181,ST
258.233333333333,0.139965459704399,-0.257799625396729,8.88242340087891,0.495429992675781,-0.701223969459534,-0.297257989645004,-921.900024414062,34.5,-885.300048828125,-1.83710721212884,0.0334911395612783,0.025538450046874,ST
258.266666666667,-0.159106031060219,-0.17525589466095,10.6439542770386,0.160062000155449,1.2576299905777,-1.19665396213531,-914.700012207031,36.9000015258789,-885.300048828125,-1.83419300199724,-0.0069024632794766,0.0180580128302335,ST
258.3,0.104076877236366,-0.274547636508942,10.0811014175415,0.0076219998300075,0.137196004390717,-0.388722002506256,-907.500061035156,42.3000030517578,-892.500061035156,-1.8332898810087,0.0066707719724323,0.0253677519579301,ST
258.333333333333,-0.336754500865936,-0.0460570082068443,10.6511316299438,-0.495429992675781,0.274392008781433,-1.02897000312805,-905.100036621094,42.9000015258789,-892.500061035156,-1.83099416660284,-0.0247108407169731,0.0090415526082872,ST
258.366666666667,-1.30215728282928,-0.0364867225289345,10.1696271896362,-0.175305992364883,1.63110792636871,0.365855991840363,-902.700012207031,29.7000007629395,-878.100036621094,-1.83211257518456,-0.108904198077025,0.004908214233616,ST
258.4,-1.44930040836334,-0.270958751440048,11.0985431671143,-0.129574000835419,2.63721203804016,0.259148001670837,-919.500061035156,32.7000007629395,-880.500061035156,-1.83079799536923,-0.129281615326017,0.0206163269372767,TR
258.433333333333,-0.586180090904236,0.0747678726911545,10.0805034637451,-0.602137982845306,0.914639949798584,-0.663114011287689,-905.100036621094,35.7000007629395,-880.500061035156,-1.83157636711943,-0.0737116293169494,-0.0008660380025868,TR
258.466666666667,-1.2178190946579,-0.200377896428108,9.73896408081055,-0.0762199983000755,0.685979962348938,-1.11281192302704,-907.500061035156,36.9000015258789,-878.100036621094,-1.82739022775029,-0.115105295178903,0.0164999035855285,TR
258.5,-0.839194595813751,-0.190209463238716,8.44637680053711,-0.388722002506256,1.21951997280121,-2.12653803825378,-905.100036621094,38.7000007629395,-894.900024414062,-1.82163376868527,-0.10356362432846,0.0223337663874788,TR
258.533333333333,-0.721360445022583,-0.139367312192917,9.8316764831543,-0.983237981796265,-0.152439996600151,-2.00458598136902,-914.700012207031,36.9000015258789,-868.500061035156,-1.81743971922913,-0.0783713466441229,0.017285048359518,TR
258.566666666667,-0.534141659736633,0.381615221500397,9.46920108795166,-0.46494197845459,-1.50915598869324,-1.52439999580383,-914.700012207031,42.3000030517578,-880.500061035156,-1.8170187058609,-0.0584061364042162,-0.0285656326421165,TR
258.6,-0.253612607717514,0.376830071210861,7.82670068740845,0.152439996600151,-0.907018005847931,-0.922261953353882,-919.500061035156,47.1000022888184,-878.100036621094,-1.81549302626117,-0.0360688132067733,-0.0445618540210686,TR
258.633333333333,-1.20465993881226,0.41750380396843,10.820405960083,0.899396002292633,0.647870004177094,-0.92988395690918,-912.300048828125,38.7000007629395,-866.100036621094,-1.81289528809245,-0.0984320059891555,-0.0408316208298326,TR
258.666666666667,-0.205761179327965,0.174657747149467,10.4686985015869,0.0609759986400604,0.0762199983000755,-1.74543797969818,-917.100036621094,36.9000015258789,-897.300048828125,-1.80758252940212,-0.0357079945962429,-0.0214778205500371,TR
258.7,0.034094151109457,0.32538977265358,9.29155254364014,-0.586893975734711,-0.243903994560242,-2.82776188850403,-921.900024414062,41.1000022888184,-885.300048828125,-1.80048953563175,-0.0022928424543879,-0.0319633062496723,TR
258.733333333333,-0.433055520057678,0.128600731492043,10.4722871780396,-1.13567793369293,1.02897000312805,-2.79727387428284,-921.900024414062,44.1000022888184,-870.900024414062,-1.79322280608907,-0.0363561470290288,-0.0138274930340853,TR
258.766666666667,-0.265575468540192,-0.0041870009154081,10.0679426193237,-0.952749967575073,0.861285984516144,-3.07928800582886,-924.300048828125,45.3000030517578,-885.300048828125,-1.78513866939964,-0.0293173706173383,-0.0004457537365514,TR
258.8,0.664536833763123,0.331969350576401,8.93745231628418,-1.6844619512558,-0.213415995240211,-3.99392795562744,-926.700012207031,41.1000022888184,-882.900024414062,-1.77555140470425,0.0534956380805343,-0.0275063011633862,TR
258.833333333333,0.60352623462677,0.0328978635370731,9.27121639251709,-0.945127964019775,-0.37347799539566,-3.353679895401,-924.300048828125,45.3000030517578,-880.500061035156,-1.7688697740897,0.0631453272050931,-0.0073385988446833,TR
258.866666666667,0.970187902450562,-0.05742172524333,9.53439903259277,-1.49391198158264,-0.472563982009888,-4.09301376342773,-924.300048828125,51.3000030517578,-885.300048828125,-1.7598796016942,0.0948281838328469,0.0051045006300758,TR
258.9,0.727341830730438,-0.0634031519293785,9.16953182220459,-0.87652999162674,-0.0228659994900227,-3.81099987030029,-921.900024414062,48.9000015258789,-873.300048828125,-1.75114649391566,0.0823757073805387,0.0073116622111266,TR
258.933333333333,0.109460160136223,-0.156713455915451,9.42254638671875,-0.46494197845459,1.14329993724823,-4.10063600540161,-929.100036621094,46.5,-878.100036621094,-1.74146787783935,0.0226731252351903,0.0153927331464056,TR
258.966666666667,-0.113049022853374,-0.526963949203491,10.6930017471313,-1.02134799957275,1.08994603157043,-4.44362592697144,-936.300048828125,42.3000030517578,-873.300048828125,-1.73138276113406,-0.0051720466950852,0.0438267508196939,TR
259.0,-0.904392182826996,-0.48150509595871,9.57208156585693,-0.0457319989800453,2.080806016922,-4.42838191986084,-931.500061035156,56.7000007629395,-866.100036621094,-1.72009747539983,-0.0808884115379341,0.0495531950573287,TR
259.033333333333,-1.09579789638519,-0.851157426834106,9.86577033996582,-0.685979962348938,3.12502002716064,-4.99240970611572,-941.100036621094,48.3000030517578,-866.100036621094,-1.70543581534584,-0.108172431031116,0.0803784727896761,TR
259.066666666667,-0.922336459159851,-0.702817976474762,10.6481409072876,-1.97409796714783,1.19665396213531,-5.24393606185913,-933.900024414062,52.5000038146973,-868.500061035156,-1.69449379617738,-0.0917538258422335,0.0722872947321499,TR
259.1,-0.0693845823407173,-0.741099119186401,9.25267314910889,-1.79117000102997,-0.411587983369827,-4.48935794830322,-941.100036621094,55.5000038146973,-866.100036621094,-1.68398628911391,-0.0233850771681594,0.0811799333109759,TR
259.133333333333,0.219518467783928,-0.722556710243225,9.57268047332764,-0.983237981796265,-0.167683988809586,-3.62807202339172,-933.900024414062,57.3000030517578,-866.100036621094,-1.67570464903924,0.0141839234391211,0.077877464761611,TR
259.166666666667,0.235668331384659,-0.311632484197617,10.7408533096313,0.426831990480423,0.769822001457214,-3.41465592384338,-943.500061035156,48.3000030517578,-868.500061035156,-1.66633787773496,0.0197608214127204,0.0364867733280787,TR
259.2,0.833213150501251,0.13398402929306,9.23891639709473,1.36433792114258,0.899396002292633,-3.67380380630493,-941.100036621094,54.3000030517578,-856.500061035156,-1.65596934355331,0.074589281902697,-0.006384883202512,TR
259.233333333333,0.69564026594162,0.340343356132507,7.80038261413574,2.11891603469849,1.43293595314026,-3.7881338596344,-938.700012207031,53.7000007629395,-870.900024414062,-1.64510759183721,0.0838461097984383,-0.0394794693765231,TR
259.266666666667,-1.52347016334534,0.296678900718689,11.9108209609985,2.27897787094116,3.15550804138184,-4.02441596984863,-955.500061035156,47.7000007629395,-868.500061035156,-1.63604457161988,-0.0890357207512926,-0.030910411228539,TR
259.3,-0.97258049249649,0.53234726190567,11.3850536346436,1.93598794937134,1.95885396003723,-4.53508996963501,-955.500061035156,53.1000022888184,-854.100036621094,-1.62612261521184,-0.0889011858176451,-0.0461144062621312,TR
259.333333333333,0.0657957270741463,0.474327385425568,9.83047962188721,0.419209986925125,0.3125019967556,-5.434485912323,-943.500061035156,57.9000015258789,-866.100036621094,-1.61257309644338,-0.0101725201748884,-0.0482064000932458,TR
259.366666666667,0.534739792346954,-0.0149535741657019,10.5638027191162,0.182927995920181,0.594515979290009,-6.24241781234741,-962.700012207031,48.9000015258789,-878.100036621094,-1.59834875883951,0.0380407529876835,-0.0084661292087185,TR
259.4,0.693247675895691,-0.151330173015594,9.30112361907959,0.556405961513519,0.823175966739655,-7.86590385437012,-962.700012207031,59.1000022888184,-858.900024414062,-1.58125027358159,0.0659758498555193,0.0098804550813528,TR
259.433333333333,0.724351167678833,-0.39537250995636,8.63539028167725,-0.0076219998300075,1.22714197635651,-7.69821977615356,-953.100036621094,54.9000015258789,-866.100036621094,-1.56345378406607,0.0793821438139095,0.0392583375416566,TR
259.466666666667,-0.894821882247925,-0.0436644367873669,9.22456073760986,0.914639949798584,2.29422187805176,-6.18906402587891,-979.500061035156,58.5000038146973,-863.700012207031,-1.54802150166141,-0.0683053680449273,0.0098306664198307,TR
259.5,-2.16587567329407,-1.23636150360107,13.6831188201904,1.40244793891907,4.12350177764893,-5.64790201187134,-979.500061035156,56.1000022888184,-863.700012207031,-1.52766649507223,-0.143987695077389,0.0728316893808633,TR
259.533333333333,-0.311632484197617,-0.225499898195267,11.4071846008301,-0.0381099991500378,-0.914639949798584,-6.32626008987427,-991.500061035156,59.7000007629395,-880.500061035156,-1.51730376343692,-0.0491570000593699,0.0311503030195193,TR
259.566666666667,-0.446214646100998,-0.667527556419373,10.7247037887573,1.48628997802734,-0.541162014007568,-5.0152759552002,-979.500061035156,59.1000022888184,-863.700012207031,-1.50461099633925,-0.0419654327099228,0.0541578726773501,TR
259.6,0.199181616306305,0.338548928499222,9.86517238616943,1.60061991214752,0.670735955238342,-4.67990779876709,-979.500061035156,56.7000007629395,-866.100036621094,-1.49367369465926,0.0093956807553202,-0.0226899779522491,TR
259.633333333333,0.546104550361633,0.206957474350929,7.54796600341797,2.34757590293884,0.739333987236023,-3.27745985984802,-998.700012207031,60.3000030517578,-873.300048828125,-1.48610746364258,0.0583878930559547,-0.029930420954602,TR
259.666666666667,-0.0,0.242846041917801,7.84285068511963,1.99696397781372,1.90549993515015,-3.24697184562683,-993.900024414062,53.7000007629395,-863.700012207031,-1.47880080376718,0.008956662069806,-0.0336425875708552,TR
259.7,-2.48528409004211,0.0586180128157139,11.1727123260498,2.95733594894409,2.98782396316528,-2.33233189582825,-984.300048828125,53.1000022888184,-861.300048828125,-1.47121954067543,-0.179619628426295,-0.0146095204720299,TR
259.733333333333,-2.06419134140015,0.384007781744003,9.81732082366943,2.080806016922,2.88111591339111,-3.05642199516296,-991.500061035156,57.9000015258789,-868.500061035156,-1.46769365516749,-0.205702171233391,-0.0362162197518405,TR
259.766666666667,-1.74418485164642,0.267369896173477,10.3335180282593,1.12805593013763,1.43293595314026,-2.85062789916992,-993.900024414062,56.1000022888184,-873.300048828125,-1.45944113754973,-0.177039907207352,-0.0287711980008714,TR
259.8,-1.31053125858307,0.0843381583690643,10.2509746551514,0.259148001670837,-0.152439996600151,-3.00306797027588,-1001.10003662109,51.3000030517578,-868.500061035156,-1.44892721744711,-0.134851200631371,-0.0111627412362216,TR
259.833333333333,-0.810483753681183,0.133385881781578,9.2161865234375,1.00610399246216,-0.571649968624115,-3.10977602005005,-996.300048828125,55.5000038146973,-870.900024414062,-1.44149841157464,-0.0953549287718737,-0.0148435443647243,TR
259.866666666667,-0.965402781963348,0.186620607972145,9.63488674163818,1.52439999580383,0.0152439996600151,-2.72867584228516,-1013.10003662109,55.5000038146973,-878.100036621094,-1.43464900267685,-0.099238183282028,-0.0205018039326035,TR
259.9,-0.601133704185486,0.477916240692139,8.93386363983154,1.48628997802734,0.426831990480423,-2.72105383872986,-996.300048828125,59.7000007629395,-880.500061035156,-1.43024439741754,-0.07360282043925,-0.0493949439884062,TR
259.933333333333,-0.741099119186401,0.35410064458847,9.08997917175293,1.2423859834671,0.510673999786377,-2.05031800270081,-1001.10003662109,55.5000038146973,-875.700012207031,-1.42437718258664,-0.0808736011634859,-0.0422623622720941,TR
259.966666666667,-0.334361910820007,0.159704178571701,9.41536808013916,0.525918006896973,0.426831990480423,-2.080806016922,-1003.50006103516,57.9000015258789,-880.500061035156,-1.41830991805618,-0.0453153470581865,-0.0226152234087339,TR
260.0,-0.301464051008224,-0.0041870009154081,9.35017108917236,0.617381989955902,0.663114011287689,-2.11129403114319,-1003.50006103516,50.7000007629395,-873.300048828125,-1.41222256734879,-0.0354182840399777,-0.004196553652394,TR
260.033333333333,-0.556871116161346,-0.0239257179200649,9.82449817657471,0.434453994035721,0.655492007732391,-1.90549993515015,-1013.10003662109,53.1000022888184,-875.700012207031,-1.4073040774122,-0.0537802338305594,0.0007604282580681,TR
260.066666666667,-0.91276615858078,0.0711790099740028,9.77963733673096,0.297257989645004,0.518296003341675,-1.61586391925812,-1017.90002441406,57.9000015258789,-880.500061035156,-1.4040095604257,-0.0858776650817132,-0.0058967718975656,TR
260.1,-0.357689499855042,0.0311034340411425,10.0099229812622,-0.457319974899292,-0.228659987449646,-1.41006994247437,-1015.50006103516,57.9000015258789,-880.500061035156,-1.4005398384435,-0.0449176378954833,-0.002872638926865,TR
260.133333333333,-0.148937597870827,0.101086162030697,9.55413722991943,-0.160062000155449,-0.663114011287689,-0.945127964019775,-1022.70001220703,54.9000015258789,-873.300048828125,-1.39855964505309,-0.0205812235908549,-0.0087675720231429,TR
260.166666666667,-0.251818180084229,0.106469452381134,9.65641975402832,1.04421401023865,0.830797970294952,-1.00610399246216,-1025.10009765625,56.7000007629395,-880.500061035156,-1.39607049011685,-0.0263727799537331,-0.0121276963572633,TR
260.2,-0.199181616306305,0.29009935259819,9.55593204498291,1.53964400291443,1.18140995502472,-1.39482593536377,-1017.90002441406,50.7000007629395,-880.500061035156,-1.39324113581388,-0.0236401212295686,-0.0287777902882971,TR
260.233333333333,-0.583189368247986,0.547300815582275,8.73886871337891,2.46190595626831,1.22714197635651,-1.31860601902008,-1025.10009765625,53.1000022888184,-875.700012207031,-1.39121784727277,-0.060710133800294,-0.0599487319812465,TR
260.266666666667,-1.09220910072327,0.444420218467712,9.51884746551514,1.45580196380615,1.2576299905777,-2.30946588516235,-1015.50006103516,52.5000038146973,-875.700012207031,-1.38488881352741,-0.10594035322671,-0.0509540040487988,TR
260.3,-1.35180306434631,0.0885251611471176,10.7306852340698,0.548784017562866,0.449698001146317,-2.37044191360474,-1017.90002441406,56.1000022888184,-880.500061035156,-1.37506140735361,-0.122607804657418,-0.016268804045417,TR
260.333333333333,-0.794333875179291,-0.343932211399078,10.1899633407593,-0.800309956073761,-0.967993974685669,-3.24697184562683,-1032.30004882812,54.9000015258789,-882.900024414062,-1.36269766099503,-0.0838124469346025,0.0269991135555319,TR
260.366666666667,-0.415709376335144,-0.671714544296265,9.35017108917236,-0.983237981796265,-0.480185985565186,-3.53660798072815,-1022.70001220703,58.5000038146973,-887.700012207031,-1.35197875893889,-0.0508689798413789,0.0649479419657259,TR
260.4,-0.336156338453293,-0.974973022937775,10.0505962371826,-0.78506600856781,0.0685980021953583,-3.46800994873047,-1029.90002441406,56.7000007629395,-868.500061035156,-1.34291837505493,-0.0365154639727065,0.0916051848606182,TR
260.433333333333,-0.546702682971954,-0.754258275032043,9.4967155456543,0.0990860015153885,0.137196004390717,-3.353679895401,-1032.30004882812,62.1000022888184,-878.100036621094,-1.33562526811361,-0.0529292648918353,0.0818313752212896,TR
260.466666666667,-1.28959619998932,-0.680088579654694,9.78801155090332,0.990859985351562,0.564027965068817,-1.83690190315247,-1025.10009765625,59.1000022888184,-870.900024414062,-1.33182249810292,-0.117406190274413,0.0704619824780345,TR
260.5,-1.41161739826202,-0.640012979507446,9.49372482299805,1.38720393180847,0.602137982845306,-1.53202199935913,-1029.90002441406,52.5000038146973,-875.700012207031,-1.32813308202935,-0.142659999834803,0.0661938352585556,TR
260.533333333333,-1.37094366550446,-0.244640469551086,10.1439065933228,1.36433792114258,0.632625997066498,-1.28811800479889,-1034.70007324219,52.5000038146973,-868.500061035156,-1.32949275382846,-0.136558597143525,0.0294473101509406,TR
260.566666666667,-0.911569893360138,-0.14355431497097,9.57746505737305,1.62348592281342,-0.25152599811554,-0.609759986400604,-1029.90002441406,47.7000007629395,-870.900024414062,-1.32930316013132,-0.102911436344843,0.01572736431738,TR
260.6,-0.717173397541046,-0.0203368607908487,9.38845252990723,1.53202199935913,-0.205793991684914,-0.327746003866196,-1049.10009765625,59.7000007629395,-878.100036621094,-1.32941991817416,-0.081325110197584,0.002800120572136,TR
260.633333333333,-0.403746515512466,0.340343356132507,8.62163257598877,1.2347639799118,0.3125019967556,-0.320124000310898,-1037.10009765625,56.1000022888184,-880.500061035156,-1.33090183380672,-0.0541801458032597,-0.0326443869224378,TR
260.666666666667,-0.709995687007904,0.460570096969604,9.26523494720459,1.57013201713562,0.579271972179413,-0.0990860015153885,-1046.70007324219,57.3000030517578,-873.300048828125,-1.33149914295151,-0.0727248459857079,-0.0484149079874104,TR
260.7,-0.173461467027664,0.107067592442036,9.29095458984375,1.6920839548111,0.129574000835419,-0.701223969459534,-1025.10009765625,52.5000038146973,-878.100036621094,-1.32830469467568,-0.0297778992795806,-0.0212590988096714,TR
260.733333333333,-0.38939106464386,0.290697485208511,9.88132190704346,1.04421401023865,-0.533540010452271,-1.53202199935913,-1037.10009765625,48.3000030517578,-882.900024414062,-1.32460957763943,-0.0370467601613469,-0.0294814076906146,ST
260.766666666667,-0.406139075756073,0.455784946680069,10.0924663543701,1.05183601379395,-1.00610399246216,-1.07470202445984,-1044.30004882812,50.1000022888184,-880.500061035156,-1.32248434222345,-0.0382063062653367,-0.0433842524225704,ST
260.8,-0.0478514358401299,0.336156338453293,10.0021467208862,1.31098401546478,-0.830797970294952,-0.922261953353882,-1046.70007324219,50.7000007629395,-890.100036621094,-1.32006433481727,-0.0104097110140409,-0.03736878991432,ST
260.833333333333,0.911569893360138,0.142358019948006,9.32504844665527,-0.0914639979600906,-1.36433792114258,-1.40244793891907,-1039.5,51.9000015258789,-875.700012207031,-1.31733090694833,0.0775207280576,-0.01972554087092,ST
260.866666666667,0.951047301292419,0.0293090064078569,8.98111629486084,-0.426831990480423,-1.60824191570282,-1.6768399477005,-1046.70007324219,52.5000038146973,-880.500061035156,-1.31455844492071,0.102082295838627,-0.0062164281262977,ST
260.9,0.301464051008224,-0.0143554313108325,9.19943904876709,0.0762199983000755,-0.259148001670837,-1.82165801525116,-1039.5,57.3000030517578,-890.100036621094,-1.31082611212813,0.0470821290685199,-0.0002733254514891,ST
260.933333333333,-0.356493204832077,0.241051614284515,9.96745491027832,0.884151995182037,0.701223969459534,-1.64635193347931,-1044.30004882812,53.1000022888184,-875.700012207031,-1.30680195359186,-0.02005206753883,-0.0205946629622724,ST
260.966666666667,-0.715977132320404,0.466551512479782,10.3951263427734,1.53964400291443,0.342989981174469,-1.06708002090454,-1058.70007324219,50.7000007629395,-882.900024414062,-1.30508241742183,-0.0594260689130502,-0.0420295835099194,ST
261.0,-0.783567309379578,0.709397554397583,10.5231294631958,1.56251001358032,0.144817993044853,-0.846041977405548,-1058.70007324219,56.1000022888184,-887.700012207031,-1.30437974443758,-0.0714607956030101,-0.0643110206660845,ST
261.033333333333,-0.992917358875275,0.964804589748383,10.6062707901001,1.72257196903229,0.739333987236023,-0.449698001146317,-1046.70007324219,52.5000038146973,-887.700012207031,-1.30503215716813,-0.0902363073532148,-0.0884169354290572,ST
261.066666666667,-0.851755619049072,1.03897428512573,10.1020364761353,1.20427596569061,1.08232402801514,-0.510673999786377,-1063.5,47.1000022888184,-882.900024414062,-1.30495321959777,-0.0864650030865211,-0.101653241166999,ST
261.1,0.0263182912021875,0.530552804470062,8.09586524963379,-0.266770005226135,0.899396002292633,-1.77592599391937,-1056.30004882812,51.9000015258789,-890.100036621094,-1.2992099102491,-0.0133287734212163,-0.0710304882980014,ST
261.133333333333,-0.815268874168396,0.565245091915131,9.8197135925293,-0.243903994560242,1.08994603157043,-2.03507399559021,-1053.90002441406,42.9000015258789,-868.500061035156,-1.29395195021393,-0.0720589599857546,-0.0594178043054855,ST
261.166666666667,-0.86192399263382,0.434849947690964,11.099739074707,-0.0533539988100529,0.739333987236023,-2.11891603469849,-1041.90002441406,46.5,-892.500061035156,-1.28762696503232,-0.0776838454266794,-0.0424675709384287,ST
261.2,-0.337352633476257,0.253612607717514,9.48654747009277,-0.0076219998300075,-0.0533539988100529,-2.43903994560242,-1056.30004882812,48.9000015258789,-890.100036621094,-1.28123929276145,-0.0440637903021195,-0.0296954919341017,ST
261.233333333333,-1.1376678943634,0.597544848918915,9.57387638092041,-0.358233988285065,0.746955990791321,-2.76678586006165,-1049.10009765625,48.9000015258789,-882.900024414062,-1.27688751026446,-0.104362525195723,-0.0548863807591641,ST
261.266666666667,-0.91575688123703,0.355296939611435,9.92139720916748,-0.807931959629059,0.83841997385025,-2.18751406669617,-1061.10009765625,45.9000015258789,-887.700012207031,-1.26982230760753,-0.0952998748993952,-0.037298650873965,ST
261.3,0.0885251611471176,0.0903195887804031,9.82689094543457,-0.769822001457214,-0.327746003866196,-2.25611186027527,-1065.90002441406,50.7000007629395,-885.300048828125,-1.26296194875952,-0.0080944149390733,-0.0126651604096187,ST
261.333333333333,-0.161498606204987,-0.216527760028839,9.87115383148193,0.259148001670837,-0.0838419944047928,-3.37654590606689,-1065.90002441406,53.1000022888184,-878.100036621094,-1.25413821142842,-0.0148114969783375,0.0158194331042207,ST
261.366666666667,-1.10895705223083,-0.28112718462944,11.0991411209106,0.769822001457214,1.12043392658234,-3.39178991317749,-1063.5,48.9000015258789,-880.500061035156,-1.24510590567622,-0.0868539813699845,0.022936706956159,ST
261.4,-0.319408357143402,0.0795530155301094,9.68273830413818,-0.137196004390717,-0.388722002506256,-3.47563195228577,-1061.10009765625,59.7000007629395,-899.700012207031,-1.23873057019714,-0.0432584561248242,-0.0014901853462119,ST
261.433333333333,0.708799421787262,0.0699827298521996,8.62402534484863,-1.14329993724823,-2.25611186027527,-3.42227792739868,-1065.90002441406,49.5000038146973,-870.900024414062,-1.23052259811074,0.061373528603025,-0.0053807210609492,ST
261.466666666667,0.833811283111572,-0.445616513490677,8.94642448425293,-0.609759986400604,-1.6920839548111,-2.72867584228516,-1065.90002441406,51.3000030517578,-880.500061035156,-1.22729540874172,0.0897561449698616,0.0404626335590272,ST
261.5,0.391185492277145,-0.626255691051483,9.67197227478027,-0.3125019967556,0.114329993724823,-2.43141794204712,-1085.10009765625,54.3000030517578,-890.100036621094,-1.22254689931244,0.0486586707700639,0.0608522651933729,ST
261.533333333333,0.125610023736954,-0.676499724388123,9.65761661529541,0.396344006061554,1.16616594791412,-2.62196803092957,-1089.90002441406,51.3000030517578,-887.700012207031,-1.21660172706201,0.0187787273321479,0.0674499028800642,ST
261.566666666667,-0.686668157577515,-0.897812604904175,10.1702251434326,0.655492007732391,1.44055795669556,-2.69818782806396,-1085.10009765625,53.1000022888184,-880.500061035156,-1.20987223857461,-0.0515313534725909,0.0830961776858151,ST
261.6,-1.14245307445526,-1.00129127502441,11.1457958221436,-0.0,0.960371971130371,-2.9420919418335,-1085.10009765625,53.7000007629395,-885.300048828125,-1.20189575278754,-0.094331677756417,0.0888668042774492,ST
261.633333333333,-0.468345940113068,-1.01325416564941,10.5440645217896,-0.518296003341675,-0.37347799539566,-2.4923939704895,-1085.10009765625,45.3000030517578,-878.100036621094,-1.19535766364513,-0.0517121393753021,0.0956248950990943,ST
261.666666666667,-0.171068891882896,-1.08383500576019,9.12407302856445,-0.0228659994900227,-0.0304879993200302,-2.41617393493652,-1073.10009765625,47.1000022888184,-880.500061035156,-1.18861404730393,-0.0237393008259009,0.114590507280449,ST
261.7,-0.182433605194092,-0.908579170703888,9.42015361785889,0.815553963184357,1.09756803512573,-1.99696397781372,-1085.10009765625,50.1000022888184,-873.300048828125,-1.18379828854129,-0.0213422688034553,0.098338284079627,ST
261.733333333333,0.0149535741657019,-0.815867006778717,8.69340991973877,1.47866797447205,0.792688012123108,-2.0731840133667,-1092.30004882812,50.7000007629395,-875.700012207031,-1.17889819762518,-0.0037581816938716,0.0925002662914334,ST
261.766666666667,-0.237462759017944,-0.55866551399231,8.95898532867432,1.34909391403198,0.259148001670837,-1.35671591758728,-1087.5,55.5000038146973,-890.100036621094,-1.17603078167541,-0.0220973694048963,0.0665192400969563,ST
261.8,-0.806296706199646,-0.32838049530983,10.3197603225708,1.60061991214752,-0.0762199983000755,-0.602137982845306,-1085.10009765625,50.7000007629395,-894.900024414062,-1.17581731912046,-0.0665354955105056,0.0366398154507398,ST
261.833333333333,-0.504832684993744,-0.549095273017883,10.3700046539307,1.98171997070312,-0.144817993044853,0.0228659994900227,-1092.30004882812,51.3000030517578,-902.100036621094,-1.17500732829846,-0.0519964325594267,0.0468635648476746,ST
261.866666666667,-0.271556913852692,-0.393578082323074,9.60797023773193,2.30946588516235,0.137196004390717,-0.0152439996600151,-1089.90002441406,48.9000015258789,-892.500061035156,-1.17507004560574,-0.033210889157035,0.0389169042988726,ST
261.9,-0.662742435932159,-0.44023323059082,10.4836521148682,2.47714996337891,0.304879993200302,-0.175305992364883,-1097.10009765625,54.9000015258789,-885.300048828125,-1.1744275219762,-0.0574732637769916,0.0379122545001092,ST
261.933333333333,-0.401353925466537,-0.246434897184372,9.79997444152832,1.95885396003723,-0.37347799539566,-0.541162014007568,-1092.30004882812,51.9000015258789,-890.100036621094,-1.17363347614163,-0.0437121154085629,0.025018608025346,ST
261.966666666667,-0.169872596859932,-0.120824880897999,8.632399559021,1.39482593536377,-0.198172003030777,-0.647870004177094,-1092.30004882812,47.7000007629395,-897.300048828125,-1.17240546481303,-0.0242252487361137,0.0142989555346288,ST
262.0,-0.65436840057373,-0.03828115016222,9.50030517578125,1.19665396213531,0.350611984729767,-0.129574000835419,-1077.90002441406,45.3000030517578,-882.900024414062,-1.1724000017487,-0.060277414869225,0.0044448112531813,ST
262.033333333333,-0.513804793357849,-0.267369896173477,9.03195858001709,1.27287399768829,0.571649968624115,0.152439996600151,-1087.5,54.9000015258789,-892.500061035156,-1.1714344340864,-0.0581968133055224,0.0237491724454622,ST
262.066666666667,-0.405540943145752,-0.311034351587296,9.08818435668945,0.937505960464478,0.503051996231079,-0.0457319989800453,-1089.90002441406,51.9000015258789,-882.900024414062,-1.17078395957398,-0.0477198013581159,0.0310049982024469,ST
262.1,-1.1615936756134,-0.171667039394379,9.37230205535889,1.18903195858002,0.381099998950958,0.114329993724823,-1089.90002441406,45.9000015258789,-892.500061035156,-1.17176722673408,-0.110331744436943,0.0188792363324373,ST
262.133333333333,-1.27344644069672,0.009570287540555,10.8485193252563,1.08994603157043,0.327746003866196,0.487807989120483,-1087.5,50.7000007629395,-878.100036621094,-1.17471431306969,-0.116238499854929,0.0007718235921241,ST
262.166666666667,-0.0951047316193581,-0.153722748160362,9.41895771026611,0.92988395690918,-1.87501192092896,0.571649968624115,-1085.10009765625,44.1000022888184,-902.100036621094,-1.17519790815569,-0.0252105211652025,0.0123367532701995,ST
262.2,-0.302062213420868,-0.37025049328804,10.2605447769165,0.594515979290009,-1.02134799957275,0.495429992675781,-1085.10009765625,42.3000030517578,-904.500061035156,-1.17593566686884,-0.0272170997867345,0.0309587658838476,ST
262.233333333333,0.562254369258881,-0.0442625805735588,10.2677221298218,0.388722002506256,-2.01220798492432,0.419209986925125,-1092.30004882812,47.1000022888184,-899.700012207031,-1.17690690829512,0.0438594396079135,0.0082456284174647,ST
262.266666666667,1.22260427474976,-0.0011962859425693,7.68972587585449,0.510673999786377,-2.4923939704895,0.716467976570129,-1092.30004882812,42.3000030517578,-882.900024414062,-1.1780843465748,0.139537425359128,0.0010920474680508,ST
262.3,0.701023578643799,0.0227294322103262,8.02468585968018,0.670735955238342,-0.579271972179413,0.777444005012512,-1099.5,44.1000022888184,-909.300048828125,-1.17973601738254,0.0967737754395453,-0.0030305732688348,ST
262.333333333333,-0.892429292201996,-0.120824880897999,10.5572233200073,1.28049600124359,1.10518991947174,0.937505960464478,-1101.90002441406,48.9000015258789,-899.700012207031,-1.18230629989557,-0.0534308298888859,0.0069771349677108,ST
262.366666666667,-0.508421540260315,0.0089721446856856,10.5937099456787,0.754577994346619,0.457319974899292,0.442075997591019,-1099.5,39.9000015258789,-894.900024414062,-1.18360801030328,-0.049697949075859,-0.0003532734737477,ST
262.4,-0.226696193218231,-0.0203368607908487,9.63369083404541,0.160062000155449,-0.350611984729767,0.434453994035721,-1099.5,41.7000007629395,-897.300048828125,-1.1845854907229,-0.0276974589154785,0.0014210472466898,ST
262.433333333333,-0.877475738525391,-0.0927121639251709,10.8658647537231,0.304879993200302,0.602137982845306,0.129574000835419,-1099.5,41.1000022888184,-892.500061035156,-1.18458588297082,-0.0707553027594482,0.0066605531826894,ST
262.466666666667,-0.436046212911606,-0.254210770130157,9.84244251251221,-0.0457319989800453,0.701223969459534,-0.510673999786377,-1099.5,45.9000015258789,-904.500061035156,-1.18227229944044,-0.0494508152528552,0.022918514163158,ST
262.5,0.112450875341892,-0.284716039896011,9.46022891998291,-0.87652999162674,-0.37347799539566,-0.907018005847931,-1101.90002441406,46.5,-904.500061035156,-1.17996002463926,0.0015030706733504,0.0300831561434359,ST
262.533333333333,0.0149535741657019,-0.329576790332794,8.0713415145874,-0.815553963184357,-0.472563982009888,-0.92988395690918,-1099.5,48.3000030517578,-904.500061035156,-1.17787237037764,0.002487007869962,0.0397829307847444,ST
262.566666666667,-0.764426708221436,-0.897812604904175,9.69111251831055,-0.670735955238342,1.41006994247437,-0.907018005847931,-1099.5,48.9000015258789,-890.100036621094,-1.17431597185854,-0.0639381879012366,0.0827359699341076,ST
262.6,-0.391783654689789,-0.976767480373383,10.3377046585083,-1.07470202445984,0.320124000310898,-1.28811800479889,-1099.5,50.1000022888184,-878.100036621094,-1.17085514602236,-0.0432785543086346,0.0934865224719311,ST
262.633333333333,-0.537132382392883,-0.883457183837891,9.85620021820068,-0.663114011287689,-0.78506600856781,-0.815553963184357,-1097.10009765625,49.5000038146973,-899.700012207031,-1.16933242259056,-0.0508266100552607,0.0911949472607869,ST
262.666666666667,-0.316417634487152,-1.1316864490509,9.00683689117432,-0.556405961513519,0.0381099991500378,-0.282013982534409,-1099.5,48.9000015258789,-885.300048828125,-1.16746627203956,-0.0378885978028131,0.119385124332103,ST
262.7,-0.671116411685944,-1.01325416564941,9.87653636932373,-0.426831990480423,0.228659987449646,-0.160062000155449,-1094.70007324219,55.5000038146973,-902.100036621094,-1.16774301046768,-0.0625092965678364,0.105928467518812,ST
262.733333333333,-0.356493204832077,-0.869699895381927,8.91472244262695,-0.0609759986400604,-0.304879993200302,0.0,-1092.30004882812,50.1000022888184,-892.500061035156,-1.16818657553209,-0.0439363161292893,0.0990805953322407,ST
262.766666666667,-0.328978627920151,-1.0796480178833,8.78612232208252,0.0914639979600906,0.0609759986400604,-0.0457319989800453,-1089.90002441406,48.3000030517578,-885.300048828125,-1.16725779818977,-0.0383675272964556,0.118248276430316,ST
262.8,-0.848166704177856,-1.01564681529999,10.7462368011475,0.114329993724823,-0.342989981174469,0.121951997280121,-1092.30004882812,43.5,-892.500061035156,-1.16865398784982,-0.0698867131499993,0.0989124929172498,ST
262.833333333333,-0.387596637010574,-1.00308573246002,10.2222633361816,-0.152439996600151,-1.28811800479889,0.0533539988100529,-1089.90002441406,44.7000007629395,-894.900024414062,-1.16912535246802,-0.0424202189953984,0.0982364686900742,ST
262.866666666667,1.00248765945435,-0.727940022945404,8.58574390411377,-0.983237981796265,-2.30184388160706,-0.144817993044853,-1099.5,47.7000007629395,-885.300048828125,-1.16898375687177,0.0925410748003453,0.0883490739383863,ST
262.9,1.06110560894012,-0.837400138378143,8.10304260253906,-0.541162014007568,-1.42531394958496,0.708845973014832,-1106.70007324219,50.7000007629395,-909.300048828125,-1.17213097505319,0.123952940655989,0.100907780229142,ST
262.933333333333,0.528160214424133,-1.07067596912384,9.24370193481445,-0.0990860015153885,0.358233988285065,0.884151995182037,-1089.90002441406,45.9000015258789,-892.500061035156,-1.17537989675332,0.067335823162762,0.113150490399832,ST
262.966666666667,-0.25839775800705,-0.861325860023499,9.62890529632568,1.18140995502472,1.08994603157043,0.434453994035721,-1123.5,42.3000030517578,-902.100036621094,-1.17564723746958,-0.0115222435367528,0.0918013336789012,ST
263.0,-0.751267552375793,-1.09340536594391,10.7091522216797,1.28049600124359,1.49391198158264,0.0,-1109.10009765625,41.1000022888184,-897.300048828125,-1.17495519570889,-0.0614174270140415,0.0981427926351982,ST
263.033333333333,-0.495860517024994,-0.48449581861496,10.6301965713501,0.739333987236023,-0.0990860015153885,-0.121951997280121,-1106.70007324219,52.5000038146973,-897.300048828125,-1.17698232561965,-0.0494174498854857,0.0551182460755097,ST
263.066666666667,-0.251818180084229,-0.196190893650055,9.09895133972168,0.708845973014832,-0.518296003341675,0.37347799539566,-1106.70007324219,54.3000030517578,-894.900024414062,-1.1789473532392,-0.031345752312136,0.0273110180977388,ST
263.1,-0.782969176769257,-0.333165645599365,9.88132190704346,0.579271972179413,1.06708002090454,1.14329993724823,-1099.5,42.9000015258789,-892.500061035156,-1.18129158536627,-0.0715292221503822,0.0315748686375056,ST
263.133333333333,-0.419298231601715,-0.568833947181702,9.71085071563721,0.46494197845459,1.05183601379395,0.541162014007568,-1109.10009765625,49.5000038146973,-902.100036621094,-1.1811001038738,-0.0503153184417964,0.0524026914674018,ST
263.166666666667,-0.270958751440048,-0.553880393505096,8.9057502746582,0.342989981174469,0.396344006061554,0.106707997620106,-1094.70007324219,44.1000022888184,-887.700012207031,-1.1809505706916,-0.0349394021005624,0.0596756521526572,ST
263.2,-0.244640469551086,-0.416307508945465,8.71733570098877,0.0457319989800453,-0.114329993724823,-0.266770005226135,-1087.5,41.7000007629395,-899.700012207031,-1.18065625549584,-0.0292391550451533,0.0500761333395689,ST
263.233333333333,-0.812876284122467,-0.238659039139748,9.1689338684082,0.46494197845459,0.411587983369827,0.297257989645004,-1089.90002441406,47.1000022888184,-882.900024414062,-1.18229984090565,-0.0770545131788805,0.0302184533168092,ST
263.266666666667,-0.954038023948669,-0.467747807502747,10.438193321228,0.0228659994900227,0.304879993200302,0.457319974899292,-1097.10009765625,49.5000038146973,-904.500061035156,-1.18236438751558,-0.088683016416429,0.0417585002312887,ST
263.3,-0.56165623664856,-0.312828779220581,9.34897422790527,-0.350611984729767,-0.403965979814529,0.320124000310898,-1092.30004882812,47.1000022888184,-885.300048828125,-1.18370348942429,-0.0648655090570097,0.0354854108252536,ST
263.333333333333,-0.686069965362549,-0.464757084846497,9.35675048828125,-0.167683988809586,0.350611984729767,-0.182927995920181,-1111.5,48.9000015258789,-899.700012207031,-1.18248752364253,-0.0719207975074734,0.0470314640002877,ST
263.366666666667,-0.943869590759277,-0.316417634487152,9.83586311340332,0.152439996600151,0.213415995240211,-0.495429992675781,-1089.90002441406,48.3000030517578,-894.900024414062,-1.1821981625337,-0.0921736139367262,0.0343467129314144,ST
263.4,-0.810483753681183,-0.0813474431633949,9.39503192901611,-0.144817993044853,-0.762199997901917,-0.3125019967556,-1094.70007324219,44.7000007629395,-892.500061035156,-1.18336992775586,-0.086047024333343,0.0134877152351052,ST
263.433333333333,-0.605918824672699,-0.190209463238716,9.80475997924805,-0.457319974899292,-0.922261953353882,0.152439996600151,-1097.10009765625,47.1000022888184,-885.300048828125,-1.18343016318988,-0.0653315471468394,0.0188289282397078,ST
263.466666666667,-0.590367138385773,-0.388792932033539,10.732479095459,-0.3125019967556,-0.762199997901917,0.541162014007568,-1092.30004882812,48.9000015258789,-892.500061035156,-1.18389825633391,-0.0559767897398502,0.0330979670355322,ST
263.5,0.193798318505287,-0.0837400183081627,9.90823841094971,-0.586893975734711,-1.44055795669556,-0.0609759986400604,-1099.5,53.1000022888184,-882.900024414062,-1.18432977764215,0.0081313105594404,0.0136960253588588,ST
263.533333333333,0.860129594802856,0.186620607972145,8.68383979797363,-0.37347799539566,-1.79879200458527,-0.0990860015153885,-1104.30004882812,49.5000038146973,-890.100036621094,-1.18272126896529,0.0850944952359641,-0.0146443851822812,ST
263.566666666667,0.776389598846436,0.230285048484802,9.18209266662598,0.25152599811554,-1.265251994133,0.167683988809586,-1113.90002441406,48.9000015258789,-887.700012207031,-1.18235948863808,0.0862506738379863,-0.0233066805185378,ST
263.6,0.150732025504112,0.40853163599968,8.49063968658447,0.632625997066498,-0.0914639979600906,-0.335367977619171,-1101.90002441406,51.3000030517578,-897.300048828125,-1.18032485095359,0.0286451369851282,-0.0451407892405385,TR
263.633333333333,-0.637620389461517,0.401353925466537,9.70845890045166,0.434453994035721,1.11281192302704,-0.6250039935112,-1094.70007324219,48.3000030517578,-902.100036621094,-1.17896456410142,-0.0481195746051521,-0.042678511398719,TR
263.666666666667,-0.741099119186401,0.581993103027344,9.96685600280762,-0.0304879993200302,0.922261953353882,-0.746955990791321,-1109.10009765625,46.5,-878.100036621094,-1.17808863056656,-0.0701980447611321,-0.0550642102530837,TR
263.7,-0.910373628139496,0.307445496320724,10.7037687301636,-0.335367977619171,0.777444005012512,-0.967993974685669,-1106.70007324219,48.9000015258789,-897.300048828125,-1.17399787982595,-0.0837120238437513,-0.032264360638795,TR
263.733333333333,-0.563450694084167,0.0891233012080193,9.91780853271484,-1.20427596569061,0.556405961513519,-1.73019397258759,-1099.5,51.3000030517578,-894.900024414062,-1.16875583984677,-0.0630012878344092,-0.0118227152026008,TR
263.766666666667,-0.775193274021149,0.382213354110718,10.0165023803711,-1.46342396736145,0.487807989120483,-2.33233189582825,-1106.70007324219,47.7000007629395,-899.700012207031,-1.16481110551099,-0.0752704001084698,-0.0308378927065406,TR
263.8,-0.574217259883881,0.2105463296175,8.82619762420654,-1.28049600124359,0.670735955238342,-2.82013988494873,-1106.70007324219,45.9000015258789,-887.700012207031,-1.15764313070602,-0.0678528081904139,-0.0229780478088573,TR
263.833333333333,-0.56763768196106,0.0209350045770407,9.69589710235596,-2.00458598136902,0.274392008781433,-3.23934984207153,-1097.10009765625,55.5000038146973,-880.500061035156,-1.14852924468547,-0.0604865337978178,-0.0024399713627486,TR
263.866666666667,-0.431261092424393,-0.187816888093948,9.20900917053223,-1.64635193347931,0.495429992675781,-3.33081388473511,-1111.5,51.9000015258789,-882.900024414062,-1.13919039283609,-0.0497394934157706,0.0192153330337515,TR
263.9,-0.869101762771606,-0.403746515512466,10.2126932144165,-1.33385002613068,1.41006994247437,-3.54422998428345,-1113.90002441406,51.9000015258789,-880.500061035156,-1.12969293439123,-0.0800065771901262,0.0379076446031196,TR
263.933333333333,-0.909177303314209,-0.43425178527832,10.7869100570679,-1.34909391403198,0.99848198890686,-3.23172783851624,-1099.5,46.5,-892.500061035156,-1.12210103507533,-0.0844177415343481,0.0420269431868131,TR
263.966666666667,-0.322997212409973,-0.23925718665123,10.14271068573,-1.265251994133,-0.175305992364883,-3.58996200561523,-1109.10009765625,54.3000030517578,-880.500061035156,-1.1143720406866,-0.0407867614291707,0.0289546947853913,TR
264.0,0.12441373616457,-0.0669920146465302,9.1982421875,-0.899396002292633,-0.411587983369827,-3.3613018989563,-1125.90002441406,49.5000038146973,-878.100036621094,-1.10651610007979,0.0045086335725717,0.0124780698541843,TR
264.033333333333,0.260790348052979,-0.0771604403853416,9.27061748504639,-0.533540010452271,0.152439996600151,-3.10215401649475,-1109.10009765625,47.1000022888184,-899.700012207031,-1.09887274057163,0.0237389338240584,0.0097478164379968,TR
264.066666666667,-0.0484495796263218,0.262584775686264,9.38605976104736,-0.205793991684914,0.533540010452271,-3.00306797027588,-1121.10009765625,42.9000015258789,-880.500061035156,-1.09159939263121,-0.0001291575065907,-0.0201154893662188,TR
264.1,0.144750595092773,-0.203368604183197,9.43331241607666,-0.746955990791321,0.518296003341675,-2.68294382095337,-1123.5,47.7000007629395,-868.500061035156,-1.0856054169484,0.0115177691512925,0.0141714095646978,TR
264.133333333333,0.0741697251796722,-0.100488021969795,9.93694877624512,-0.960371971130371,0.0457319989800453,-2.9116039276123,-1130.70007324219,46.5,-878.100036621094,-1.07844495711499,0.0081741980557208,0.0121753415437394,TR
264.166666666667,0.303856641054153,-0.0735715851187706,10.1331396102905,-0.533540010452271,-0.0990860015153885,-2.72867584228516,-1128.30004882812,49.5000038146973,-875.700012207031,-1.07208384230342,0.025761603006348,0.0089160352562088,TR
264.2,0.39537250995636,0.452794224023819,9.93694877624512,0.396344006061554,0.297257989645004,-2.9116039276123,-1125.90002441406,47.7000007629395,-890.100036621094,-1.06314492039762,0.0369877848041089,-0.0376861032657926,TR
264.233333333333,-0.053234726190567,0.334361910820007,9.99197864532471,0.815553963184357,1.59299790859222,-3.04879999160767,-1130.70007324219,46.5,-875.700012207031,-1.05633510961735,0.0008236007479445,-0.0354884687212423,TR
264.266666666667,-0.321800917387009,0.189611315727234,10.0386333465576,-0.0228659994900227,1.93598794937134,-3.85673189163208,-1128.30004882812,44.7000007629395,-882.900024414062,-1.04739505317446,-0.0282609729645491,-0.0220938763341226,TR
264.3,-0.327782362699509,0.241649761795998,8.57916450500488,-0.556405961513519,1.52439999580383,-4.27594184875488,-1128.30004882812,52.5000038146973,-868.500061035156,-1.03780287284953,-0.0384500790310264,-0.0259530680636339,TR
264.333333333333,-0.715977132320404,-0.205163031816483,9.96924877166748,-1.12805593013763,1.85214591026306,-4.17685604095459,-1130.70007324219,51.9000015258789,-887.700012207031,-1.02628275188727,-0.0675691623833528,0.0131107362240861,TR
264.366666666667,-0.295482635498047,-0.547898948192596,10.8431358337402,-1.31098401546478,0.579271972179413,-4.83234786987305,-1140.30004882812,47.1000022888184,-878.100036621094,-1.01292030352211,-0.0349845138926846,0.0460188547549296,TR
264.4,-0.0699827298521996,-0.269164323806763,10.3885469436646,-0.259148001670837,0.304879993200302,-5.10673999786377,-1137.90002441406,49.5000038146973,-885.300048828125,-1.00151654414044,-0.0125961661738536,0.0304486540222813,TR
264.433333333333,0.0305052921175957,-0.068188302218914,10.5297088623047,0.960371971130371,1.51677799224854,-5.10673999786377,-1142.70007324219,48.3000030517578,-870.900024414062,-0.989810334161532,-0.002222072443314,0.0099992502749258,TR
264.466666666667,-0.0167480036616325,0.214135184884071,10.5542325973511,1.2576299905777,1.39482593536377,-4.93143367767334,-1145.10009765625,47.7000007629395,-890.100036621094,-0.97783521913136,-0.0037663301497621,-0.0166669899384557,TR
264.5,-0.119030453264713,0.315221339464188,10.2976293563843,1.04421401023865,1.33385002613068,-4.66466379165649,-1140.30004882812,46.5,-882.900024414062,-0.966270184437922,-0.0123635583947773,-0.029716104284951,TR
264.533333333333,-0.321800917387009,0.382811486721039,10.1965436935425,0.960371971130371,1.88263392448425,-4.80948209762573,-1137.90002441406,44.7000007629395,-892.500061035156,-0.95445941102783,-0.03129697636743,-0.0374312681281393,TR
264.566666666667,-0.690257012844086,0.0173461455851793,10.1552715301514,1.02134799957275,2.40092992782593,-5.35826587677002,-1154.70007324219,41.7000007629395,-880.500061035156,-0.939628426640685,-0.0653588824073989,-0.008751315061955,TR
264.6,-0.801511585712433,0.226098045706749,10.7552089691162,0.564027965068817,1.55488801002502,-5.86131763458252,-1145.10009765625,46.5,-885.300048828125,-0.926809107674007,-0.0748535929000242,-0.0187478741920103,TR
264.633333333333,-0.611900269985199,0.220714762806892,10.5590181350708,1.17378795146942,0.289635986089706,-5.0152759552002,-1161.90002441406,42.3000030517578,-892.500061035156,-0.914247816234154,-0.0612911513441201,-0.0217721880002826,TR
264.666666666667,-0.405540943145752,0.0077758585102856,10.596700668335,1.18140995502472,0.762199997901917,-4.93143367767334,-1149.90002441406,44.1000022888184,-887.700012207031,-0.901961354173133,-0.0440276717720858,-0.0062744707834132,TR
264.7,-0.239855334162712,0.186620607972145,10.3610324859619,0.693601965904236,0.434453994035721,-5.32777786254883,-1157.10009765625,44.7000007629395,-897.300048828125,-0.890005811211583,-0.028051649193036,-0.0163737074229035,TR
264.733333333333,-0.360082060098648,0.116039738059044,10.2754983901978,0.381099998950958,0.327746003866196,-5.11436176300049,-1157.10009765625,44.1000022888184,-899.700012207031,-0.877370619857475,-0.0343522858479882,-0.0125056991032841,TR
264.766666666667,-0.278734624385834,0.0562254376709461,9.69111251831055,0.434453994035721,0.815553963184357,-4.42075967788696,-1159.5,39.3000030517578,-887.700012207031,-0.867011126814014,-0.0310728005778506,-0.0075596755079162,TR
264.8,-0.634629666805267,0.381615221500397,10.9771194458008,1.2576299905777,1.57013201713562,-3.91008591651917,-1154.70007324219,42.9000015258789,-909.300048828125,-0.858437132808744,-0.0553553648861118,-0.0314280043934676,TR
264.833333333333,0.104675017297268,0.817063271999359,10.0912704467773,2.04269599914551,0.342989981174469,-3.41465592384338,-1152.30004882812,36.9000015258789,-906.900024414062,-0.851728300119545,-0.0036790600663577,-0.0736087988770726,TR
264.866666666667,-0.226696193218231,1.17475283145905,9.35555458068848,2.88873791694641,1.30336201190948,-2.66770005226135,-1157.10009765625,38.1000022888184,-904.500061035156,-0.846392214105363,-0.0221373991541467,-0.118536751207261,TR
264.9,-1.18851006031036,1.31890523433685,10.7797327041626,2.53050398826599,2.85824990272522,-3.01068997383118,-1161.90002441406,39.3000030517578,-904.500061035156,-0.840121246500409,-0.0970468225092063,-0.124431768298908,TR
264.933333333333,-1.18851006031036,1.55995690822601,10.696590423584,1.75305998325348,2.21037983894348,-3.30794787406921,-1152.30004882812,33.9000015258789,-904.500061035156,-0.834568287194269,-0.110886581847752,-0.14297381872018,TR
264.966666666667,-1.08024621009827,1.31053125858307,9.96087455749512,0.495429992675781,1.2423859834671,-3.82624387741089,-1152.30004882812,36.9000015258789,-892.500061035156,-0.824283713094147,-0.110284541585876,-0.132988469215711,TR
265.0,-0.691453278064728,0.885849714279175,10.1636457443237,-0.144817993044853,0.899396002292633,-4.58844375610352,-1149.90002441406,30.9000015258789,-902.100036621094,-0.810552287355275,-0.0781897159353774,-0.0954305973710311,TR
265.033333333333,-0.898410737514496,0.616087257862091,9.55234336853027,-0.228659987449646,0.884151995182037,-4.42838191986084,-1157.10009765625,29.7000007629395,-897.300048828125,-0.798446727541792,-0.0921943382481339,-0.0698033035128193,TR
265.066666666667,-0.341539651155472,0.359483927488327,9.23951435089111,-0.510673999786377,0.708845973014832,-5.0000319480896,-1157.10009765625,26.7000007629395,-887.700012207031,-0.785314110607444,-0.0493981232728161,-0.0439563789090282,TR
265.1,-0.30325847864151,0.380418926477432,10.0087261199951,-0.350611984729767,0.640248000621796,-4.66466379165649,-1166.70007324219,31.5000019073486,-890.100036621094,-0.774442846937792,-0.0352713525901074,-0.0384482438490186,TR
265.133333333333,-0.344530344009399,0.0077758585102856,9.59959697723389,0.548784017562866,1.76830399036407,-4.05490398406982,-1161.90002441406,33.9000015258789,-902.100036621094,-0.764070227615112,-0.0383199217503034,-0.0089432076514207,TR
265.166666666667,-1.12271440029144,-0.168078169226646,10.9854936599731,0.213415995240211,2.55336999893188,-4.45886993408203,-1169.10009765625,32.1000022888184,-914.100036621094,-0.751821533036792,-0.0941239820156153,0.0111609386913225,TR
265.2,-1.09938681125641,-0.2105463296175,10.6941986083984,0.0609759986400604,1.6615959405899,-3.86435389518738,-1164.30004882812,29.1000003814697,-916.500061035156,-0.741610598000216,-0.103232922655531,0.0186413264562803,TR
265.233333333333,-0.693845868110657,-0.0921140164136887,9.94651985168457,-0.419209986925125,0.731711983680725,-3.98630595207214,-1152.30004882812,29.7000007629395,-887.700012207031,-0.732565497478964,-0.076603262027245,0.0120112610172454,TR
265.266666666667,-0.643601834774017,0.14056359231472,9.76827239990234,0.777444005012512,0.914639949798584,-2.57623600959778,-1154.70007324219,28.5000019073486,-911.700012207031,-0.727624041545662,-0.0689493883487816,-0.010828992408068,TR
265.3,-0.410924226045609,0.187218755483627,9.92259407043457,1.47866797447205,0.922261953353882,-2.5152599811554,-1149.90002441406,33.3000030517578,-918.900024414062,-0.721808385548787,-0.0476843095571073,-0.0193619988048886,TR
265.333333333333,-0.1214230209589,0.576011657714844,8.25676536560059,1.95123195648193,0.609759986400604,-2.54574799537659,-1157.10009765625,21.9000015258789,-914.100036621094,-0.717347524613365,-0.0223556369111702,-0.0621380325772722,TR
265.366666666667,-0.594554126262665,0.541917502880096,8.74544811248779,2.0579400062561,1.45580196380615,-2.63721203804016,-1147.5,22.5,-909.300048828125,-0.711406990860097,-0.0608638413293205,-0.0646293688083924,TR
265.4,-0.937888205051422,0.0927121639251709,9.81193733215332,1.51677799224854,1.63110792636871,-2.98782396316528,-1152.30004882812,20.7000007629395,-921.300048828125,-0.701242860188148,-0.0907928488002698,-0.0223678007756782,TR
265.433333333333,-1.15022897720337,-0.144152462482452,11.1212720870972,0.0609759986400604,0.152439996600151,-3.84148788452148,-1166.70007324219,27.3000011444092,-916.500061035156,-0.689678165107816,-0.100813489316356,0.0062807062737301,TR
265.466666666667,-0.302660346031189,0.104076877236366,10.8216028213501,-0.266770005226135,-0.777444005012512,-3.95581793785095,-1159.5,21.3000011444092,-911.700012207031,-0.680406804292759,-0.0383048162968772,-0.0064146828317338,TR
265.5,-0.541319370269775,-0.0311034340411425,9.82988166809082,0.632625997066498,0.663114011287689,-2.56099200248718,-1142.70007324219,26.1000003814697,-914.100036621094,-0.674134655426005,-0.0525769297779496,0.0005251961427705,TR
265.533333333333,-0.55567479133606,-0.412120521068573,10.7181234359741,0.792688012123108,1.99696397781372,-2.27135586738586,-1145.10009765625,29.7000007629395,-902.100036621094,-0.667169093590106,-0.0546449894893355,0.029866118594576,TR
265.566666666667,-0.479710668325424,-0.0203368607908487,9.57746505737305,1.50153398513794,1.22714197635651,-2.83538389205933,-1140.30004882812,29.7000007629395,-916.500061035156,-0.661512727092513,-0.0526073220607813,0.0054744263501024,TR
265.6,-1.50732028484344,0.365465342998505,8.98829460144043,2.9268479347229,1.57775402069092,-2.09605002403259,-1152.30004882812,23.7000007629395,-906.900024414062,-0.659842371108777,-0.149317857399683,-0.0366718787784867,TR
265.633333333333,-2.41470313072205,0.619676113128662,10.6254119873047,2.5000159740448,2.69056582450867,-2.00458598136902,-1171.5,20.1000003814697,-928.500061035156,-0.657875167518403,-0.214753308741332,-0.0576758348004676,TR
265.666666666667,-1.99420869350433,0.78177285194397,10.2653293609619,1.6615959405899,1.90549993515015,-2.37044191360474,-1137.90002441406,22.5,-918.900024414062,-0.655000723087083,-0.198269313552774,-0.0746962848049643,TR
265.7,-1.53004968166351,0.412120521068573,9.39204120635986,0.92988395690918,0.807931959629059,-2.69056582450867,-1142.70007324219,23.7000007629395,-899.700012207031,-0.643239697301563,-0.168567662446806,-0.0493501792325188,TR
265.733333333333,-1.23636150360107,0.0592161528766155,10.6343841552734,0.78506600856781,0.198172003030777,-2.56861400604248,-1142.70007324219,14.7000007629395,-914.100036621094,-0.631817378142677,-0.126145434454197,-0.014424065222441,TR
265.766666666667,-0.355895072221756,-0.0837400183081627,9.32325458526611,0.807931959629059,-0.945127964019775,-3.17075204849243,-1140.30004882812,23.7000007629395,-916.500061035156,-0.622737204970836,-0.0545745602741604,0.0034991690906403,TR
265.8,-0.699229121208191,-0.0592161528766155,9.15876483917236,0.739333987236023,-0.3125019967556,-2.74391984939575,-1142.70007324219,17.1000003814697,-930.900024414062,-0.616222766788184,-0.0713869585236279,0.0050919867599004,TR
265.833333333333,-0.540123105049133,-0.190807610750198,10.7994709014893,1.6615959405899,0.0838419944047928,-1.60824191570282,-1140.30004882812,19.5,-933.300048828125,-0.611413627016735,-0.0536538025365641,0.0132829542699201,TR
265.866666666667,0.0005981429712846,0.0592161528766155,9.43211650848389,1.58537602424622,-1.12043392658234,-2.00458598136902,-1133.10009765625,20.7000007629395,-926.100036621094,-0.607250810878494,-0.0091979998589185,-0.004488644233624,TR
265.9,-0.24224790930748,-0.0843381583690643,9.32803916931152,1.09756803512573,-1.10518991947174,-2.21037983894348,-1145.10009765625,14.1000003814697,-916.500061035156,-0.601504165095269,-0.0215372876650719,0.00523579973128,TR
265.933333333333,-0.648985147476196,0.407335370779037,8.43620872497559,1.53964400291443,-0.78506600856781,-2.05031800270081,-1142.70007324219,18.3000011444092,-923.700012207031,-0.59819530769752,-0.0663860974878358,-0.0413139153625051,TR
265.966666666667,-1.2118376493454,0.485093951225281,8.90216159820557,1.65397393703461,0.411587983369827,-0.853663980960846,-1142.70007324219,9.30000019073486,-918.900024414062,-0.596918302755415,-0.124930445082544,-0.0546524354871399,TR
266.0,-1.50971281528473,0.639414846897125,9.97283744812012,1.71494996547699,0.320124000310898,-0.457319974899292,-1147.5,18.3000011444092,-914.100036621094,-0.596706580317249,-0.145382543668078,-0.0644382621657575,TR
266.033333333333,-1.48100197315216,0.815268874168396,10.2802829742432,1.73781597614288,-0.106707997620106,0.182927995920181,-1145.10009765625,18.3000011444092,-918.900024414062,-0.598569670081426,-0.143024103436228,-0.0786334113130031,TR
266.066666666667,-1.08802211284637,0.769810020923615,10.19056224823,1.87501192092896,0.495429992675781,0.0228659994900227,-1145.10009765625,14.1000003814697,-921.300048828125,-0.598127992536662,-0.112979518223266,-0.0786700594667538,TR
266.1,-1.12450873851776,0.97258049249649,10.4567356109619,1.45580196380615,0.182927995920181,0.0381099991500378,-1140.30004882812,14.1000003814697,-918.900024414062,-0.599345412166049,-0.108192611309627,-0.0919452842463656,TR
266.133333333333,-0.242846041917801,0.903794050216675,10.3377046585083,0.106707997620106,-0.990859985351562,-0.236281991004944,-1133.10009765625,9.30000019073486,-902.100036621094,-0.598312477873328,-0.039148029345909,-0.0882770147811462,TR
266.166666666667,0.141161739826202,0.911569893360138,8.46372318267822,-0.556405961513519,-1.72257196903229,0.0762199983000755,-1130.70007324219,9.30000019073486,-914.100036621094,-0.598355752617318,0.0077422243743681,-0.102681326445199,TR
266.2,0.236266478896141,0.544310092926025,7.92958116531372,-0.518296003341675,0.152439996600151,0.236281991004944,-1130.70007324219,10.5,-914.100036621094,-0.599369492145391,0.025105143944521,-0.0746896982473537,TR
266.233333333333,-0.156115308403969,0.0640012994408607,9.58703517913818,-0.381099998950958,1.61586391925812,-0.236281991004944,-1135.5,10.5,-928.500061035156,-0.599360760371548,-0.0112196088892876,-0.0182764323947445,ST
266.266666666667,-0.512608528137207,0.107665732502937,9.33761024475098,0.221037998795509,1.14329993724823,-1.15092194080353,-1135.5,16.5,-906.900024414062,-0.596585696851791,-0.0476640680931677,-0.0131397621845669,ST
266.3,-1.02342259883881,-0.119030453264713,9.25446796417236,0.640248000621796,2.080806016922,-1.97409796714783,-1140.30004882812,11.7000007629395,-906.900024414062,-0.590470094021611,-0.100434890476162,0.0069428429593766,ST
266.333333333333,-1.82134532928467,-0.192003890872002,11.0100173950195,0.457319974899292,2.47714996337891,-2.63721203804016,-1121.10009765625,12.9000005722046,-926.100036621094,-0.583199119406585,-0.154518478423773,0.0151948774742217,ST
266.366666666667,-1.7866530418396,-0.303856641054153,11.4867372512817,-0.0228659994900227,1.41006994247437,-2.66007804870605,-1130.70007324219,6.90000009536743,-926.100036621094,-0.575601984634352,-0.156188900503186,0.0248015078804957,ST
266.4,-1.21243584156036,-0.281725347042084,9.96386528015137,-0.365855991840363,0.525918006896973,-2.5000159740448,-1130.70007324219,12.9000005722046,-914.100036621094,-0.569453966561984,-0.128755274721238,0.0285624336311044,ST
266.433333333333,-1.42836546897888,-0.375633776187897,9.35675048828125,-0.503051996231079,0.868907988071442,-1.97409796714783,-1118.70007324219,12.9000005722046,-923.700012207031,-0.563620403948792,-0.147921600381363,0.038891860111635,ST
266.466666666667,-0.907382905483246,-0.543113827705383,8.83995532989502,-1.03659200668335,0.228659987449646,-1.53202199935913,-1128.30004882812,14.1000003814697,-918.900024414062,-0.557601623423076,-0.110485713061805,0.0591240571731797,ST
266.5,-0.262584775686264,-0.724949300289154,7.90864658355713,-1.12805593013763,-1.00610399246216,-1.20427596569061,-1128.30004882812,13.5000009536743,-921.300048828125,-0.553049194386486,-0.0471344883022621,0.0866025340215586,ST
266.533333333333,-0.37025049328804,-0.910373628139496,8.83816051483154,-0.823175966739655,-1.15854394435883,-0.884151995182037,-1121.10009765625,14.7000007629395,-918.900024414062,-0.550738749742545,-0.0410279321427037,0.100603820097516,ST
266.566666666667,-0.983945190906525,-0.903195858001709,10.2539653778076,0.282013982534409,-0.807931959629059,-0.487807989120483,-1121.10009765625,12.3000001907349,-926.100036621094,-0.550376678281285,-0.0843858466269932,0.0897803953172398,ST
266.6,-1.08742392063141,-1.19508969783783,10.5099697113037,1.16616594791412,-0.0609759986400604,-0.701223969459534,-1111.5,13.5000009536743,-923.700012207031,-0.546974645514587,-0.0986238313479576,0.106957572989496,ST
266.633333333333,-1.47322618961334,-0.688462555408478,10.6666831970215,1.15092194080353,-0.571649968624115,-0.663114011287689,-1123.5,11.1000003814697,-933.300048828125,-0.549290103840309,-0.128381643157846,0.0715551748801011,ST
266.666666666667,-1.39546751976013,-0.641209244728088,10.6062707901001,1.18140995502472,-1.47866797447205,0.663114011287689,-1118.70007324219,12.3000001907349,-921.300048828125,-0.552046451816248,-0.128142536999205,0.0608523872117706,ST
266.7,-0.281725347042084,-1.03837621212006,9.31308650970459,0.472563982009888,-1.59299790859222,2.02745199203491,-1128.30004882812,18.9000015258789,-928.500061035156,-0.553549936908716,-0.0467202655448785,0.100682334824573,ST
266.733333333333,0.212938904762268,-1.41460812091827,8.36203861236572,0.152439996600151,0.0076219998300075,1.6615959405899,-1130.70007324219,13.5000009536743,-918.900024414062,-0.556615496512539,0.011908590659741,0.155390126057597,ST
266.766666666667,-0.787156164646149,-1.23995041847229,9.04451942443848,0.556405961513519,2.18751406669617,-0.236281991004944,-1123.5,14.7000007629395,-916.500061035156,-0.555759230108602,-0.0692187349904922,0.139383778100055,ST
266.8,-1.55158281326294,-1.38709354400635,9.7120475769043,0.724089980125427,2.5152599811554,-0.602137982845306,-1125.90002441406,9.90000057220459,-914.100036621094,-0.553142777138934,-0.144624804786746,0.140552279860543,ST
266.833333333333,-2.14254808425903,-1.41341185569763,9.43391132354736,0.731711983680725,1.95123195648193,-0.792688012123108,-1128.30004882812,14.1000003814697,-923.700012207031,-0.549220694014492,-0.209886138879103,0.146493400861194,ST
266.866666666667,-2.17185711860657,-1.4241783618927,10.3400974273682,0.0533539988100529,1.08994603157043,-0.586893975734711,-1111.5,8.70000076293945,-926.100036621094,-0.549099093040555,-0.207495075984803,0.13895026609304,ST
266.9,-1.52167570590973,-1.16817319393158,10.0194931030273,0.3125019967556,-0.762199997901917,-0.144817993044853,-1087.5,15.3000001907349,-918.900024414062,-0.552291167568492,-0.16027885489053,0.120219321075929,ST
266.933333333333,-0.896018147468567,-0.898410737514496,8.73647594451904,1.37958192825317,-1.30336201190948,-0.0152439996600151,-1113.90002441406,5.10000038146973,-928.500061035156,-0.554344801590457,-0.111666839505874,0.104089317026785,ST
266.966666666667,-0.840988993644714,-0.699229121208191,8.60966968536377,1.53202199935913,-0.594515979290009,0.3125019967556,-1106.70007324219,8.10000038146973,-926.100036621094,-0.557026442932195,-0.0990297898846222,0.0831861601328488,ST
267.0,-0.874485015869141,-0.492869794368744,9.0134162902832,1.43293595314026,-0.525918006896973,0.724089980125427,-1104.30004882812,5.10000038146973,-926.100036621094,-0.561030328880598,-0.0963311009258849,0.057564882502675,DLL
267.033333333333,-0.999496877193451,-0.404344648122787,9.42493915557861,1.2576299905777,-0.807931959629059,0.853663980960846,-1123.5,15.3000001907349,-914.100036621094,-0.56435976954345,-0.102895723301065,0.0433841188036751,DLL
267.066666666667,-0.913364291191101,-0.389989227056503,9.1629524230957,1.27287399768829,-0.899396002292633,1.21189796924591,-1109.10009765625,12.9000005722046,-930.900024414062,-0.567272408865023,-0.0987523887568537,0.040720021322271,DLL
267.1,-0.739304721355438,-0.650779545307159,9.80296516418457,0.891773998737335,-0.861285984516144,1.93598794937134,-1116.30004882812,9.90000057220459,-928.500061035156,-0.569945649169482,-0.0788286449149428,0.05966752334116,DLL
267.133333333333,-0.631639003753662,-0.477318078279495,9.32923603057861,0.830797970294952,-1.35671591758728,2.72105383872986,-1123.5,9.90000057220459,-935.700012207031,-0.577419771671344,-0.0676558133877355,0.0510606169428215,DLL
267.166666666667,-0.340343356132507,-0.792539417743683,9.36452674865723,-0.0304879993200302,-1.54726600646973,3.70429182052612,-1123.5,6.30000019073486,-933.300048828125,-0.584721786643139,-0.040758540204867,0.0774958956433347,DLL
267.2,-0.0651975870132446,-0.788352429866791,8.79210376739502,-0.746955990791321,-1.77592599391937,3.46800994873047,-1125.90002441406,4.5,-928.500061035156,-0.592786920975813,-0.0120602096874897,0.08796276408898,DLL
267.233333333333,0.123815596103668,-0.919345736503601,8.31777572631836,-1.52439999580383,-1.81403601169586,3.91008591651917,-1123.5,11.1000003814697,-918.900024414062,-0.602151652741767,0.0113362080751643,0.107771037156324,DLL
267.266666666667,-0.550291538238525,-1.08802211284637,9.25506591796875,-1.49391198158264,-1.05183601379395,3.90246391296387,-1123.5,5.70000028610229,-914.100036621094,-0.611254213453607,-0.0439531825486385,0.11707628875074,DLL
267.3,-0.771006286144257,-1.27823150157928,10.2713108062744,-1.2500079870224,-0.83841997385025,3.97868394851685,-1128.30004882812,9.90000057220459,-918.900024414062,-0.621192949448033,-0.0687418236167103,0.124125644174366,DLL
267.333333333333,-0.846970438957214,-1.19628596305847,10.0715312957764,-0.6250039935112,-0.975615978240967,3.29270386695862,-1118.70007324219,14.1000003814697,-930.900024414062,-0.630120721469162,-0.0800384785543914,0.11974443159969,DLL
267.366666666667,-1.38709354400635,-1.04675018787384,10.6140470504761,0.0685980021953583,-0.152439996600151,2.59148001670837,-1118.70007324219,6.90000009536743,-909.300048828125,-0.637797108434307,-0.119561991152422,0.102157846677833,DLL
267.4,-1.36914920806885,-0.875083148479462,10.4274263381958,0.198172003030777,-0.0228659994900227,2.43903994560242,-1125.90002441406,17.1000003814697,-926.100036621094,-0.645200821954967,-0.128258672565786,0.0867403194675186,DLL
267.433333333333,-1.1095552444458,-0.700425446033478,10.0601663589478,0.381099998950958,-0.0228659994900227,2.31708788871765,-1128.30004882812,11.1000003814697,-923.700012207031,-0.652151285654612,-0.113564304440782,0.0720665373558036,DLL
267.466666666667,-0.641209244728088,-0.724351167678833,9.2287483215332,0.0914639979600906,-0.0990860015153885,1.89787793159485,-1121.10009765625,18.9000015258789,-916.500061035156,-0.656423400422008,-0.0766731808744933,0.0769113149620506,DLL
267.5,-0.467149674892426,-0.890634894371033,8.54626655578613,-0.594515979290009,-0.25152599811554,1.47866797447205,-1135.5,18.3000011444092,-926.100036621094,-0.658451157995921,-0.0586666596019033,0.0991117452897242,DLL
267.533333333333,-1.0975923538208,-0.694444000720978,9.27480506896973,-0.769822001457214,0.0533539988100529,1.50915598869324,-1147.5,5.70000028610229,-921.300048828125,-0.663559962714988,-0.105863028908735,0.0805563333610965,DLL
267.566666666667,-1.26088535785675,-0.83261501789093,9.66599082946777,-0.350611984729767,-0.137196004390717,3.12502002716064,-1130.70007324219,14.1000003814697,-928.500061035156,-0.670314030369031,-0.124698139066962,0.0848071394788267,DLL
267.6,-1.22858572006226,-1.03239476680756,9.48116397857666,-0.708845973014832,-0.655492007732391,4.13874578475952,-1118.70007324219,14.7000007629395,-918.900024414062,-0.677672172981664,-0.127089681846549,0.103935276679224,DLL
267.633333333333,-1.27344644069672,-0.968393445014954,9.10612869262695,-1.42531394958496,-1.31860601902008,5.64027976989746,-1128.30004882812,17.1000003814697,-926.100036621094,-0.690891237268541,-0.134941041956584,0.106457088011812,DLL
267.666666666667,-1.91585195064545,-1.05931115150452,9.54157638549805,-2.71343183517456,-1.85976791381836,8.98633766174316,-1128.30004882812,18.3000011444092,-918.900024414062,-0.712506963163499,-0.183946743680843,0.111395576852276,DLL
267.7,-1.70710003376007,-2.02351760864258,8.63419342041016,-3.82624387741089,-2.20275783538818,11.615927696228,-1121.10009765625,14.7000007629395,-914.100036621094,-0.722895654317771,-0.188998087869316,0.208318871155228,DLL
267.733333333333,-1.09519982337952,-2.61807179450989,9.58404445648193,-4.36740589141846,-1.41006994247437,11.9360513687134,-1121.10009765625,23.1000003814697,-916.500061035156,-0.743690681728907,-0.127955781597776,0.258632607104897,DLL
267.766666666667,0.924130916595459,-3.66601824760437,8.500807762146,-3.50611996650696,-2.39330792427063,11.0747661590576,-1118.70007324219,21.9000015258789,-914.100036621094,-0.768697385737082,0.0607472160463065,0.3887147105801,DLL
267.8,0.781174719333649,-3.12110996246338,8.89498424530029,-1.76830399036407,-1.79879200458527,6.85979986190796,-1123.5,23.7000007629395,-921.300048828125,-0.782013555198353,0.0772473732063414,0.350988925738393,DLL
267.833333333333,-0.458775669336319,-2.46614336967468,9.81791877746582,1.01372599601746,-0.0076219998300075,4.26069784164429,-1113.90002441406,26.1000003814697,-892.500061035156,-0.789114963934945,-0.0221985109158592,0.26587965855137,DLL
267.866666666667,-0.406139075756073,-2.27653217315674,9.23114013671875,1.15854394435883,0.289635986089706,3.54422998428345,-1130.70007324219,24.9000015258789,-892.500061035156,-0.797413168567694,-0.0401768679619076,0.244869223936849,DLL
267.9,-0.946262180805206,-1.75196075439453,8.63299751281738,0.99848198890686,0.160062000155449,2.70580983161926,-1125.90002441406,27.9000015258789,-916.500061035156,-0.805744978181883,-0.0945673196382415,0.207586764146729,DLL
267.933333333333,-1.19329524040222,-2.09948182106018,9.64505577087402,0.320124000310898,0.419209986925125,2.34757590293884,-1111.5,23.1000003814697,-916.500061035156,-0.810240964942781,-0.116370341053046,0.212181933334165,DLL
267.966666666667,-0.365465342998505,-2.47391939163208,9.75212287902832,-0.891773998737335,-0.609759986400604,1.30336201190948,-1128.30004882812,32.7000007629395,-921.300048828125,-0.811111173598609,-0.0520574599528371,0.242267473810093,DLL
268.0,-1.08383500576019,-2.03488230705261,8.96735954284668,0.0914639979600906,0.0228659994900227,-0.640248000621796,-1133.10009765625,27.9000015258789,-921.300048828125,-0.810754659737122,-0.106851827412665,0.226129474049013,DLL
268.033333333333,-1.56713461875916,-2.09828543663025,9.81612396240234,1.13567793369293,1.40244793891907,-0.342989981174469,-1121.10009765625,30.9000015258789,-916.500061035156,-0.810689289946092,-0.147587877761331,0.212074085759915,DLL
268.066666666667,-1.23935222625732,-2.19757723808289,9.78681564331055,1.31860601902008,0.556405961513519,-0.655492007732391,-1121.10009765625,31.5000019073486,-904.500061035156,-0.8078023447916,-0.128464091419375,0.217418656771418,DLL
268.1,-0.147741317749023,-1.95233869552612,7.47559070587158,0.525918006896973,-1.6692179441452,-0.846041977405548,-1111.5,22.5,-906.900024414062,-0.804197406329719,-0.0386397037338106,0.247144802682937,DLL
268.133333333333,-1.69513714313507,-1.57849931716919,9.13603591918945,1.81403601169586,0.556405961513519,-1.30336201190948,-1116.30004882812,27.9000015258789,-921.300048828125,-0.806602282708439,-0.152510344165991,0.184404751120516,DLL
268.166666666667,-1.42238402366638,-2.02770471572876,9.04751014709473,2.38568592071533,2.21037983894348,-1.35671591758728,-1128.30004882812,23.1000003814697,-921.300048828125,-0.797577751465612,-0.1549672650288,0.210649944170499,DLL
268.2,-2.25260639190674,-1.69513714313507,9.77425384521484,0.411587983369827,0.236281991004944,-1.29574000835419,-1121.10009765625,26.7000007629395,-911.700012207031,-0.800065387046359,-0.211814681371344,0.178128648180723,DLL
268.233333333333,-1.70889449119568,-2.04026556015015,9.09835243225098,-1.33385002613068,-1.04421401023865,0.640248000621796,-1123.5,25.5000019073486,-923.700012207031,-0.79546485141903,-0.185116064262028,0.215202029583808,DLL
268.266666666667,-1.82074725627899,-2.02591013908386,9.03076267242432,-1.31098401546478,-0.716467976570129,1.18140995502472,-1121.10009765625,27.9000015258789,-914.100036621094,-0.797894929330406,-0.191789153031854,0.221051314512494,DLL
268.3,-1.47143173217773,-2.32378554344177,9.71144962310791,-0.434453994035721,-0.342989981174469,1.20427596569061,-1123.5,30.3000011444092,-916.500061035156,-0.799072944736285,-0.154337027285419,0.232745141979363,DLL
268.333333333333,-1.37154185771942,-2.03129363059998,9.58942794799805,0.449698001146317,-1.43293595314026,1.37958192825317,-1123.5,27.3000011444092,-904.500061035156,-0.805668009572638,-0.140576238531375,0.212607912795503,DLL
268.366666666667,-1.55397546291351,-1.88714110851288,9.96805286407471,1.46342396736145,-1.51677799224854,1.47866797447205,-1121.10009765625,32.7000007629395,-914.100036621094,-0.812907464070785,-0.148336795150584,0.188891753645,DLL
268.4,-0.638816714286804,-1.79562520980835,9.00982761383057,1.6692179441452,-2.080806016922,1.41769194602966,-1121.10009765625,29.7000007629395,-930.900024414062,-0.816123279887325,-0.0828536326716885,0.192584581707533,DLL
268.433333333333,-0.201574176549911,-1.72025918960571,8.72511196136475,1.03659200668335,-2.39330792427063,0.731711983680725,-1128.30004882812,27.3000011444092,-914.100036621094,-0.818682525368141,-0.0317125944999125,0.192731172217163,DLL
268.466666666667,0.162096738815308,-1.48279643058777,7.92120742797852,0.685979962348938,-2.42379593849182,0.731711983680725,-1123.5,26.7000007629395,-899.700012207031,-0.82143974040493,0.0127970433136092,0.185646093847688,DLL
268.5,-0.260192185640335,-1.48638522624969,9.24848651885986,0.586893975734711,-1.81403601169586,0.518296003341675,-1130.70007324219,23.1000003814697,-918.900024414062,-0.823572886059975,-0.0184902643644013,0.162903403944001,DLL
268.533333333333,-0.147741317749023,-1.83570075035095,9.2048225402832,-0.0457319989800453,-1.89787793159485,0.92988395690918,-1130.70007324219,26.7000007629395,-909.300048828125,-0.826010174330024,-0.0139286367702083,0.190036863834863,DLL
268.566666666667,-0.760239720344543,-1.74119424819946,10.1098127365112,-0.503051996231079,-1.14329993724823,0.87652999162674,-1145.10009765625,26.7000007629395,-911.700012207031,-0.829068930961887,-0.0605115574359259,0.175127419319499,DLL
268.6,-1.23695969581604,-1.79741966724396,9.97044563293457,-0.152439996600151,-0.983237981796265,1.13567793369293,-1152.30004882812,26.1000003814697,-902.100036621094,-0.831837230346129,-0.108114640215914,0.177749642899805,DLL
268.633333333333,-1.25071692466736,-1.90149652957916,9.88371467590332,-0.442075997591019,-0.708845973014832,1.73019397258759,-1133.10009765625,30.9000015258789,-902.100036621094,-0.834986142055879,-0.119975064117559,0.187894851975165,DLL
268.666666666667,-0.627451956272125,-1.89790761470795,8.69041919708252,-0.952749967575073,-0.388722002506256,1.74543797969818,-1137.90002441406,29.1000003814697,-916.500061035156,-0.837026285280478,-0.0803798608102274,0.21066673105465,DLL
268.7,-0.580796837806702,-1.84945809841156,8.42245101928711,-1.30336201190948,-0.381099998950958,2.01982998847961,-1152.30004882812,27.3000011444092,-894.900024414062,-0.841521714120485,-0.0699800793622873,0.216656990461087,DLL
268.733333333333,-0.894821882247925,-2.00258255004883,8.69580268859863,-0.716467976570129,0.213415995240211,2.66007804870605,-1140.30004882812,29.7000007629395,-914.100036621094,-0.846811408956133,-0.0950066060654679,0.225075170752544,DLL
268.766666666667,-0.905588448047638,-2.2591860294342,9.82090950012207,-0.503051996231079,0.922261953353882,2.30184388160706,-1145.10009765625,33.9000015258789,-897.300048828125,-0.851759822801843,-0.0926122051523445,0.226369016955566,DLL
268.8,-1.09878861904144,-2.15750169754028,9.5924186706543,-0.434453994035721,0.129574000835419,1.2347639799118,-1135.5,26.1000003814697,-897.300048828125,-0.854918818985631,-0.108085522578005,0.222707917290445,DLL
268.833333333333,-0.920542061328888,-2.01873254776001,9.50927734375,-1.08232402801514,-0.746955990791321,1.18903195858002,-1133.10009765625,27.3000011444092,-902.100036621094,-0.859172279303495,-0.0965075677957141,0.213231478466354,DLL
268.866666666667,-1.5180869102478,-1.94217026233673,10.2360210418701,-0.541162014007568,-0.190549999475479,1.53202199935913,-1125.90002441406,30.9000015258789,-909.300048828125,-0.865148191404604,-0.1351385553637,0.193213968827778,DLL
268.9,-0.723154842853546,-2.12041687965393,9.4907341003418,0.0533539988100529,0.205793991684914,2.31708788871765,-1149.90002441406,24.3000011444092,-906.900024414062,-0.868300758476601,-0.0854487303375621,0.214975974685428,DLL
268.933333333333,-0.808689296245575,-1.82074725627899,8.83277702331543,0.396344006061554,0.403965979814529,2.09605002403259,-1128.30004882812,44.7000007629395,-906.900024414062,-0.873617720464776,-0.0897822486150324,0.204848494277257,DLL
268.966666666667,-0.794333875179291,-2.03787302970886,8.91412448883057,0.480185985565186,0.221037998795509,1.77592599391937,-1133.10009765625,32.1000022888184,-902.100036621094,-0.876062277289992,-0.0881153455806798,0.219859830908026,DLL
269.0,-0.957028746604919,-1.72504436969757,9.0493049621582,-0.289635986089706,-0.221037998795509,1.60824191570282,-1137.90002441406,32.1000022888184,-902.100036621094,-0.882189353591942,-0.100566134855387,0.194906925489175,DLL
269.033333333333,-0.70162171125412,-2.1832218170166,9.07263278961182,-0.670735955238342,-0.182927995920181,2.11891603469849,-1125.90002441406,35.1000022888184,-899.700012207031,-0.884240102131343,-0.0803036400477275,0.229019611139699,DLL
269.066666666667,-0.877475738525391,-2.59055709838867,10.2270488739014,-1.34147191047668,-0.525918006896973,1.59299790859222,-1133.10009765625,30.3000011444092,-911.700012207031,-0.887060792970208,-0.0822905527012197,0.246167726886382,DLL
269.1,-0.46236452460289,-2.8561327457428,9.63967227935791,-1.57013201713562,-1.34147191047668,1.05183601379395,-1135.5,35.1000022888184,-909.300048828125,-0.888061644614558,-0.0518839773583563,0.281685590775257,DLL
269.133333333333,-0.348717361688614,-2.98054647445679,8.86268424987793,-1.15092194080353,-0.175305992364883,0.830797970294952,-1130.70007324219,34.5,-911.700012207031,-0.888487386888391,-0.0403437663751926,0.317353787271583,DLL
269.166666666667,-0.308043628931046,-3.00566840171814,9.32684326171875,-1.2576299905777,-0.175305992364883,0.884151995182037,-1123.5,36.9000015258789,-902.100036621094,-0.890823129726597,-0.033269760466889,0.31454831408566,DLL
269.2,-1.21004319190979,-2.43204927444458,8.57318305969238,0.510673999786377,0.586893975734711,0.983237981796265,-1123.5,37.5,-897.300048828125,-0.895115278887113,-0.11908362890251,0.282043008134531,DLL
269.233333333333,-0.951645493507385,-2.54450011253357,8.75083160400391,0.914639949798584,1.05945801734924,0.868907988071442,-1123.5,40.5,-904.500061035156,-0.896182007125765,-0.108831754508762,0.281425034204762,DLL
269.266666666667,-1.41640257835388,-2.32079482078552,9.63129806518555,0.769822001457214,0.121951997280121,0.914639949798584,-1121.10009765625,41.7000007629395,-890.100036621094,-0.902440753851605,-0.135823853938388,0.244325194896066,DLL
269.3,-1.16877138614655,-2.03966760635376,9.63847541809082,1.37958192825317,-0.121951997280121,0.67835795879364,-1130.70007324219,33.9000015258789,-899.700012207031,-0.907540395753906,-0.121705727656786,0.213693309189215,DLL
269.333333333333,-0.900205194950104,-1.89312255382538,9.41776084899902,1.6615959405899,0.449698001146317,0.198172003030777,-1121.10009765625,33.9000015258789,-911.700012207031,-0.90896030200261,-0.0998012173660053,0.199122659264589,DLL
269.366666666667,-0.647788822650909,-2.13895916938782,9.80655384063721,1.14329993724823,0.419209986925125,-0.327746003866196,-1135.5,43.5,-902.100036621094,-0.906770204131591,-0.0712525203464824,0.210378136380618,DLL
269.4,0.522776961326599,-2.1132390499115,8.72989654541016,0.342989981174469,-0.37347799539566,-2.54574799537659,-1130.70007324219,32.1000022888184,-894.900024414062,-0.900800728701895,0.0333348591930384,0.231549549647057,DLL
269.433333333333,-0.0376830063760281,-1.45169293880463,7.59581756591797,0.510673999786377,-0.510673999786377,-4.35216188430786,-1123.5,32.7000007629395,-914.100036621094,-0.890608825893709,0.0047640652341527,0.196646171526759,DLL
269.466666666667,-1.35718643665314,-1.51389980316162,8.36502933502197,1.10518991947174,1.76068198680878,-1.93598794937134,-1128.30004882812,38.1000022888184,-906.900024414062,-0.886249482015004,-0.127206622561372,0.181406352055535,DLL
269.5,-1.251913189888,-1.92542219161987,9.06066989898682,-0.426831990480423,1.38720393180847,-1.20427596569061,-1130.70007324219,36.9000015258789,-911.700012207031,-0.879900714346943,-0.134578017479918,0.204953044923039,DLL
269.533333333333,-1.17475283145905,-2.22090482711792,9.76827239990234,-2.09605002403259,-0.350611984729767,0.0076219998300075,-1133.10009765625,27.3000011444092,-906.900024414062,-0.87843242904182,-0.119434976081517,0.223232067760589,DLL
269.566666666667,-1.20645439624786,-2.71915793418884,10.1881694793701,-2.42379593849182,-0.899396002292633,0.556405961513519,-1118.70007324219,31.5000019073486,-904.500061035156,-0.876971290955094,-0.113856315067204,0.257449143422864,DLL
269.6,-0.293688207864761,-3.31311392784119,9.61455059051514,-1.97409796714783,-1.05183601379395,0.442075997591019,-1113.90002441406,30.9000015258789,-916.500061035156,-0.874065379913127,-0.0448409773044238,0.319573063099184,DLL
269.633333333333,0.14355431497097,-3.6773829460144,8.92010593414307,-0.655492007732391,-0.0990860015153885,-1.32622802257538,-1121.10009765625,38.7000007629395,-897.300048828125,-0.870114297755688,0.0036042286390691,0.377531497710343,DLL
269.666666666667,0.489280939102173,-3.77129149436951,9.28676795959473,0.571649968624115,0.647870004177094,-3.39941191673279,-1128.30004882812,25.5000019073486,-918.900024414062,-0.862433985768975,0.040605970945431,0.383153494590852,DLL
269.7,-0.0771604403853416,-3.38429284095764,8.17661476135254,2.5152599811554,0.617381989955902,-7.48480367660522,-1130.70007324219,38.1000022888184,-899.700012207031,-0.845135566293712,0.0033011267276958,0.387034715299329,DLL
269.733333333333,-1.58089184761047,-2.20415687561035,8.99666881561279,4.61131000518799,1.69970595836639,-9.51225566864014,-1137.90002441406,36.3000030517578,-916.500061035156,-0.83039637442405,-0.132646819034123,0.265165175291764,DLL
269.766666666667,-2.05581736564636,-2.03847122192383,9.65582180023193,5.32777786254883,2.12653803825378,-7.96498966217041,-1125.90002441406,27.3000011444092,-911.700012207031,-0.817879744406703,-0.191131939462187,0.214267728213928,DLL
269.8,-1.62814521789551,-2.35847783088684,10.9005575180054,4.04728174209595,0.815553963184357,-6.68449401855469,-1128.30004882812,32.7000007629395,-923.700012207031,-0.800903708067914,-0.152322429347828,0.209071771573986,DLL
269.833333333333,-0.523973226547241,-1.92243146896362,9.88730335235596,2.69056582450867,-0.655492007732391,-7.37047386169434,-1133.10009765625,26.7000007629395,-911.700012207031,-0.783775437767281,-0.0646749733452672,0.191664655288864,DLL
269.866666666667,-0.359483927488327,-1.76691436767578,9.18807411193848,2.59148001670837,-0.46494197845459,-4.27594184875488,-1135.5,21.9000015258789,-902.100036621094,-0.774238497006074,-0.0419378583547576,0.186989766418285,DLL
269.9,-0.179442897439003,-1.68915569782257,8.45654487609863,2.30946588516235,0.342989981174469,-2.9116039276123,-1140.30004882812,18.9000015258789,-914.100036621094,-0.767157215925778,-0.0247624175438497,0.19200751393331,DLL
269.933333333333,0.145946890115738,-1.58926582336426,7.76927900314331,1.78354799747467,1.2576299905777,-2.0655620098114,-1145.10009765625,20.7000007629395,-918.900024414062,-0.761847750394643,0.0085475084266012,0.197323806982924,DLL
269.966666666667,0.0909177288413048,-1.51330173015594,8.2382230758667,1.04421401023865,1.05183601379395,-1.6692179441452,-1137.90002441406,20.7000007629395,-930.900024414062,-0.757508137391664,0.0093827452039838,0.183341629464576,DLL
270.0,-1.19449150562286,-1.17056584358215,10.1774024963379,1.72257196903229,1.51677799224854,-1.36433792114258,-1133.10009765625,23.7000007629395,-928.500061035156,-0.756080710206637,-0.0925689305760571,0.126245227909809,DLL
270.033333333333,-1.55876052379608,-1.64130425453186,12.0406179428101,2.78965187072754,2.21800184249878,-0.152439996600151,-1133.10009765625,18.9000015258789,-928.500061035156,-0.753890973969247,-0.124449915835626,0.129897222108179,DLL
270.066666666667,-0.943271458148956,-1.51449799537659,10.5984954833984,2.57623600959778,0.853663980960846,-1.2423859834671,-1130.70007324219,18.9000015258789,-911.700012207031,-0.749110367228134,-0.094999266559387,0.136387273720828,DLL
270.1,-0.891831159591675,-1.08383500576019,9.12347507476807,2.87349390983582,1.76068198680878,-2.19513607025146,-1135.5,14.1000003814697,-926.100036621094,-0.744559263454236,-0.0985222719622496,0.117949857338541,DLL
270.133333333333,-0.980954468250275,-1.25909090042114,8.93206882476807,2.80489587783813,1.91312193870544,-2.56861400604248,-1128.30004882812,16.5,-933.300048828125,-0.735331867509342,-0.108961083007087,0.132691336393221,DLL
270.166666666667,-1.31950342655182,-1.03897428512573,8.393141746521,2.10367202758789,1.34147191047668,-3.33081388473511,-1101.90002441406,11.1000003814697,-928.500061035156,-0.727310594980316,-0.148416820785695,0.122414019812552,DLL
270.2,-1.46963727474213,-0.777585864067078,7.92838525772095,1.53202199935913,0.67835795879364,-3.17837381362915,-1116.30004882812,14.1000003814697,-916.500061035156,-0.722217373233393,-0.177219038358446,0.100497892436875,DLL
270.233333333333,-2.75684094429016,-0.626255691051483,9.10852146148682,1.61586391925812,0.0,-1.265251994133,-1118.70007324219,6.90000009536743,-926.100036621094,-0.724547682882448,-0.272315918081998,0.0726474814694503,DLL
270.266666666667,-2.61448287963867,-1.18312680721283,9.40460205078125,1.63110792636871,0.243903994560242,-0.602137982845306,-1116.30004882812,10.5,-914.100036621094,-0.711469431638659,-0.2700926578689,0.112542639064042,DLL
270.3,-1.35898077487946,-1.73102581501007,9.61754035949707,-0.426831990480423,-1.2500079870224,-1.34909391403198,-1111.5,15.3000001907349,-926.100036621094,-0.697326431640139,-0.161244582272365,0.166837928593197,DLL
270.333333333333,-0.858335137367249,-1.65506160259247,9.60318565368652,-1.6692179441452,-3.40703392028809,-2.43903994560242,-1116.30004882812,12.3000001907349,-918.900024414062,-0.692904097415906,-0.0973728986366504,0.172527252412461,DLL
270.366666666667,0.001794428913854,-1.96848857402802,8.46192836761475,-1.60061991214752,-3.91770792007446,-2.02745199203491,-1116.30004882812,19.5,-911.700012207031,-0.687672022784554,-0.0135671277305186,0.219584289900829,DLL
270.4,-0.806894838809967,-1.84108412265778,9.63548469543457,-0.175305992364883,-1.15854394435883,-0.945127964019775,-1130.70007324219,12.9000005722046,-914.100036621094,-0.687079131116219,-0.0664119533256852,0.195321077933157,DLL
270.433333333333,-0.718369722366333,-1.93917953968048,9.70427131652832,0.914639949798584,-0.411587983369827,0.304879993200302,-1128.30004882812,18.3000011444092,-916.500061035156,-0.687791253840403,-0.0707641597962529,0.195533288683944,ST
270.466666666667,-0.333763778209686,-2.27832651138306,9.95190238952637,0.960371971130371,-0.602137982845306,0.792688012123108,-1118.70007324219,17.1000003814697,-914.100036621094,-0.688512131714569,-0.0397737122912478,0.217713263069407,ST
270.5,-0.643601834774017,-2.1090521812439,11.0219802856445,0.541162014007568,-0.83841997385025,0.739333987236023,-1130.70007324219,6.30000019073486,-928.500061035156,-0.691611602312127,-0.0528223635589074,0.194025769138144,ST
270.533333333333,-0.718369722366333,-1.9188426733017,11.3072948455811,0.83841997385025,-0.769822001457214,1.18903195858002,-1128.30004882812,17.1000003814697,-930.900024414062,-0.695965030247322,-0.0600332949470216,0.171417484568308,ST
270.566666666667,0.341539651155472,-1.89910387992859,9.98121166229248,1.04421401023865,-0.815553963184357,1.05945801734924,-1135.5,12.3000001907349,-930.900024414062,-0.698380250919707,0.0155688752019777,0.183211737646064,ST
270.6,1.30574607849121,-1.42118775844574,8.28188800811768,0.952749967575073,-1.48628997802734,0.46494197845459,-1130.70007324219,19.5,-935.700012207031,-0.69944755451451,0.132850793354199,0.17092643406052,ST
270.633333333333,0.946860313415527,-1.12690138816833,7.66520214080811,1.75305998325348,-0.853663980960846,0.46494197845459,-1140.30004882812,10.5,-921.300048828125,-0.698478542072037,0.124839961530354,0.148325095101901,ST
270.666666666667,-0.781174719333649,-0.577806115150452,8.21369934082031,2.65245604515076,0.914639949798584,0.457319974899292,-1130.70007324219,11.1000003814697,-935.700012207031,-0.697092395751337,-0.0513965603848126,0.082365769355813,ST
270.7,-2.43384385108948,-0.66334056854248,9.83406829833984,2.64483404159546,1.77592599391937,1.46342396736145,-1145.10009765625,8.10000038146973,-916.500061035156,-0.701387686283534,-0.205977825100855,0.0664888812658763,ST
270.733333333333,-2.34711313247681,-0.842185318470001,10.2539653778076,1.51677799224854,1.63872992992401,1.92836594581604,-1128.30004882812,8.70000076293945,-933.300048828125,-0.702653625061724,-0.223078627173435,0.0761509208148821,ST
270.766666666667,-2.43862891197205,-0.451597929000854,11.0548782348633,1.15854394435883,0.868907988071442,1.52439999580383,-1121.10009765625,10.5,-921.300048828125,-0.712372228602046,-0.219413029830786,0.0449920528588609,ST
270.8,-2.17185711860657,-0.425877809524536,10.6852264404297,1.59299790859222,0.198172003030777,1.57775402069092,-1133.10009765625,12.3000001907349,-933.300048828125,-0.716562870286367,-0.204572253901137,0.0381910324958362,ST
270.833333333333,-2.00138640403748,-0.0083740018308162,7.79739189147949,1.29574000835419,-0.289635986089706,0.914639949798584,-1116.30004882812,14.1000003814697,-930.900024414062,-0.724975469311066,-0.24146831687899,0.0065251280893247,ST
270.866666666667,-1.74179232120514,-0.265575468540192,8.41946029663086,0.350611984729767,1.05945801734924,1.54726600646973,-1118.70007324219,7.50000047683716,-923.700012207031,-0.723937793657162,-0.213002158339519,0.0255682251103597,ST
270.9,-1.1998747587204,-1.03598368167877,8.85131931304932,-0.617381989955902,0.25152599811554,1.28049600124359,-1113.90002441406,11.7000007629395,-914.100036621094,-0.713781337417748,-0.15040768877508,0.0989378136943288,ST
270.933333333333,-1.34641981124878,-0.643601834774017,8.94223785400391,-1.2347639799118,-0.213415995240211,-0.114329993724823,-1125.90002441406,12.9000005722046,-921.300048828125,-0.71700616361643,-0.149016068342496,0.0787554927270139,ST
270.966666666667,-1.47621691226959,-0.679490387439728,9.34718036651611,-0.419209986925125,-0.3125019967556,0.137196004390717,-1133.10009765625,5.10000038146973,-928.500061035156,-0.71818135990408,-0.154358880655582,0.0743654360899633,ST
271.0,-1.0515353679657,-0.938486337661743,9.2347297668457,-0.167683988809586,0.114329993724823,1.18903195858002,-1118.70007324219,9.90000057220459,-926.100036621094,-0.718093356341214,-0.120105133197635,0.0968074293651659,ST
271.033333333333,-1.17953789234161,-0.797324597835541,9.39862060546875,-0.381099998950958,0.121951997280121,1.46342396736145,-1111.5,16.5,-930.900024414062,-0.722895428196993,-0.124001604952545,0.0870967096527823,ST
271.066666666667,-1.314120054245,-0.805698573589325,10.1504859924316,-0.335367977619171,0.609759986400604,1.87501192092896,-1123.5,17.7000007629395,-935.700012207031,-0.728060465513268,-0.128601817636716,0.0808519920333248,ST
271.1,-0.555076658725739,-0.882260859012604,10.1791973114014,-0.533540010452271,0.0533539988100529,1.37195992469788,-1111.5,11.7000007629395,-926.100036621094,-0.730991056674463,-0.0677878326489858,0.0860661440489132,ST
271.133333333333,-0.117236025631428,-0.52038437128067,9.67974758148193,-0.335367977619171,-0.716467976570129,-0.121951997280121,-1130.70007324219,17.7000007629395,-923.700012207031,-0.732010022227719,-0.0223108722705406,0.0606927624087165,ST
271.166666666667,-0.151928320527077,-0.375633776187897,8.88242340087891,0.25152599811554,0.0228659994900227,-0.190549999475479,-1133.10009765625,13.5000009536743,-933.300048828125,-0.731861918789263,-0.0181588891636355,0.0456319705581323,ST
271.2,-0.668723821640015,-0.156115308403969,8.95898532867432,0.823175966739655,1.30336201190948,0.37347799539566,-1128.30004882812,11.7000007629395,-923.700012207031,-0.733568206944383,-0.0656553735465454,0.0216037558456458,ST
271.233333333333,-1.0515353679657,-0.35110992193222,8.76099967956543,1.12805593013763,1.47866797447205,0.586893975734711,-1118.70007324219,11.7000007629395,-933.300048828125,-0.733440655398079,-0.110613500286214,0.034672432058189,ST
271.266666666667,-1.44391715526581,-0.521580696105957,8.99367809295654,0.114329993724823,0.579271972179413,-0.419209986925125,-1121.10009765625,11.7000007629395,-916.500061035156,-0.729847598726165,-0.151098887313213,0.0536796738951374,ST
271.3,-1.7806715965271,-0.861325860023499,9.305908203125,-0.190549999475479,0.853663980960846,-0.685979962348938,-1104.30004882812,14.1000003814697,-935.700012207031,-0.72292118908658,-0.182362411251134,0.0853810558651412,ST
271.333333333333,-1.82433605194092,-1.73401641845703,10.7121429443359,-0.884151995182037,0.434453994035721,-2.38568592071533,-1101.90002441406,10.5,-921.300048828125,-0.706039252391872,-0.169438748037403,0.149804431884279,ST
271.366666666667,-1.67001521587372,-1.65326714515686,10.018895149231,-0.967993974685669,-0.0609759986400604,-3.28508186340332,-1111.5,11.1000003814697,-916.500061035156,-0.696164400584488,-0.163236171189335,0.163426835211786,ST
271.4,-1.53483486175537,-1.50732028484344,9.02896785736084,-0.274392008781433,0.182927995920181,-2.97257995605469,-1109.10009765625,15.3000001907349,-918.900024414062,-0.689098847363542,-0.165112274698598,0.166084367121232,ST
271.433333333333,-1.7286331653595,-1.7364090681076,9.05708122253418,-0.0152439996600151,0.548784017562866,-2.30184388160706,-1094.70007324219,11.7000007629395,-928.500061035156,-0.680429353536978,-0.181411513070866,0.185313752393501,ST
271.466666666667,-1.93738508224487,-1.69693160057068,8.88062858581543,-0.144817993044853,0.533540010452271,-1.43293595314026,-1116.30004882812,18.3000011444092,-930.900024414062,-0.675986802110088,-0.206787766674932,0.188918780838738,ST
271.5,-2.14135193824768,-1.84826183319092,9.06904411315918,0.0152439996600151,0.983237981796265,-0.365855991840363,-1104.30004882812,9.90000057220459,-928.500061035156,-0.672643556533206,-0.224458589861428,0.198743365354044,ST
271.533333333333,-2.47332119941711,-1.86919677257538,9.72879505157471,0.259148001670837,0.87652999162674,0.198172003030777,-1097.10009765625,15.3000001907349,-930.900024414062,-0.674337576454609,-0.242340421433382,0.191037111682942,ST
271.566666666667,-2.03488230705261,-1.81117689609528,9.33162879943848,0.0838419944047928,-0.0533539988100529,0.0533539988100529,-1109.10009765625,11.1000003814697,-938.100036621094,-0.674347101603858,-0.216097109679995,0.191454719204651,ST
271.6,-1.71906292438507,-1.64250063896179,8.704176902771,0.571649968624115,-0.945127964019775,0.297257989645004,-1097.10009765625,7.50000047683716,-923.700012207031,-0.676134061129381,-0.195389344997716,0.186573992631276,ST
271.633333333333,-1.61558413505554,-1.52885341644287,8.76518726348877,0.792688012123108,-0.449698001146317,0.3125019967556,-1097.10009765625,11.1000003814697,-914.100036621094,-0.678978977058235,-0.182258034060081,0.174272265342101,ST
271.666666666667,-2.13417410850525,-1.38350474834442,9.4375,1.04421401023865,-0.0533539988100529,0.777444005012512,-1094.70007324219,10.5,-933.300048828125,-0.685192069576056,-0.213037198834746,0.149342591839027,ST
271.7,-1.98104953765869,-1.28839993476868,9.13364315032959,0.975615978240967,-0.205793991684914,1.60061991214752,-1099.5,5.70000028610229,-918.900024414062,-0.69053781363832,-0.211854599558494,0.139882542555933,ST
271.733333333333,-1.42298209667206,-1.25968909263611,9.48953819274902,1.22714197635651,-0.807931959629059,2.5152599811554,-1094.70007324219,17.7000007629395,-923.700012207031,-0.697508920426021,-0.159867851706697,0.131215801355592,ST
271.766666666667,-1.39247679710388,-1.5503865480423,9.7359733581543,1.63110792636871,-0.388722002506256,3.18599581718445,-1111.5,12.9000005722046,-926.100036621094,-0.701459330378514,-0.144372648157935,0.149605574366397,ST
271.8,-1.11194777488708,-1.26806306838989,9.38725566864014,1.12043392658234,-0.708845973014832,2.56099200248718,-1106.70007324219,14.1000003814697,-928.500061035156,-0.709031864294509,-0.121915768334286,0.135320226384953,ST
271.833333333333,-1.10118126869202,-0.961813926696777,8.65094184875488,0.617381989955902,-1.21189796924591,2.74391984939575,-1101.90002441406,13.5000009536743,-933.300048828125,-0.717999144688477,-0.12383752833809,0.11433040739452,ST
271.866666666667,-1.01803934574127,-1.10656452178955,8.30940246582031,0.830797970294952,-0.701223969459534,3.30794787406921,-1113.90002441406,11.1000003814697,-935.700012207031,-0.723915513681754,-0.121056572061984,0.127017584642368,ST
271.9,-0.580796837806702,-0.719565987586975,8.90335845947266,1.03659200668335,-1.81403601169586,2.94971394538879,-1113.90002441406,14.7000007629395,-928.500061035156,-0.734646115914245,-0.0741433809620354,0.0881384047827399,ST
271.933333333333,-1.00069320201874,-0.812876284122467,9.71324348449707,1.92074394226074,-2.5152599811554,3.3460578918457,-1099.5,12.9000005722046,-933.300048828125,-0.742986688587944,-0.0935210217454003,0.0813179284465759,ST
271.966666666667,-1.88175773620605,-0.473131090402603,10.9508018493652,2.20275783538818,-2.36281991004944,2.02745199203491,-1118.70007324219,6.30000019073486,-926.100036621094,-0.751477968598607,-0.151458975924155,0.0474682149532251,ST
272.0,-1.77648460865021,-0.0197387188673019,11.7134342193604,1.37958192825317,-3.91770792007446,1.21189796924591,-1130.70007324219,14.7000007629395,-935.700012207031,-0.760054898951865,-0.145119047149944,0.0076187633587213,ST
272.033333333333,-0.0233275759965181,0.670518279075623,9.19764423370361,0.983237981796265,-4.65704202651978,0.442075997591019,-1130.70007324219,9.30000019073486,-923.700012207031,-0.766291372789374,-0.0197639751440157,-0.0607648269783386,ST
272.066666666667,-0.215929612517357,0.522178828716278,9.07741737365723,1.41769194602966,-0.419209986925125,1.82927989959717,-1128.30004882812,5.70000028610229,-921.300048828125,-0.770603380635418,-0.0222752076929981,-0.0601399581173956,ST
272.1,-1.35957896709442,0.680686712265015,9.43989276885986,1.37958192825317,3.13264203071594,1.96647596359253,-1130.70007324219,15.3000001907349,-930.900024414062,-0.776526470209698,-0.125401186142869,-0.0721287806147068,ST
272.133333333333,-2.15869808197021,0.712388277053833,9.72700119018555,1.80641400814056,3.43752193450928,2.44666194915771,-1130.70007324219,11.7000007629395,-933.300048828125,-0.783144290238195,-0.206979474181362,-0.0763032276460099,ST
272.166666666667,-1.51988124847412,0.776389598846436,9.50568771362305,1.22714197635651,1.32622802257538,1.82165801525116,-1111.5,9.30000019073486,-916.500061035156,-0.788547758901783,-0.167951035021815,-0.0829095758839093,ST
272.2,-1.22080981731415,0.899008870124817,8.85670280456543,0.830797970294952,0.228659987449646,0.731711983680725,-1121.10009765625,11.1000003814697,-928.500061035156,-0.792418359389175,-0.142892320879085,-0.0988093158384055,ST
272.233333333333,-0.699229121208191,0.225499898195267,8.85849761962891,-0.830797970294952,-0.922261953353882,-1.18140995502472,-1118.70007324219,9.30000019073486,-926.100036621094,-0.782805875873374,-0.0905276402259119,-0.0388082135272956,ST
272.266666666667,-1.0335910320282,0.110656447708607,9.13125038146973,-2.18751406669617,-1.37958192825317,-2.96495795249939,-1101.90002441406,9.30000019073486,-916.500061035156,-0.773982690748031,-0.106406207756773,-0.0140272449994037,ST
272.3,-1.44511342048645,-0.0741697251796722,9.14321327209473,-2.39330792427063,-0.533540010452271,-3.22410583496094,-1116.30004882812,8.70000076293945,-935.700012207031,-0.764582495247931,-0.145855927749019,0.0075768248945978,ST
272.333333333333,-1.31531643867493,-0.862522184848785,9.73058986663818,-2.74391984939575,0.190549999475479,-2.81251788139343,-1113.90002441406,14.1000003814697,-933.300048828125,-0.749339812626093,-0.136367453058489,0.0765141202672661,ST
272.366666666667,-0.949851036071777,-1.32249414920807,9.8077507019043,-3.05642199516296,-0.320124000310898,-3.3613018989563,-1118.70007324219,14.7000007629395,-935.700012207031,-0.736541578774439,-0.102934795481852,0.127262515946614,ST
272.4,-0.60352623462677,-1.263876080513,9.35615253448486,-2.56099200248718,0.335367977619171,-3.19361782073975,-1123.5,11.7000007629395,-935.700012207031,-0.728854378858453,-0.0715795937512452,0.136793032336372,ST
272.433333333333,-0.357689499855042,-1.19508969783783,9.27958965301514,-2.11891603469849,0.617381989955902,-2.62196803092957,-1113.90002441406,11.1000003814697,-930.900024414062,-0.723192935638906,-0.0452961104489775,0.132983997703181,ST
272.466666666667,-0.736912131309509,-0.776987731456757,9.73298263549805,-0.0228659994900227,0.403965979814529,-1.6615959405899,-1116.30004882812,8.10000038146973,-902.100036621094,-0.721728089664494,-0.0696144488528517,0.0906032008007699,ST
272.5,-0.812278151512146,-0.82962429523468,9.68572902679443,0.617381989955902,-0.167683988809586,-1.40244793891907,-1111.5,8.70000076293945,-928.500061035156,-0.718807331894395,-0.0801908085234533,0.0857743557146676,ST
272.533333333333,-0.900205194950104,-0.724949300289154,9.11330604553223,0.472563982009888,-0.510673999786377,-1.20427596569061,-1109.10009765625,17.7000007629395,-911.700012207031,-0.716543099405124,-0.0936864779839811,0.0801582426432421,ST
272.566666666667,-1.21961355209351,-0.858933329582214,9.57806301116943,0.350611984729767,0.0381099991500378,-0.99848198890686,-1113.90002441406,12.3000001907349,-926.100036621094,-0.713418177974038,-0.119542044203831,0.0872306777548693,ST
272.6,-1.47980570793152,-1.29079258441925,10.0494003295898,0.106707997620106,0.0457319989800453,-1.31860601902008,-1125.90002441406,14.7000007629395,-923.700012207031,-0.705719432984211,-0.140613981229127,0.121029531522992,ST
272.633333333333,-1.47143173217773,-1.69154834747314,9.68333625793457,0.114329993724823,0.830797970294952,-2.00458598136902,-1113.90002441406,8.70000076293945,-921.300048828125,-0.694896688060108,-0.147730864397073,0.162738692683323,ST
272.666666666667,-1.8506543636322,-1.8267285823822,10.0697364807129,-0.0152439996600151,1.31098401546478,-2.56099200248718,-1106.70007324219,14.7000007629395,-928.500061035156,-0.685968770845213,-0.174552796875739,0.177149158549199,ST
272.7,-2.05402302742004,-1.74897003173828,9.73178577423096,0.0914639979600906,0.792688012123108,-2.45428395271301,-1106.70007324219,5.70000028610229,-928.500061035156,-0.679400449500321,-0.200243775921095,0.178303530966499,ST
272.733333333333,-2.25141024589539,-1.93499255180359,9.83047962188721,0.243903994560242,0.388722002506256,-1.34909391403198,-1109.10009765625,10.5,-930.900024414062,-0.673466584428726,-0.217032350408208,0.191185790719383,ST
272.766666666667,-1.55576992034912,-1.68915569782257,9.5864372253418,-0.0,-0.259148001670837,-0.967993974685669,-1109.10009765625,14.7000007629395,-918.900024414062,-0.673893171024479,-0.168309625240889,0.177620508840553,ST
272.8,-1.36197149753571,-1.6903520822525,9.11211013793945,0.564027965068817,-0.617381989955902,0.0990860015153885,-1106.70007324219,11.1000003814697,-933.300048828125,-0.6735587192097,-0.148816352051945,0.18158593471698,ST
272.833333333333,-0.974973022937775,-1.7304276227951,8.58095932006836,0.99848198890686,-0.236281991004944,0.640248000621796,-1113.90002441406,8.10000038146973,-930.900024414062,-0.673188945465245,-0.1171216053484,0.194511568573042,ST
272.866666666667,-0.891831159591675,-1.62515449523926,7.86079502105713,1.63872992992401,0.335367977619171,0.228659987449646,-1109.10009765625,6.30000019073486,-909.300048828125,-0.672517191742318,-0.112407857661893,0.199752518564325,ST
272.9,-1.82613050937653,-1.17834162712097,9.48116397857666,2.09605002403259,0.6250039935112,0.685979962348938,-1109.10009765625,13.5000009536743,-916.500061035156,-0.682234840361685,-0.174493496396804,0.136109162380216,ST
272.933333333333,-1.29438138008118,-1.21303391456604,9.76707649230957,1.76830399036407,-0.952749967575073,1.57775402069092,-1106.70007324219,12.3000001907349,-930.900024414062,-0.687567403995116,-0.138003222525235,0.123081455109631,ST
272.966666666667,-1.09579789638519,-0.937290012836456,9.70965480804443,2.02745199203491,-0.907018005847931,2.27135586738586,-1094.70007324219,3.90000009536743,-926.100036621094,-0.69549201931103,-0.116211626039532,0.0984047478724083,ST
273.0,-1.02461886405945,-0.754856407642365,9.98300647735596,2.26373386383057,0.647870004177094,2.76678586006165,-1092.30004882812,6.90000009536743,-923.700012207031,-0.703520877472662,-0.10607617301056,0.076521843358467,ST
273.033333333333,-1.32369041442871,-0.416307508945465,9.6821403503418,2.0731840133667,0.868907988071442,3.01831197738647,-1104.30004882812,8.70000076293945,-923.700012207031,-0.713293925780229,-0.131211135411781,0.0463511184003487,ST
273.066666666667,-0.747678697109222,-0.64838695526123,7.91402959823608,1.00610399246216,0.518296003341675,2.68294382095337,-1113.90002441406,6.90000009536743,-930.900024414062,-0.716408975614959,-0.101172304431279,0.0739473361889336,ST
273.1,-1.06529259681702,-0.726743698120117,9.01042556762695,0.541162014007568,-0.0533539988100529,1.83690190315247,-1113.90002441406,8.70000076293945,-928.500061035156,-0.720145782094236,-0.114367248193906,0.0781851616263558,ST
273.133333333333,-1.05392789840698,-0.684873700141907,9.62770938873291,1.07470202445984,-0.754577994346619,1.89025592803955,-1104.30004882812,3.30000019073486,-928.500061035156,-0.725151892360719,-0.109034208198183,0.0706629920863192,ST
273.166666666667,-0.86192399263382,-0.530552804470062,8.98530387878418,1.42531394958496,-0.922261953353882,1.93598794937134,-1099.5,7.50000047683716,-926.100036621094,-0.730715694616402,-0.0969113616186147,0.0588959955779022,ST
273.2,-1.18910825252533,-0.18183545768261,9.01999568939209,0.92988395690918,-1.18140995502472,1.89025592803955,-1109.10009765625,8.70000076293945,-935.700012207031,-0.738848214916611,-0.123360025143076,0.0254471841832409,ST
273.233333333333,-1.24234294891357,-0.235668331384659,9.34538555145264,0.213415995240211,-0.708845973014832,2.26373386383057,-1106.70007324219,11.1000003814697,-928.500061035156,-0.74411009022224,-0.129444734036042,0.0245539299595472,ST
273.266666666667,-1.29139065742493,-0.30624920129776,9.5026969909668,0.282013982534409,-0.0685980021953583,2.43141794204712,-1109.10009765625,0.900000035762787,-928.500061035156,-0.749510529578129,-0.134127315817366,0.0301147197067544,ST
273.3,-2.33873891830444,-0.435448080301285,10.6714687347412,1.11281192302704,1.08232402801514,2.33233189582825,-1111.5,5.10000038146973,-918.900024414062,-0.753237719720535,-0.200740149025523,0.0364642179005662,ST
273.333333333333,-2.14135193824768,-0.191405743360519,10.5033903121948,1.60824191570282,0.685979962348938,2.43141794204712,-1104.30004882812,5.70000028610229,-921.300048828125,-0.761437640419252,-0.202054503091675,0.0189700248166206,ST
273.366666666667,-1.65625786781311,0.235668331384659,9.77066516876221,1.2423859834671,-0.670735955238342,2.00458598136902,-1116.30004882812,2.10000014305115,-928.500061035156,-0.772295332257322,-0.173827393832278,-0.0177109157690197,ST
273.4,-0.736313998699188,-0.0807493031024933,8.15268898010254,0.472563982009888,-1.28811800479889,1.17378795146942,-1109.10009765625,8.70000076293945,-935.700012207031,-0.771846922069086,-0.105159128273144,0.0035308944918544,NLR
273.433333333333,-1.07546103000641,0.0245238617062569,8.66529750823975,-0.266770005226135,-1.21951997280121,0.480185985565186,-1113.90002441406,11.1000003814697,-921.300048828125,-0.773550431314682,-0.118087514075615,-0.0012501849439418,NLR
273.466666666667,-1.18970632553101,0.099889874458313,9.8316764831543,-0.647870004177094,-1.12805593013763,0.205793991684914,-1116.30004882812,6.30000019073486,-921.300048828125,-0.775010821992906,-0.118385791831676,-0.0077571660941253,NLR
273.5,-0.977963745594025,-0.170470744371414,9.14141941070557,-0.670735955238342,-0.663114011287689,0.167683988809586,-1116.30004882812,3.90000009536743,-923.700012207031,-0.77305551787518,-0.107726008388322,0.0148718953328786,NLR
273.533333333333,-1.16877138614655,-0.585581958293915,10.0721292495728,-1.34147191047668,0.388722002506256,-0.274392008781433,-1111.5,6.90000009536743,-923.700012207031,-0.768706540717417,-0.114337925298807,0.0512757124910142,NLR
273.566666666667,-0.848166704177856,-1.14484560489655,10.1397199630737,-1.31860601902008,0.83841997385025,-2.67532205581665,-1116.30004882812,14.1000003814697,-930.900024414062,-0.757289525585746,-0.089759381360583,0.103095904393797,NLR
273.6,0.360082060098648,-2.55885553359985,9.80475997924805,-0.693601965904236,1.81403601169586,-4.78661584854126,-1106.70007324219,2.70000004768372,-926.100036621094,-0.74082134475554,0.0089026697359533,0.225597305599532,NLR
273.633333333333,-0.608311414718628,-2.41290879249573,9.06366062164307,7.81254959106445,2.30184388160706,-21.6998329162598,-1089.90002441406,2.10000014305115,-914.100036621094,-0.639112950520497,-0.058543703205484,0.248288670742594,NLR
273.666666666667,-2.39077734947205,-1.62874329090118,8.24240970611572,10.7546415328979,1.75305998325348,-25.190710067749,-1094.70007324219,-1.5,-928.500061035156,-0.58586095537739,-0.227967274348055,0.197553812428386,NLR
273.7,-4.41788387298584,0.192003890872002,8.36861801147461,11.242449760437,0.342989981174469,-26.0443725585938,-1070.70007324219,-2.10000014305115,-923.700012207031,-0.577253329393862,-0.431971835630225,0.0248828665486988,NLR
273.733333333333,-3.25210332870483,1.44391715526581,7.8715615272522,6.12046575546265,-1.34909391403198,-16.7150459289551,-1068.30004882812,-7.50000047683716,-918.900024414062,-0.602239552310631,-0.396872851054167,-0.138821351772391,NLR
273.766666666667,-3.12589526176453,2.16946458816528,9.8017692565918,4.29118585586548,-1.60824191570282,-9.71805000305176,-1065.90002441406,-13.5000009536743,-911.700012207031,-0.599787415306783,-0.320339701098656,-0.204363992902673,NLR
273.8,-0.977963745594025,0.624461233615875,10.5141572952271,1.70732796192169,-1.58537602424622,-3.98630595207214,-1053.90002441406,-14.7000007629395,-904.500061035156,-0.540526751377641,-0.0902518325631201,-0.0616594705799362,NLR
273.833333333333,-1.22738933563232,-0.311034351587296,10.8090419769287,-0.144817993044853,0.213415995240211,0.342989981174469,-1049.10009765625,-8.10000038146973,-911.700012207031,-0.535491422077103,-0.112205397153904,0.0241487935862567,NLR
273.866666666667,-1.77229762077332,0.247631192207336,11.3569402694702,0.807931959629059,-0.564027965068817,0.190549999475479,-1063.5,-8.70000076293945,-899.700012207031,-0.540550827883359,-0.145418449628513,-0.0136479663980399,NLR
273.9,-1.00308573246002,0.01914057508111,9.94891166687012,1.2500079870224,-0.92988395690918,0.769822001457214,-1046.70007324219,-6.30000019073486,-921.300048828125,-0.540974966724199,-0.10823445924552,-0.0061414814305772,NLR
273.933333333333,-1.18492126464844,0.282921612262726,8.70656871795654,2.08842802047729,0.426831990480423,0.426831990480423,-1061.10009765625,-14.1000003814697,-918.900024414062,-0.544253408003348,-0.130343818504535,-0.0301459755827252,NLR
273.966666666667,-1.63053774833679,0.278734624385834,8.71195220947266,1.75305998325348,0.83841997385025,0.647870004177094,-1053.90002441406,-14.7000007629395,-916.500061035156,-0.545831034263618,-0.175712126829184,-0.0342710090794536,NLR
274.0,-1.47083353996277,0.65436840057373,8.3219633102417,1.11281192302704,-0.442075997591019,2.4923939704895,-1063.5,-17.7000007629395,-904.500061035156,-0.557487434487336,-0.173866891538565,-0.0717099131657583,NLR
274.033333333333,-0.869699895381927,0.650181412696838,7.92359972000122,2.97257995605469,-1.28811800479889,4.42075967788696,-1056.30004882812,-18.9000015258789,-909.300048828125,-0.578680857957127,-0.106601752533743,-0.0877535080604233,NLR
274.066666666667,-1.03658175468445,1.26925933361053,8.76997184753418,3.45276594161987,-1.13567793369293,3.7728898525238,-1065.90002441406,-20.1000003814697,-911.700012207031,-0.591565581909482,-0.112265371412639,-0.137787324787586,NLR
274.1,-1.04495573043823,1.44391715526581,8.95778942108154,3.05642199516296,-2.96495795249939,4.07014799118042,-1068.30004882812,-13.5000009536743,-887.700012207031,-0.601467513837221,-0.109229143604004,-0.160178878824228,NLR
274.133333333333,-1.43494498729706,2.32139277458191,9.78561878204346,2.01220798492432,-2.75154185295105,3.69666981697083,-1092.30004882812,-20.1000003814697,-909.300048828125,-0.615351784902261,-0.130411215435547,-0.221496559854408,NLR
274.166666666667,-0.495860517024994,2.22150301933289,12.5526285171509,2.13416004180908,-2.65245604515076,4.07776975631714,-1097.10009765625,-15.9000005722046,-902.100036621094,-0.620379194508664,-0.0493358009887849,-0.186345076377499,NLR
274.2,1.01325416564941,2.44640469551086,9.59959697723389,2.67532205581665,-3.62807202339172,1.37958192825317,-1097.10009765625,-23.7000007629395,-904.500061035156,-0.621002228795244,0.0819591836401169,-0.242681752526897,NLR
274.233333333333,-0.293090045452118,3.1767373085022,9.25387001037598,2.5076379776001,-2.40092992782593,0.0076219998300075,-1104.30004882812,-20.1000003814697,-880.500061035156,-0.616855284052805,-0.0041050009385768,-0.316415294252222,NLR
274.266666666667,-0.631040811538696,3.10735273361206,9.33641338348389,1.45580196380615,-0.846041977405548,0.945127964019775,-1101.90002441406,-21.9000015258789,-892.500061035156,-0.618381319315597,-0.0504249807075608,-0.322368696459777,NLR
274.3,-0.269164323806763,2.25380277633667,7.9816198348999,0.243903994560242,0.525918006896973,0.144817993044853,-1099.5,-17.7000007629395,-892.500061035156,-0.617414246213005,-0.036321549093541,-0.283979225263225,NLR
274.333333333333,-1.03717994689941,2.18681073188782,10.1732158660889,-0.899396002292633,0.945127964019775,-0.602137982845306,-1077.90002441406,-18.9000015258789,-899.700012207031,-0.612787364093326,-0.0903589703657929,-0.222549543405043,NLR
274.366666666667,-1.09400343894958,2.00676965713501,8.80406665802002,-1.31098401546478,0.46494197845459,-0.99848198890686,-1099.5,-22.5,-906.900024414062,-0.610923311504667,-0.116139236264289,-0.221810490242777,NLR
274.4,-1.71427774429321,1.96729218959808,10.0284652709961,-1.84452390670776,1.07470202445984,-0.777444005012512,-1097.10009765625,-21.9000015258789,-897.300048828125,-0.606696678800312,-0.159002118360414,-0.19599149953277,NLR
274.433333333333,-1.22679126262665,1.88056147098541,9.99317455291748,-1.09756803512573,1.13567793369293,-0.975615978240967,-1085.10009765625,-17.1000003814697,-906.900024414062,-0.603862327484297,-0.128875416063119,-0.186061940871836,NLR
274.466666666667,-1.05512416362762,1.8907299041748,9.51166915893555,-0.716467976570129,0.388722002506256,-1.57775402069092,-1077.90002441406,-14.7000007629395,-885.300048828125,-0.601260147367669,-0.112805110579336,-0.193229951282693,NLR
274.5,-1.11912548542023,2.03787302970886,9.473388671875,-0.868907988071442,0.792688012123108,-2.05031800270081,-1085.10009765625,-18.9000015258789,-902.100036621094,-0.598681384092802,-0.116256166892281,-0.206814510208602,NLR
274.533333333333,-1.11254596710205,1.8787670135498,9.26104736328125,-1.51677799224854,0.746955990791321,-2.0655620098114,-1080.30004882812,-18.3000011444092,-904.500061035156,-0.593897976347018,-0.118600777948605,-0.19906982807105,NLR
274.566666666667,-0.510215938091278,1.28899812698364,8.20771789550781,-2.11891603469849,0.617381989955902,-1.92074394226074,-1063.5,-12.9000005722046,-897.300048828125,-0.58649885110706,-0.0735280925929911,-0.160735967536513,NLR
274.6,-0.831418752670288,1.0335910320282,9.07981014251709,-2.03507399559021,0.92988395690918,-2.46952795982361,-1061.10009765625,-12.3000001907349,-897.300048828125,-0.577828438668979,-0.0894556252401644,-0.118602852103216,NLR
274.633333333333,-1.3960657119751,1.28062415122986,10.0924663543701,-1.89025592803955,-0.487807989120483,-1.89787793159485,-1080.30004882812,-20.7000007629395,-899.700012207031,-0.573844246915042,-0.128130937190381,-0.121845100192201,NLR
274.666666666667,-1.40743041038513,1.16877138614655,10.4704923629761,-1.51677799224854,-0.739333987236023,-0.594515979290009,-1070.70007324219,-21.9000015258789,-916.500061035156,-0.571359546352257,-0.130932885299421,-0.111080659174192,NLR
274.7,-0.530552804470062,1.13946235179901,10.099045753479,-0.846041977405548,-0.937505960464478,-0.0838419944047928,-1070.70007324219,-17.7000007629395,-909.300048828125,-0.571080355639075,-0.064037238139899,-0.110888838203953,NLR
274.733333333333,-0.0568235814571381,0.814072608947754,8.46013450622559,-1.05183601379395,-1.34147191047668,0.503051996231079,-1065.90002441406,-16.5,-899.700012207031,-0.571470845555401,-0.0163159483034734,-0.0974891845947615,NLR
274.766666666667,-1.29617583751678,1.04615211486816,9.36871337890625,-0.83841997385025,0.396344006061554,0.297257989645004,-1075.5,-14.1000003814697,-911.700012207031,-0.573000717639906,-0.112838092291595,-0.107276045489289,NLR
274.8,-1.47621691226959,0.808689296245575,9.73058986663818,-0.640248000621796,0.495429992675781,0.701223969459534,-1075.5,-6.30000019073486,-911.700012207031,-0.572367468141791,-0.144433323830582,-0.0862404154250736,NLR
274.833333333333,-1.69812786579132,0.154320880770683,9.51944541931152,-0.609759986400604,0.411587983369827,0.403965979814529,-1077.90002441406,-7.50000047683716,-902.100036621094,-0.564675455901667,-0.17064912493887,-0.0296358505402813,NLR
274.866666666667,-1.85843026638031,0.875681281089783,10.923885345459,-0.640248000621796,-0.160062000155449,1.18903195858002,-1077.90002441406,-12.9000005722046,-916.500061035156,-0.579337063125833,-0.167565829333791,-0.0789136434433761,NLR
274.9,-1.21243584156036,1.31651270389557,10.1833839416504,-1.03659200668335,-2.5076379776001,3.26221585273743,-1075.5,-9.90000057220459,-904.500061035156,-0.592439145783061,-0.123043966466497,-0.118287793612639,NLR
274.933333333333,-0.384605944156647,0.524571359157562,8.24659729003906,-2.85824990272522,-2.9192259311676,7.17230176925659,-1087.5,-17.7000007629395,-911.700012207031,-0.604552285723454,-0.0570754731973091,-0.0712640683605172,NLR
274.966666666667,-0.985739588737488,0.12441373616457,8.35007572174072,-4.52746772766113,-2.14940404891968,8.2927360534668,-1073.10009765625,-15.3000001907349,-914.100036621094,-0.621233138327456,-0.103226161541967,-0.019615832144036,NLR
275.0,-1.22918379306793,0.32538977265358,10.8461265563965,-4.76375007629395,-0.266770005226135,10.983302116394,-1089.90002441406,-5.10000038146973,-906.900024414062,-0.648669775530656,-0.110260460199713,-0.0229703701366289,NLR
275.033333333333,0.945664048194885,-1.80938243865967,8.99188327789307,-4.45886993408203,-1.76068198680878,13.3842315673828,-1089.90002441406,-6.90000009536743,-909.300048828125,-0.677537706842469,0.0644337338271437,0.164995231177812,NLR
275.066666666667,0.490477234125137,-1.59106028079987,9.17730808258057,-3.45276594161987,-0.121951997280121,7.25614404678345,-1116.30004882812,-9.90000057220459,-923.700012207031,-0.695167766364636,0.0531050242225716,0.175996446618238,NLR
275.1,-1.1556122303009,-0.712986409664154,10.6098604202271,-2.16464805603027,0.670735955238342,5.89942789077759,-1104.30004882812,-9.30000019073486,-926.100036621094,-0.709519132571755,-0.0774556266441646,0.0919829388573907,NLR
275.133333333333,-1.0975923538208,-0.933103024959564,9.68572902679443,-0.945127964019775,0.228659987449646,6.22717380523682,-1099.5,0.900000035762787,-933.300048828125,-0.723970566196662,-0.106849839000778,0.0957391689712208,NLR
275.166666666667,-2.14673519134521,-0.352904349565506,9.6043815612793,0.243903994560242,-0.198172003030777,6.15095376968384,-1085.10009765625,-2.10000014305115,-928.500061035156,-0.74692760098491,-0.200982881375729,0.0449070045929266,NLR
275.2,-1.32668113708496,-0.747678697109222,9.74973011016846,-0.419209986925125,-0.388722002506256,8.429931640625,-1089.90002441406,-6.30000019073486,-923.700012207031,-0.763677022269784,-0.146190900998172,0.0699057822299099,NLR
275.233333333333,-0.668125689029694,-0.464757084846497,10.2276468276978,-0.236281991004944,-0.739333987236023,7.66010999679565,-1099.5,3.30000019073486,-918.900024414062,-0.784203430190564,-0.08011692673658,0.0493057057115872,NLR
275.266666666667,-0.13398402929306,-0.35709136724472,8.89019870758057,0.99848198890686,-0.975615978240967,6.08997774124146,-1099.5,3.90000009536743,-911.700012207031,-0.798658001576549,-0.0271903399022372,0.0402417117618854,NLR
275.3,-0.48449581861496,-0.170470744371414,9.48116397857666,1.59299790859222,-0.0076219998300075,4.1997218132019,-1116.30004882812,-1.5,-916.500061035156,-0.810131011362821,-0.0474246599235142,0.0188891737251544,NLR
275.333333333333,0.0119628589600325,-0.0634031519293785,9.12168025970459,0.815553963184357,-1.2576299905777,3.01068997383118,-1113.90002441406,0.300000011920929,-926.100036621094,-0.81776431598742,-0.005639858842872,0.0078408340532778,NLR
275.366666666667,0.0550291538238525,0.339147061109543,8.55344486236572,0.327746003866196,-2.54574799537659,2.37044191360474,-1121.10009765625,2.70000004768372,-904.500061035156,-0.823121686815144,0.0076060951399142,-0.0304999002474593,NLR
275.4,-0.300865918397903,0.0819455906748772,9.45185565948486,0.274392008781433,-1.44817996025085,2.33233189582825,-1125.90002441406,7.50000047683716,-918.900024414062,-0.828916322344264,-0.0234162501687389,-0.012570203287272,NLR
275.433333333333,-0.381615221500397,0.0167480036616325,10.6864223480225,0.449698001146317,-1.29574000835419,2.30184388160706,-1123.5,9.90000057220459,-926.100036621094,-0.833941107742913,-0.031392487103558,-0.0045062153048621,NLR
275.466666666667,0.604722559452057,-0.114245310425758,9.94831371307373,-0.198172003030777,-2.68294382095337,1.93598794937134,-1109.10009765625,3.90000009536743,-928.500061035156,-0.838794570179404,0.0480700790996005,0.0089784680745105,NLR
275.5,0.102880589663982,0.11484345048666,9.06844520568848,-0.297257989645004,-1.265251994133,1.19665396213531,-1125.90002441406,10.5,-909.300048828125,-0.841262779788987,0.0190007656126134,-0.0087726160944961,NLR
275.533333333333,-0.911569893360138,0.110058307647705,10.7665739059448,0.259148001670837,0.701223969459534,1.15092194080353,-1111.5,3.30000019073486,-923.700012207031,-0.843951958693344,-0.0645339020064823,-0.0103551236115346,NLR
275.566666666667,-0.61847984790802,0.135778456926346,10.1797952651978,0.884151995182037,0.205793991684914,0.891773998737335,-1121.10009765625,2.70000004768372,-916.500061035156,-0.846297202553993,-0.0616049007422684,-0.0142021643055788,NLR
275.6,-0.643003702163696,0.135778456926346,9.2161865234375,0.266770005226135,0.92988395690918,0.503051996231079,-1130.70007324219,5.70000028610229,-916.500061035156,-0.847606335539832,-0.0696383980050144,-0.0150809151571068,NLR
275.633333333333,-1.17116391658783,0.310436189174652,10.342490196228,0.266770005226135,1.65397393703461,0.67835795879364,-1125.90002441406,6.30000019073486,-930.900024414062,-0.850411154402643,-0.107361251847406,-0.0278134972269489,NLR
275.666666666667,-0.952841758728027,0.439036935567856,9.85261058807373,0.594515979290009,1.58537602424622,0.396344006061554,-1125.90002441406,0.900000035762787,-916.500061035156,-0.852782533506077,-0.100729987574675,-0.0420591421386329,NLR
275.7,-0.426475942134857,0.0478514358401299,8.54148197174072,-0.228659987449646,0.708845973014832,-0.792688012123108,-1121.10009765625,-0.300000011920929,-921.300048828125,-0.848661286273695,-0.06115220841859,-0.012527245962145,NLR
275.733333333333,-1.71427774429321,0.356493204832077,10.1498880386353,-0.335367977619171,0.259148001670837,-1.15854394435883,-1121.10009765625,3.30000019073486,-926.100036621094,-0.847891769728778,-0.146200958444129,-0.0298248213010758,ST
275.766666666667,-1.57311606407166,0.28112718462944,10.294638633728,-0.777444005012512,0.228659987449646,-1.04421401023865,-1111.5,1.5,-918.900024414062,-0.845302219185877,-0.150855220254508,-0.0265084821634859,ST
275.8,-0.837400138378143,-0.279930919408798,9.25028133392334,-1.13567793369293,0.129574000835419,-1.49391198158264,-1116.30004882812,6.90000009536743,-904.500061035156,-0.836245002238456,-0.10264893577491,0.0207106675806196,ST
275.833333333333,-0.753062009811401,-0.664536833763123,9.51824951171875,-1.69970595836639,-0.144817993044853,-1.83690190315247,-1113.90002441406,2.70000004768372,-928.500061035156,-0.828535982680711,-0.083259574271337,0.0624446411178621,ST
275.866666666667,-0.453392386436462,-0.717771589756012,9.84961986541748,-1.79117000102997,-1.02134799957275,-1.57775402069092,-1118.70007324219,3.30000019073486,-923.700012207031,-0.824622076158296,-0.0518339002507288,0.0732970427516413,ST
275.9,-0.504832684993744,-0.677695989608765,7.79081201553345,-1.47104597091675,-1.18903195858002,-0.823175966739655,-1116.30004882812,7.50000047683716,-923.700012207031,-0.822421758943739,-0.0601740864832076,0.0861603915575348,ST
275.933333333333,-1.0216281414032,-1.13826608657837,9.0014533996582,-1.60061991214752,0.487807989120483,0.0609759986400604,-1104.30004882812,2.10000014305115,-904.500061035156,-0.819997689165653,-0.102335146302249,0.119995385020943,ST
275.966666666667,-0.840988993644714,-0.966000914573669,9.7539176940918,-1.21951997280121,-0.365855991840363,0.442075997591019,-1116.30004882812,-0.900000035762787,-923.700012207031,-0.82301082870551,-0.0879442286731771,0.103988178013061,ST
276.0,-0.429466664791107,-1.19030451774597,9.29873085021973,-1.37195992469788,-1.76068198680878,1.21951997280121,-1113.90002441406,5.70000028610229,-921.300048828125,-0.825318639531963,-0.0505315622388367,0.125276044102791,ST
276.033333333333,-0.347521066665649,-1.47322618961334,9.70307540893555,-1.13567793369293,-1.47866797447205,2.21037983894348,-1109.10009765625,5.10000038146973,-923.700012207031,-0.829985023677054,-0.0368413481054568,0.147005332292601,ST
276.066666666667,-0.197387173771858,-1.86740231513977,10.5829439163208,-0.716467976570129,-0.975615978240967,1.76830399036407,-1113.90002441406,9.90000057220459,-926.100036621094,-0.833741001971802,-0.0211521401630877,0.170012017524243,ST
276.1,0.321800917387009,-1.67898726463318,10.5416717529297,-0.632625997066498,-1.50915598869324,1.14329993724823,-1113.90002441406,12.3000001907349,-916.500061035156,-0.837002492583919,0.0222465647255761,0.16115294885131,ST
276.133333333333,0.421092659235001,-1.11015331745148,8.17900657653809,0.640248000621796,-1.19665396213531,0.899396002292633,-1123.5,9.30000019073486,-928.500061035156,-0.838885225124929,0.047359730280673,0.138741362994862,ST
276.166666666667,-0.466551512479782,-1.09340536594391,8.77475738525391,1.18903195858002,1.32622802257538,1.19665396213531,-1113.90002441406,10.5,-928.500061035156,-0.841299233905693,-0.0369192859589063,0.124889200132234,ST
276.2,-1.17056584358215,-1.44272089004517,10.4633150100708,0.518296003341675,1.49391198158264,1.40244793891907,-1125.90002441406,2.10000014305115,-921.300048828125,-0.843578620243301,-0.100442363323926,0.134076627684282,ST
276.233333333333,-0.486290246248245,-1.53244233131409,9.28736591339111,-0.0838419944047928,0.46494197845459,0.25152599811554,-1116.30004882812,4.5,-928.500061035156,-0.842090280901969,-0.0621561294459212,0.157710059101274,ST
276.266666666667,-1.1597992181778,-1.21303391456604,8.87345123291016,-0.381099998950958,0.960371971130371,-0.129574000835419,-1113.90002441406,3.90000009536743,-906.900024414062,-0.843049437791579,-0.116642822557491,0.140867170563087,ST
276.3,-1.23277270793915,-1.37333631515503,10.1445045471191,-0.182927995920181,0.907018005847931,0.510673999786377,-1109.10009765625,-0.300000011920929,-928.500061035156,-0.844616043799412,-0.120662600407482,0.135882099609294,ST
276.333333333333,-0.902597725391388,-1.42058956623077,9.89507961273193,0.0533539988100529,-0.190549999475479,1.10518991947174,-1104.30004882812,7.50000047683716,-904.500061035156,-0.846615348802543,-0.096168164913194,0.141007600333607,ST
276.366666666667,-1.01803934574127,-1.1777435541153,10.186972618103,0.670735955238342,-0.6250039935112,2.13416004180908,-1118.70007324219,9.90000057220459,-930.900024414062,-0.853626400740327,-0.0979010076667845,0.119091551264809,ST
276.4,-1.18551933765411,-0.919345736503601,9.47697734832764,1.82165801525116,-0.327746003866196,2.77440786361694,-1118.70007324219,3.90000009536743,-930.900024414062,-0.862672725033035,-0.119718334978298,0.0970944736115685,ST
276.433333333333,-1.28361487388611,-0.830820560455322,9.34000205993652,1.90549993515015,0.564027965068817,2.70580983161926,-1113.90002441406,8.10000038146973,-928.500061035156,-0.869948290501282,-0.134471701870311,0.0868552499269252,ST
276.466666666667,-0.664536833763123,-0.563450694084167,9.04691219329834,1.19665396213531,-0.457319974899292,2.57623600959778,-1109.10009765625,6.30000019073486,-916.500061035156,-0.877991038987348,-0.0851584023775274,0.0651252899018968,ST
276.5,-0.968991637229919,-0.628648281097412,8.68802642822266,1.60061991214752,-0.396344006061554,2.36281991004944,-1116.30004882812,8.10000038146973,-916.500061035156,-0.883259240795109,-0.1061396776634,0.0683608183786371,ST
276.533333333333,-1.05691862106323,-0.501841962337494,9.25267314910889,1.41769194602966,0.472563982009888,1.81403601169586,-1121.10009765625,5.70000028610229,-921.300048828125,-0.888464064706065,-0.11287885520205,0.0547913726272396,ST
276.566666666667,-1.24054849147797,-0.382213354110718,9.79339504241943,1.6768399477005,0.0228659994900227,1.52439999580383,-1104.30004882812,9.90000057220459,-914.100036621094,-0.893279781742578,-0.123406512313261,0.039600031909335,ST
276.6,-1.03777801990509,-0.120824880897999,10.2868623733521,1.72257196903229,-0.6250039935112,1.44817996025085,-1121.10009765625,1.5,-914.100036621094,-0.899502742222805,-0.10326805542524,0.013360965800393,ST
276.633333333333,-0.0628050118684769,-0.168676316738129,9.99317455291748,0.983237981796265,-2.27135586738586,1.03659200668335,-1125.90002441406,-2.70000004768372,-918.900024414062,-0.901729782600143,-0.0227009517955262,0.0147393650753423,ST
276.666666666667,0.492271661758423,-0.253612607717514,8.85131931304932,0.503051996231079,-2.27897787094116,0.327746003866196,-1111.5,4.5,-918.900024414062,-0.902809191641211,0.0456946893139539,0.0255902491020071,ST
276.7,0.541917502880096,-0.494066089391708,9.55114650726318,-0.685979962348938,-1.63110792636871,-0.586893975734711,-1116.30004882812,9.30000019073486,-923.700012207031,-0.902565648697876,0.057177635864217,0.0482583408893479,ST
276.733333333333,0.378026366233826,-0.36725977063179,9.66060733795166,-0.762199997901917,-1.37958192825317,-0.861285984516144,-1125.90002441406,2.70000004768372,-909.300048828125,-0.900208919955037,0.0445175020878377,0.0409659401966776,ST
276.766666666667,-0.347521066665649,-0.107665732502937,9.18927001953125,0.503051996231079,-0.289635986089706,-0.586893975734711,-1133.10009765625,4.5,-926.100036621094,-0.89860510493523,-0.020772274555714,0.0169164593478588,ST
276.8,-1.41400992870331,-0.2554070353508,9.71623420715332,1.13567793369293,1.12043392658234,0.0304879993200302,-1123.5,0.300000011920929,-914.100036621094,-0.897968017897989,-0.125275078460053,0.0230419756129168,ST
276.833333333333,-1.94874978065491,-0.0460570082068443,10.5189418792725,0.548784017562866,0.952749967575073,0.243903994560242,-1121.10009765625,3.30000019073486,-923.700012207031,-0.900632820835018,-0.172834342460805,0.0073579343776114,ST
276.866666666667,-1.65266907215118,-0.0113647161051631,9.93455696105957,0.0990860015153885,0.426831990480423,0.548784017562866,-1118.70007324219,3.90000009536743,-930.900024414062,-0.902818403016368,-0.166887035150356,0.0019764836480815,ST
276.9,-1.33086812496185,-0.383409649133682,9.46082782745361,-0.442075997591019,0.495429992675781,0.769822001457214,-1111.5,6.30000019073486,-923.700012207031,-0.899819993430719,-0.144707253267093,0.0349395299448644,ST
276.933333333333,-1.19090270996094,-0.432457357645035,10.0266704559326,-0.37347799539566,0.533540010452271,0.388722002506256,-1106.70007324219,2.70000004768372,-916.500061035156,-0.899889575318149,-0.123370220225231,0.0422123739417943,ST
276.966666666667,-0.648985147476196,-0.291893780231476,9.35615253448486,-0.259148001670837,-0.731711983680725,-0.190549999475479,-1121.10009765625,8.70000076293945,-923.700012207031,-0.900428436646067,-0.0778264588456518,0.0335432898061206,ST
277.0,-0.474327385425568,-0.317613929510117,8.59172534942627,-0.228659987449646,-0.800309956073761,-0.518296003341675,-1113.90002441406,7.50000047683716,-923.700012207031,-0.899127979068488,-0.0585494290862193,0.0366276106513775,ST
277.033333333333,-1.03478729724884,-0.363072782754898,9.56310939788818,-0.137196004390717,0.0381099991500378,-0.426831990480423,-1128.30004882812,1.5,-914.100036621094,-0.898068361246073,-0.097827914346158,0.0379255351138219,ST
277.066666666667,-1.20107114315033,-0.405540943145752,9.97403430938721,-0.160062000155449,0.335367977619171,-0.198172003030777,-1128.30004882812,4.5,-916.500061035156,-0.897365998901111,-0.115783197488099,0.0403460575695696,ST
277.1,-0.776389598846436,-0.82962429523468,9.51705265045166,-0.815553963184357,-0.190549999475479,-0.419209986925125,-1116.30004882812,10.5,-899.700012207031,-0.892717236093742,-0.0877958830368764,0.078776092253458,ST
277.133333333333,-0.503636360168457,-0.724351167678833,9.2281494140625,-1.32622802257538,-0.388722002506256,-1.12805593013763,-1113.90002441406,9.30000019073486,-918.900024414062,-0.890168744176491,-0.0596372422444617,0.0804194544935483,ST
277.166666666667,-0.561058104038239,-0.817661464214325,9.45604228973389,-0.754577994346619,-0.0914639979600906,-0.914639949798584,-1118.70007324219,1.5,-923.700012207031,-0.887720495201302,-0.058908244640457,0.0863722796003035,ST
277.2,-0.672312676906586,-1.09220910072327,9.70367336273193,-0.640248000621796,-0.274392008781433,-0.487807989120483,-1113.90002441406,6.90000009536743,-921.300048828125,-0.885267962016453,-0.0666239024442914,0.108740328141035,ST
277.233333333333,-0.546702682971954,-0.991721034049988,9.9853982925415,-0.891773998737335,-1.11281192302704,-0.327746003866196,-1113.90002441406,12.3000001907349,-921.300048828125,-0.885310725003841,-0.055295964643324,0.102215650820464,ST
277.266666666667,0.257799625396729,-0.776389598846436,9.54695987701416,-0.777444005012512,-2.26373386383057,-0.228659987449646,-1116.30004882812,5.70000028610229,-918.900024414062,-0.88564388578783,0.0135088495003574,0.0864799914990714,ST
277.3,0.271556913852692,-0.647788822650909,9.12347507476807,-0.129574000835419,-1.84452390670776,-0.0914639979600906,-1109.10009765625,8.70000076293945,-906.900024414062,-0.885508020232406,0.0289959490947311,0.0742094938558299,ST
277.333333333333,0.0185424312949181,-1.12091994285583,9.66240119934082,-0.0381099991500378,-0.25152599811554,0.0076219998300075,-1118.70007324219,9.90000057220459,-928.500061035156,-0.886182280128186,0.0077200885559267,0.107224113257116,ST
277.366666666667,-0.115441590547562,-1.11134958267212,10.0942611694336,-1.05183601379395,0.0914639979600906,-0.952749967575073,-1125.90002441406,5.70000028610229,-911.700012207031,-0.883776948108773,-0.0081453896090096,0.110781211606717,ST
277.4,-0.0963010191917419,-0.97258049249649,8.77954292297363,-1.22714197635651,0.144817993044853,-0.960371971130371,-1118.70007324219,5.70000028610229,-921.300048828125,-0.88135319540417,-0.0104927343360121,0.1122006378651,DLL
277.433333333333,-0.547300815582275,-1.44989860057831,8.36562728881836,-1.40244793891907,1.05945801734924,0.0990860015153885,-1111.5,11.7000007629395,-926.100036621094,-0.879619587699371,-0.0568597304663977,0.163650559073972,DLL
277.466666666667,-1.00727272033691,-2.14135193824768,9.09536170959473,-1.92074394226074,1.46342396736145,-0.87652999162674,-1125.90002441406,7.50000047683716,-916.500061035156,-0.872346281069945,-0.101253691463586,0.223498610171755,DLL
277.5,-1.26088535785675,-2.12639832496643,9.63189601898193,-1.95885396003723,1.32622802257538,-1.63110792636871,-1121.10009765625,11.7000007629395,-918.900024414062,-0.868643337850577,-0.123549602721104,0.221550904909009,DLL
277.533333333333,-1.46425402164459,-2.23346590995789,9.53978252410889,-0.731711983680725,0.716467976570129,-1.37195992469788,-1118.70007324219,-1.5,-923.700012207031,-0.864377580056774,-0.143892323223767,0.229587724465726,DLL
277.566666666667,-1.99540495872498,-2.30285048484802,10.2970314025879,0.282013982534409,0.830797970294952,-0.792688012123108,-1116.30004882812,8.70000076293945,-933.300048828125,-0.86334534615674,-0.179115618268966,0.221799933328178,DLL
277.6,-1.6383136510849,-2.23047518730164,10.7145347595215,0.640248000621796,0.320124000310898,-0.121951997280121,-1116.30004882812,15.3000001907349,-916.500061035156,-0.865016976980622,-0.155141496238596,0.207715833317756,DLL
277.633333333333,-1.31651270389557,-1.74418485164642,9.67257022857666,1.22714197635651,-0.937505960464478,0.640248000621796,-1118.70007324219,3.90000009536743,-914.100036621094,-0.87012771437621,-0.136474135124959,0.182427687274604,DLL
277.666666666667,-1.11613476276398,-1.31292378902435,9.10971736907959,2.33233189582825,-0.602137982845306,1.84452390670776,-1111.5,3.90000009536743,-923.700012207031,-0.878865788263558,-0.12288712164905,0.145979245587388,DLL
277.7,-0.818857729434967,-1.11972367763519,9.04272556304932,2.57623600959778,-0.0990860015153885,2.16464805603027,-1116.30004882812,10.5,-933.300048828125,-0.885578986001678,-0.0965848951585295,0.123876600029206,DLL
277.733333333333,-1.29737210273743,-0.482701390981674,9.08459568023682,2.14940404891968,-0.289635986089706,2.22562384605408,-1109.10009765625,7.50000047683716,-921.300048828125,-0.896983384221691,-0.132450733235392,0.0640562530087662,DLL
277.766666666667,-1.69453907012939,-0.501841962337494,8.69998931884766,1.19665396213531,-0.259148001670837,3.7805118560791,-1111.5,10.5,-935.700012207031,-0.906367966214263,-0.179966923730452,0.0563751469280629,DLL
277.8,-2.24662494659424,-0.881662726402283,9.14560604095459,-0.67835795879364,-0.259148001670837,6.42534589767456,-1106.70007324219,6.90000009536743,-923.700012207031,-0.91601918932887,-0.230123388751794,0.0882735490176919,DLL
277.833333333333,-2.58995914459229,-0.65735912322998,9.43391132354736,-1.54726600646973,-0.548784017562866,8.74243354797363,-1101.90002441406,9.30000019073486,-935.700012207031,-0.942310416276058,-0.261232019227557,0.0717004030930366,DLL
277.866666666667,-2.167072057724,-1.60780835151672,9.07263278961182,-2.77440786361694,-1.47104597091675,14.5351533889771,-1106.70007324219,8.70000076293945,-918.900024414062,-0.956306413949509,-0.237919196779964,0.153329263607436,DLL
277.9,-0.0251220054924488,-2.98234081268311,8.21190452575684,-4.26832008361816,-3.10215401649475,15.9833335876465,-1125.90002441406,11.1000003814697,-914.100036621094,-0.971604295407555,-0.0529826300168102,0.312800240661367,DLL
277.933333333333,-0.531749129295349,-2.48947095870972,9.99437046051025,-2.98020195960999,-1.34909391403198,13.0793514251709,-1125.90002441406,13.5000009536743,-918.900024414062,-1.00447046977101,-0.0550410224073973,0.261154168992833,DLL
277.966666666667,0.24882747232914,-2.58696842193604,8.76099967956543,-1.63110792636871,-2.25611186027527,12.2637977600098,-1116.30004882812,14.7000007629395,-899.700012207031,-1.03521822630359,0.0116206032697393,0.285007182926021,DLL
278.0,0.299071490764618,-2.38659048080444,7.99896574020386,-1.50153398513794,-3.20886182785034,11.021411895752,-1123.5,21.9000015258789,-918.900024414062,-1.06169063770053,0.0308218066021986,0.291447054591208,DLL
278.033333333333,-0.396568775177002,-2.01275110244751,8.39194583892822,-1.53202199935913,-3.27745985984802,11.5244636535645,-1133.10009765625,20.1000003814697,-894.900024414062,-1.08922884654636,-0.0301376359234301,0.248673695342843,DLL
278.066666666667,-0.714780867099762,-2.01334929466248,9.93635082244873,-1.42531394958496,-2.87349390983582,11.6083059310913,-1118.70007324219,29.7000007629395,-916.500061035156,-1.12120037673409,-0.0632258517679182,0.20927003863366,DLL
278.1,-0.263182908296585,-2.04026556015015,10.3137788772583,-0.365855991840363,-1.81403601169586,10.1372594833374,-1123.5,27.9000015258789,-926.100036621094,-1.14689593343713,-0.0322160789387228,0.197716427570724,DLL
278.133333333333,-0.468944102525711,-1.51389980316162,10.8915853500366,0.243903994560242,-1.64635193347931,7.93450164794922,-1135.5,26.1000003814697,-902.100036621094,-1.16784587916267,-0.0401707916631953,0.148670250064616,DLL
278.166666666667,-0.828428030014038,-0.944467723369598,10.7264976501465,1.27287399768829,-1.59299790859222,6.34150409698486,-1130.70007324219,27.3000011444092,-916.500061035156,-1.18535718357695,-0.0681960845144313,0.0978199270558252,DLL
278.2,-0.327782362699509,-0.881662726402283,9.49611759185791,1.08994603157043,-1.31860601902008,5.38875389099121,-1135.5,27.3000011444092,-921.300048828125,-1.19893562116716,-0.039243493321496,0.0915806291724496,DLL
278.233333333333,-0.679490387439728,-0.711790144443512,8.83636569976807,0.46494197845459,-0.807931959629059,4.37502813339233,-1128.30004882812,32.1000022888184,-899.700012207031,-1.20959376920589,-0.0683743718289647,0.0816283469767384,DLL
278.266666666667,-0.221312895417213,-0.87089616060257,8.46850776672363,-1.28811800479889,-0.868907988071442,4.83234786987305,-1118.70007324219,27.9000015258789,-904.500061035156,-1.22006690386592,-0.0339739935725815,0.0997708189449936,DLL
278.3,-0.718967854976654,-0.800913453102112,8.99606990814209,-1.72257196903229,-1.60061991214752,4.77899408340454,-1125.90002441406,33.3000030517578,-899.700012207031,-1.23297327383746,-0.0701362606165191,0.0927207646405422,DLL
278.333333333333,-0.759043455123901,-0.958225011825562,9.04691219329834,-1.57013201713562,-1.41006994247437,4.52746772766113,-1121.10009765625,28.5000019073486,-906.900024414062,-1.24397211232273,-0.0796694645134487,0.105129424793606,DLL
278.366666666667,-1.58806955814362,-0.99889874458313,11.3102855682373,-0.586893975734711,-0.548784017562866,4.40551567077637,-1125.90002441406,27.9000015258789,-916.500061035156,-1.25633333628741,-0.128172711376052,0.0912727325921075,DLL
278.4,0.0460570082068443,-1.94456279277802,9.76647853851318,-0.823175966739655,-1.35671591758728,2.65245604515076,-1133.10009765625,24.3000011444092,-899.700012207031,-1.25693188527594,-0.0178935086509138,0.178765051227091,DLL
278.433333333333,-0.435448080301285,-1.59285473823547,8.68443775177002,-1.6920839548111,-1.15854394435883,0.0838419944047928,-1121.10009765625,24.9000015258789,-906.900024414062,-1.25758465522348,-0.0413833971427824,0.183213277788846,DLL
278.466666666667,-1.18791198730469,-1.56175124645233,9.53439903259277,-1.48628997802734,0.0990860015153885,-0.0762199983000755,-1123.5,24.9000015258789,-887.700012207031,-1.25869162417885,-0.106119073514721,0.168690869853,DLL
278.5,-0.662144243717194,-2.26636362075806,8.61266040802002,-2.17227005958557,-0.0228659994900227,-0.571649968624115,-1133.10009765625,32.7000007629395,-916.500061035156,-1.25067467066798,-0.0793958173752296,0.245674679017097,DLL
278.533333333333,-1.20047295093536,-2.10965037345886,8.21489524841309,-2.54574799537659,-0.243903994560242,-0.144817993044853,-1118.70007324219,31.5000019073486,-894.900024414062,-1.25025828302951,-0.129918833132204,0.254138718312072,DLL
278.566666666667,-1.11673295497894,-2.32677626609802,8.5666036605835,-1.90549993515015,-0.0304879993200302,0.503051996231079,-1118.70007324219,36.9000015258789,-906.900024414062,-1.25055120573597,-0.126141677207675,0.265876616141092,DLL
278.6,-0.736912131309509,-2.86091780662537,8.85849761962891,-1.58537602424622,-0.746955990791321,0.480185985565186,-1125.90002441406,32.7000007629395,-894.900024414062,-1.24831288084687,-0.0860905065011746,0.306812617088671,DLL
278.633333333333,-0.70162171125412,-2.96260213851929,9.15398025512695,-2.03507399559021,-1.44817996025085,0.0228659994900227,-1133.10009765625,36.3000030517578,-902.100036621094,-1.24924309252743,-0.0730336642096975,0.314867993860648,DLL
278.666666666667,-0.507823407649994,-2.96499466896057,9.06306266784668,-1.88263392448425,-1.78354799747467,0.426831990480423,-1125.90002441406,46.5,-892.500061035156,-1.25164418882828,-0.054506027852726,0.318560483733357,DLL
278.7,-0.745884299278259,-3.11871743202209,9.90464973449707,-1.09756803512573,-0.762199997901917,1.265251994133,-1125.90002441406,37.5,-904.500061035156,-1.25579337088978,-0.0679655251414163,0.309036734544995,DLL
278.733333333333,-0.717173397541046,-3.34541368484497,10.1893653869629,-0.129574000835419,-0.403965979814529,0.762199997901917,-1128.30004882812,35.7000007629395,-897.300048828125,-1.25747896441962,-0.0667572798693825,0.315964618943549,DLL
278.766666666667,-0.56763768196106,-3.09838056564331,9.23712158203125,0.647870004177094,-0.403965979814529,0.320124000310898,-1123.5,32.7000007629395,-904.500061035156,-1.2580474906342,-0.0595273067253045,0.321149024405584,DLL
278.8,-1.34641981124878,-2.70360612869263,9.6283073425293,1.79879200458527,0.548784017562866,0.487807989120483,-1125.90002441406,35.7000007629395,-890.100036621094,-1.26228032930769,-0.123093934902576,0.278588968890306,DLL
278.833333333333,-0.916355013847351,-2.5235652923584,8.512770652771,0.823175966739655,-0.282013982534409,0.114329993724823,-1128.30004882812,29.1000003814697,-887.700012207031,-1.26174876029413,-0.106590183493708,0.28508542778301,DLL
278.866666666667,-1.02402079105377,-2.4757137298584,8.94941520690918,-0.868907988071442,-1.08232402801514,1.87501192092896,-1128.30004882812,36.9000015258789,-897.300048828125,-1.26798042045712,-0.108449497266454,0.273844399529596,DLL
278.9,-1.03299295902252,-2.81844973564148,8.95599460601807,-1.15854394435883,-1.19665396213531,2.29422187805176,-1123.5,35.7000007629395,-885.300048828125,-1.27126574894773,-0.108681452560552,0.299850885654208,DLL
278.933333333333,-0.869699895381927,-3.16896152496338,8.99487400054932,-0.914639949798584,-0.46494197845459,2.52288198471069,-1123.5,33.9000015258789,-894.900024414062,-1.27405755478644,-0.0950297434675838,0.331817621762628,DLL
278.966666666667,-0.705210566520691,-3.43573331832886,9.63488674163818,0.297257989645004,-0.792688012123108,2.02745199203491,-1130.70007324219,44.1000022888184,-882.900024414062,-1.27832602991536,-0.0740072603637749,0.339722489120499,DLL
279.0,-0.397166937589645,-3.37113380432129,8.97094821929932,1.15854394435883,-1.21951997280121,1.12043392658234,-1130.70007324219,34.5,-899.700012207031,-1.28078086741985,-0.0465301382604037,0.35396719886504,DLL
279.033333333333,-0.397765070199966,-2.83938479423523,8.4057035446167,1.61586391925812,-1.31098401546478,0.792688012123108,-1123.5,45.9000015258789,-878.100036621094,-1.28455903773764,-0.0437484883179588,0.328750255023443,DLL
279.066666666667,-1.40384149551392,-2.14733338356018,10.4573335647583,2.97257995605469,0.381099998950958,1.46342396736145,-1145.10009765625,42.9000015258789,-902.100036621094,-1.29603760201841,-0.117250862296779,0.219409021450624,DLL
279.1,-0.574217259883881,-2.4996395111084,10.3909397125244,2.97257995605469,-0.381099998950958,0.907018005847931,-1135.5,35.7000007629395,-875.700012207031,-1.2967970412135,-0.066256669344852,0.22848951979211,DLL
279.133333333333,-1.22499680519104,-1.5683308839798,10.1594581604004,3.22410583496094,-0.868907988071442,-0.0076219998300075,-1125.90002441406,36.9000015258789,-909.300048828125,-1.3023707476539,-0.108599383599323,0.161163697852705,DLL
279.166666666667,-0.586180090904236,-2.09230422973633,9.86636829376221,3.59758400917053,0.236281991004944,0.365855991840363,-1137.90002441406,35.7000007629395,-904.500061035156,-1.29942788889069,-0.0686820031938807,0.194320902713376,DLL
279.2,0.186022460460663,-1.67539846897125,8.12098693847656,1.86738991737366,-0.792688012123108,-1.32622802257538,-1130.70007324219,38.7000007629395,-904.500061035156,-1.29625410281928,0.0086554070021506,0.199243867397806,DLL
279.233333333333,-0.091515876352787,-1.41460812091827,8.17601585388184,1.51677799224854,-1.18903195858002,0.0990860015153885,-1123.5,41.7000007629395,-885.300048828125,-1.29695524670992,-0.0054566219782273,0.174835034196611,DLL
279.266666666667,0.214135184884071,-1.50552582740784,8.59531402587891,1.12805593013763,-1.17378795146942,0.907018005847931,-1137.90002441406,33.9000015258789,-906.900024414062,-1.29955612453552,0.0202575642124667,0.172096008983688,DLL
279.3,-0.183031752705574,-1.58507883548737,9.69350528717041,1.03659200668335,-0.541162014007568,1.00610399246216,-1130.70007324219,35.1000022888184,-916.500061035156,-1.30231851020914,-0.0119589076740655,0.162135458167084,DLL
279.333333333333,0.416307508945465,-1.77110135555267,8.02827453613281,0.259148001670837,-0.259148001670837,-0.0990860015153885,-1154.70007324219,33.9000015258789,-906.900024414062,-1.30278591117459,0.0383629801830394,0.205657556769661,DLL
279.366666666667,-0.452794224023819,-1.2238005399704,9.50748252868652,-0.160062000155449,-0.129574000835419,0.205793991684914,-1154.70007324219,30.9000015258789,-902.100036621094,-1.30308370179915,-0.0308036996151486,0.143008927770777,DLL
279.4,-0.270958751440048,-1.35838270187378,9.61096096038818,0.586893975734711,-0.6250039935112,1.88263392448425,-1145.10009765625,31.5000019073486,-887.700012207031,-1.30789767819599,-0.0279169018380588,0.139949692284727,DLL
279.433333333333,-0.44023323059082,-1.29198884963989,10.4130706787109,0.304879993200302,-0.213415995240211,1.40244793891907,-1137.90002441406,26.7000007629395,-890.100036621094,-1.31180866735672,-0.0393857063850979,0.125881689642097,DLL
279.466666666667,-0.616087257862091,-1.07247030735016,10.4082860946655,0.556405961513519,0.0457319989800453,1.38720393180847,-1149.90002441406,27.3000011444092,-894.900024414062,-1.31582244892037,-0.0551778628910836,0.106487807839098,DLL
279.5,-0.709995687007904,-1.04675018787384,10.1026344299316,0.144817993044853,0.236281991004944,0.640248000621796,-1142.70007324219,38.7000007629395,-911.700012207031,-1.31742787889601,-0.0674436806957064,0.103599659082285,DLL
279.533333333333,0.104675017297268,-1.19808042049408,8.39673137664795,-1.61586391925812,0.0152439996600151,0.533540010452271,-1137.90002441406,33.9000015258789,-892.500061035156,-1.3177205651473,-0.0011829892223337,0.13766975274126,DLL
279.566666666667,0.11484345048666,-1.48160016536713,8.25198078155518,-2.59910202026367,0.434453994035721,0.274392008781433,-1133.10009765625,33.9000015258789,-892.500061035156,-1.31832217089399,0.0100404678822251,0.173212397565829,DLL
279.6,-0.131591454148293,-1.78605496883392,8.79569244384766,-2.9344699382782,-0.0381099991500378,-0.327746003866196,-1140.30004882812,38.7000007629395,-902.100036621094,-1.31760060961271,-0.009538109306722,0.198959307910267,DLL
279.633333333333,-0.921140193939209,-2.27653217315674,9.83347034454346,-2.30184388160706,0.274392008781433,-0.37347799539566,-1133.10009765625,32.1000022888184,-899.700012207031,-1.31565538448309,-0.0766916444387544,0.225728165079035,DLL
279.666666666667,-0.180041030049324,-2.69044709205627,9.12048435211182,-1.76068198680878,-0.0381099991500378,-0.594515979290009,-1128.30004882812,34.5,-906.900024414062,-1.31165416086688,-0.028361807981725,0.27920176725221,DLL
279.7,-0.866111040115356,-2.49066734313965,9.78143215179443,-0.815553963184357,0.121951997280121,-0.640248000621796,-1133.10009765625,40.5,-902.100036621094,-1.31141160513811,-0.0739927955038849,0.256571644631989,DLL
279.733333333333,-1.1436493396759,-2.69463419914246,10.0583724975586,0.259148001670837,0.442075997591019,-0.213415995240211,-1149.90002441406,36.3000030517578,-885.300048828125,-1.31028859026806,-0.102770405240245,0.260389895070594,DLL
279.766666666667,-0.942075192928314,-2.41889023780823,9.19046688079834,0.503051996231079,0.769822001457214,-0.411587983369827,-1135.5,36.9000015258789,-890.100036621094,-1.30899385430493,-0.100400245746444,0.257224007116129,DLL
279.8,-0.943869590759277,-2.27832651138306,9.14979267120361,0.259148001670837,0.297257989645004,-0.381099998950958,-1118.70007324219,35.1000022888184,-904.500061035156,-1.3089684454364,-0.100160365679126,0.246084919807898,DLL
279.833333333333,-1.24413740634918,-2.10366892814636,9.55593204498291,0.3125019967556,-0.0838419944047928,0.182927995920181,-1133.10009765625,36.9000015258789,-897.300048828125,-1.31198216681779,-0.12112021327777,0.222161052674834,DLL
279.866666666667,-0.641209244728088,-2.16049242019653,8.93087291717529,0.198172003030777,-0.403965979814529,0.411587983369827,-1125.90002441406,38.1000022888184,-899.700012207031,-1.31187948810367,-0.0796228911913055,0.233970088575654,DLL
279.9,0.0693845823407173,-2.2651674747467,8.43919944763184,0.0914639979600906,-0.975615978240967,0.0,-1130.70007324219,34.5,-892.500061035156,-1.31142071972871,-0.0083989095696573,0.256419369182531,DLL
279.933333333333,-0.370848655700684,-2.2113344669342,9.09596061706543,0.175305992364883,-0.960371971130371,-0.144817993044853,-1130.70007324219,32.7000007629395,-887.700012207031,-1.31195402477112,-0.0326399853565717,0.241435795017819,DLL
279.966666666667,0.276940196752548,-2.62704396247864,9.1569709777832,-0.388722002506256,-0.922261953353882,-0.144817993044853,-1133.10009765625,36.9000015258789,-897.300048828125,-1.31199460711102,0.0200517084405475,0.273581860778262,DLL
280.0,-0.0645994395017624,-2.32079482078552,9.79518890380859,-0.503051996231079,-1.49391198158264,0.0152439996600151,-1142.70007324219,34.5,-906.900024414062,-1.31255914440381,0.0009314300387938,0.241595201173491,DLL
280.033333333333,0.496458679437637,-2.73710227012634,8.88182544708252,-0.419209986925125,-1.05183601379395,-0.282013982534409,-1154.70007324219,41.7000007629395,-885.300048828125,-1.31368491085624,0.0461488683941394,0.289894886545254,DLL
280.066666666667,-0.707004964351654,-2.40692734718323,9.97822093963623,0.106707997620106,0.731711983680725,-1.39482593536377,-1142.70007324219,33.9000015258789,-885.300048828125,-1.30997934551336,-0.0487145124337496,0.2461404833704,DLL
280.1,-1.25849282741547,-2.34352421760559,10.3436861038208,0.731711983680725,0.670735955238342,-1.6844619512558,-1149.90002441406,31.5000019073486,-904.500061035156,-1.30711207902715,-0.105306846067507,0.226457355139212,DLL
280.133333333333,-1.0515353679657,-2.35130000114441,8.80047798156738,-0.205793991684914,-0.739333987236023,-1.15092194080353,-1140.30004882812,37.5,-882.900024414062,-1.30175251435945,-0.111785569094412,0.255334176718981,DLL
280.166666666667,-1.38709354400635,-2.15809988975525,9.16833591461182,-0.960371971130371,-0.861285984516144,-0.708845973014832,-1137.90002441406,36.9000015258789,-887.700012207031,-1.3031570860903,-0.137879888521749,0.237497193223896,DLL
280.2,-1.54141438007355,-2.40094590187073,10.2408056259155,-0.571649968624115,-0.937505960464478,0.769822001457214,-1130.70007324219,37.5,-894.900024414062,-1.3062669093542,-0.142948632932083,0.232349298868077,DLL
280.233333333333,-0.619676113128662,-3.00865912437439,9.13424110412598,0.152439996600151,-1.17378795146942,1.18903195858002,-1135.5,38.7000007629395,-899.700012207031,-1.30210857345702,-0.0756427606670442,0.304305876713372,DLL
280.266666666667,-0.397166937589645,-2.72573757171631,7.84464502334595,0.762199997901917,-0.579271972179413,0.670735955238342,-1149.90002441406,35.1000022888184,-887.700012207031,-1.30240269062027,-0.0529362953193784,0.327222788479148,DLL
280.3,-0.501841962337494,-2.47451758384705,8.92668533325195,1.00610399246216,-0.297257989645004,1.34147191047668,-1145.10009765625,42.3000030517578,-880.500061035156,-1.30793776162313,-0.054034081192354,0.280356024027704,DLL
280.333333333333,-0.323595345020294,-2.47631192207336,8.80586051940918,0.967993974685669,-0.693601965904236,1.72257196903229,-1145.10009765625,34.5,-880.500061035156,-1.31238215995408,-0.0388475657109683,0.273926148609542,DLL
280.366666666667,-0.341539651155472,-2.22150301933289,8.73049449920654,1.2576299905777,0.198172003030777,1.82165801525116,-1145.10009765625,33.3000030517578,-890.100036621094,-1.31729742958776,-0.0390054446289832,0.2516871807748,DLL
280.4,-0.155517175793648,-2.34830927848816,9.80655384063721,1.56251001358032,0.434453994035721,2.21037983894348,-1133.10009765625,44.7000007629395,-892.500061035156,-1.32235616161898,-0.0214957770585155,0.236139372620336,DLL
280.433333333333,0.579600512981415,-2.51997637748718,9.26822566986084,1.15092194080353,-0.602137982845306,0.891773998737335,-1135.5,37.5,-902.100036621094,-1.32496398564713,0.04428451867848,0.257984866054014,DLL
280.466666666667,0.117236025631428,-2.23346590995789,9.14082050323486,1.08232402801514,-0.114329993724823,-0.487807989120483,-1137.90002441406,37.5,-897.300048828125,-1.32350727314648,0.0191932617848917,0.241812961570529,DLL
280.5,0.394774347543716,-2.54509830474854,9.07502555847168,1.2576299905777,0.83841997385025,-1.85976791381836,-1149.90002441406,36.9000015258789,-897.300048828125,-1.31948716029156,0.0370899947483983,0.265554363669436,DLL
280.533333333333,1.35778450965881,-3.40941500663757,9.20123291015625,0.899396002292633,0.922261953353882,-3.91008591651917,-1133.10009765625,35.7000007629395,-899.700012207031,-1.31549748979903,0.120087460182537,0.336882830958734,DLL
280.566666666667,0.610105812549591,-2.64439010620117,9.69470119476318,2.0731840133667,1.09756803512573,-9.88573360443115,-1145.10009765625,30.9000015258789,-904.500061035156,-1.28766774013806,0.0751646602447657,0.276299456069408,DLL
280.6,0.681284844875336,-2.65096974372864,8.65453052520752,3.47563195228577,1.51677799224854,-10.7470197677612,-1152.30004882812,36.9000015258789,-906.900024414062,-1.26437909535,0.0773026314374769,0.287029844769579,DLL
280.633333333333,0.091515876352787,-2.46195650100708,8.94941520690918,4.13874578475952,2.20275783538818,-11.6311721801758,-1135.5,28.5000019073486,-890.100036621094,-1.23662506323778,0.0248150674973157,0.265742999873828,DLL
280.666666666667,-0.461766362190247,-2.20654940605164,9.2167854309082,3.7805118560791,2.67532205581665,-10.6860437393188,-1133.10009765625,27.3000011444092,-899.700012207031,-1.20826488538765,-0.0371812311387813,0.234588148362538,DLL
280.7,-0.133385881781578,-1.98344206809998,9.86517238616943,2.42379593849182,1.88263392448425,-8.97109413146973,-1140.30004882812,24.3000011444092,-909.300048828125,-1.18785002307141,-0.0179926390455798,0.202598835919613,DLL
280.733333333333,-1.2058562040329,-0.844577848911285,10.2396097183228,2.35519790649414,1.2576299905777,-5.83083009719849,-1161.90002441406,17.7000007629395,-902.100036621094,-1.17953679252499,-0.0976129102363917,0.104052466424023,DLL
280.766666666667,-0.736912131309509,-0.923532724380493,9.62531661987305,1.80641400814056,2.25611186027527,-3.15550804138184,-1149.90002441406,17.7000007629395,-914.100036621094,-1.17223258908915,-0.0831008459182514,0.0952367985488606,DLL
280.8,-0.86192399263382,-0.681882977485657,10.3060035705566,1.81403601169586,2.5152599811554,-2.37806391716003,-1149.90002441406,16.5,-904.500061035156,-1.16812133282955,-0.0864699303068387,0.0697177231785145,DLL
280.833333333333,-0.682481110095978,-0.954038023948669,9.58225059509277,2.0579400062561,2.08842802047729,-2.00458598136902,-1135.5,21.9000015258789,-918.900024414062,-1.16105400432189,-0.0765922049583425,0.0906719119958406,DLL
280.866666666667,-0.38939106464386,-1.17834162712097,8.79569244384766,1.77592599391937,2.59148001670837,-3.81862187385559,-1135.5,22.5,-916.500061035156,-1.14934892539855,-0.0534429274902883,0.122500844576899,DLL
280.9,-0.761435985565186,-1.11912548542023,9.51884746551514,2.40092992782593,3.353679895401,-6.23479604721069,-1118.70007324219,19.5,-906.900024414062,-1.13429231240346,-0.0777046443853444,0.115434215571468,DLL
280.933333333333,-0.875083148479462,-1.19209897518158,9.45963096618652,3.22410583496094,2.97257995605469,-8.32322406768799,-1125.90002441406,20.1000003814697,-911.700012207031,-1.11348938747823,-0.0914902826521811,0.119917632026491,DLL
280.966666666667,-1.07486295700073,-1.12570512294769,8.55942630767822,3.07166600227356,1.98934197425842,-10.8003740310669,-1137.90002441406,18.3000011444092,-923.700012207031,-1.08696445588733,-0.118247233113201,0.125987246188522,DLL
281.0,-1.76811063289642,-0.814072608947754,9.46142578125,2.58385801315308,2.08842802047729,-10.7622632980347,-1113.90002441406,18.3000011444092,-921.300048828125,-1.06598063546801,-0.172211623646631,0.0927780139307389,DLL
281.033333333333,-1.71786665916443,-0.96360832452774,9.18986892700195,1.62348592281342,1.06708002090454,-8.17840576171875,-1116.30004882812,7.50000047683716,-930.900024414062,-1.04255147153818,-0.18235326166815,0.102446325681172,DLL
281.066666666667,-1.85125243663788,-0.960019469261169,9.5565299987793,1.15854394435883,0.807931959629059,-5.75461006164551,-1111.5,8.70000076293945,-916.500061035156,-1.02844233067395,-0.189295396652848,0.100452692718783,DLL
281.1,-0.967795312404633,-1.83450448513031,8.40271282196045,0.160062000155449,0.853663980960846,-1.95885396003723,-1116.30004882812,4.5,-928.500061035156,-1.00850319114126,-0.126741993185447,0.194885489316953,DLL
281.133333333333,-1.26866126060486,-1.65805232524872,9.13723182678223,-0.129574000835419,1.45580196380615,-1.57013201713562,-1109.10009765625,4.5,-923.700012207031,-1.00593217682521,-0.135545117370887,0.183126542893121,DLL
281.166666666667,-1.69513714313507,-1.13706982135773,9.60198879241943,0.868907988071442,1.07470202445984,-0.129574000835419,-1113.90002441406,8.10000038146973,-923.700012207031,-1.01298293091274,-0.167393647336065,0.129946537532583,DLL
281.2,-1.2698575258255,-1.67599666118622,8.92190074920654,0.792688012123108,0.152439996600151,1.31098401546478,-1125.90002441406,5.10000038146973,-938.100036621094,-1.00887301728286,-0.145253578617963,0.173115296434769,DLL
281.233333333333,-1.18671560287476,-1.59943425655365,9.59182071685791,0.0076219998300075,-0.655492007732391,1.07470202445984,-1111.5,9.90000057220459,-930.900024414062,-1.01269950214771,-0.124754106385556,0.166317044963559,DLL
281.266666666667,-0.660947978496552,-1.46963727474213,9.92618274688721,-0.167683988809586,-2.25611186027527,1.47866797447205,-1106.70007324219,3.90000009536743,-923.700012207031,-1.01858490120202,-0.0741343942825176,0.150658909998573,DLL
281.3,0.0412718653678894,-1.62515449523926,8.96855545043945,-0.221037998795509,-2.80489587783813,1.15854394435883,-1116.30004882812,9.90000057220459,-938.100036621094,-1.02155533434898,-0.0058414956064201,0.174424181012534,DLL
281.333333333333,-0.186620607972145,-1.34761607646942,9.28856182098389,0.495429992675781,-1.14329993724823,1.43293595314026,-1118.70007324219,9.90000057220459,-918.900024414062,-1.02549553567993,-0.015788857053521,0.149476448956215,ST
281.366666666667,-0.901401460170746,-0.985739588737488,9.95788383483887,1.34909391403198,-0.403965979814529,1.13567793369293,-1111.5,9.30000019073486,-923.700012207031,-1.02998569636648,-0.0745340463865386,0.106986248734004,ST
281.4,-0.77878212928772,-1.38290655612946,9.81433010101318,1.13567793369293,-0.228659987449646,1.85214591026306,-1121.10009765625,9.30000019073486,-918.900024414062,-1.03220614760928,-0.0776427561566013,0.131546139620197,ST
281.433333333333,-0.557469248771667,-1.4361412525177,9.20781326293945,0.510673999786377,-0.129574000835419,1.78354799747467,-1109.10009765625,12.3000001907349,-923.700012207031,-1.03497941105389,-0.0635376888165401,0.149175162025683,ST
281.466666666667,-0.424681514501572,-1.47382426261902,9.35076904296875,-0.106707997620106,0.3125019967556,0.983237981796265,-1111.5,10.5,-914.100036621094,-1.03679336203626,-0.0492425990875444,0.154968637563004,ST
281.5,-1.18910825252533,-1.49057233333588,9.87234973907471,0.487807989120483,1.05945801734924,0.426831990480423,-1125.90002441406,12.3000001907349,-918.900024414062,-1.03767533728714,-0.106104192956412,0.15018312002894,ST
281.533333333333,-1.4600670337677,-1.62575256824493,9.91362190246582,1.22714197635651,1.57775402069092,0.190549999475479,-1116.30004882812,3.30000019073486,-916.500061035156,-1.03620963647877,-0.138832517817441,0.158344572522451,ST
281.566666666667,-1.44989860057831,-1.29737210273743,9.19405555725098,1.34909391403198,0.815553963184357,-0.289635986089706,-1121.10009765625,4.5,-933.300048828125,-1.03719365221125,-0.152731708027421,0.14205468941032,ST
281.6,-1.49176859855652,-1.08383500576019,8.46731185913086,1.28049600124359,0.198172003030777,0.243903994560242,-1121.10009765625,7.50000047683716,-926.100036621094,-1.03938943768879,-0.16924072303048,0.128455250249669,ST
281.633333333333,-1.84168219566345,-1.06290006637573,9.46321964263916,1.2347639799118,-0.25152599811554,1.65397393703461,-1116.30004882812,4.5,-928.500061035156,-1.04595448264418,-0.187520633025732,0.112206969964704,ST
281.666666666667,-1.7286331653595,-1.10536825656891,9.75511360168457,1.86738991737366,-0.358233988285065,1.90549993515015,-1109.10009765625,5.70000028610229,-916.500061035156,-1.0503731271246,-0.176297515335769,0.109506678330025,ST
281.7,-1.31651270389557,-1.1556122303009,9.09356784820557,1.6615959405899,-0.777444005012512,1.89025592803955,-1113.90002441406,5.70000028610229,-930.900024414062,-1.05277202283118,-0.14749697576397,0.120724073273492,ST
281.733333333333,-0.827829897403717,-1.1657806634903,9.5984001159668,0.807931959629059,-1.6768399477005,1.62348592281342,-1123.5,4.5,-918.900024414062,-1.05696942911123,-0.095110097400432,0.119420628259749,ST
281.766666666667,-0.839792728424072,-0.772800743579865,8.99965953826904,0.647870004177094,-1.33385002613068,1.51677799224854,-1113.90002441406,8.70000076293945,-930.900024414062,-1.06337554411477,-0.0915035377005223,0.0909369005149006,ST
281.8,-1.24772620201111,-0.702817976474762,8.93984508514404,1.05183601379395,0.975615978240967,2.18751406669617,-1113.90002441406,10.5,-923.700012207031,-1.06952628945695,-0.131547613750706,0.0788249453639299,ST
281.833333333333,-1.50492775440216,-0.901401460170746,9.30830097198486,0.983237981796265,1.17378795146942,2.11129403114319,-1113.90002441406,11.7000007629395,-928.500061035156,-1.07200359058913,-0.15579602407247,0.0911661660413827,ST
281.866666666667,-1.57610678672791,-0.851157426834106,9.62591457366943,0.335367977619171,-0.228659987449646,1.71494996547699,-1111.5,8.10000038146973,-909.300048828125,-1.07632143116132,-0.160385261466864,0.0879400013430274,ST
281.9,-1.53543305397034,-0.690257012844086,9.23652362823486,0.289635986089706,-1.18903195858002,1.78354799747467,-1118.70007324219,8.70000076293945,-928.500061035156,-1.08232046570984,-0.162042365910321,0.0764566189434131,ST
281.933333333333,-1.17594909667969,-0.806296706199646,9.35256385803223,0.289635986089706,-1.55488801002502,1.92836594581604,-1121.10009765625,3.30000019073486,-918.900024414062,-1.08589327102707,-0.130223535465464,0.0832819572066384,ST
281.966666666667,-0.391185492277145,-0.724351167678833,9.26284217834473,0.320124000310898,-2.01982998847961,2.0731840133667,-1121.10009765625,4.5,-928.500061035156,-1.09139543019494,-0.0572759655732167,0.0784130491505224,ST
282.0,-0.415111213922501,-0.637022256851196,9.341796875,0.617381989955902,-1.91312193870544,2.21800184249878,-1130.70007324219,7.50000047683716,-926.100036621094,-1.09720704394291,-0.0444822710094473,0.0691484190182339,ST
282.033333333333,0.129198879003525,-0.659153580665588,9.43331241607666,0.823175966739655,-2.09605002403259,1.89025592803955,-1118.70007324219,11.1000003814697,-916.500061035156,-1.1021409679018,0.0060871256178043,0.0684508532478356,ST
282.066666666667,0.401353925466537,-0.586180090904236,9.63309288024902,0.411587983369827,-1.58537602424622,1.62348592281342,-1133.10009765625,8.70000076293945,-926.100036621094,-1.10634108159252,0.0377563347579565,0.0615405467447819,ST
282.1,0.501243829727173,-0.781174719333649,9.26284217834473,0.106707997620106,-1.12805593013763,1.6920839548111,-1130.70007324219,7.50000047683716,-923.700012207031,-1.11150175934072,0.0524244741380239,0.0800659462856797,ST
282.133333333333,-0.925925314426422,-0.683677434921265,10.0224838256836,0.114329993724823,0.190549999475479,2.03507399559021,-1130.70007324219,11.7000007629395,-916.500061035156,-1.11649290469072,-0.0665216802596321,0.0700069210175629,ST
282.166666666667,-1.63412654399872,-0.830222427845001,10.868257522583,0.518296003341675,1.21189796924591,1.75305998325348,-1133.10009765625,1.5,-914.100036621094,-1.12009011314004,-0.136911930967469,0.0741535233064502,ST
282.2,-1.59943425655365,-0.488682806491852,10.5315036773682,0.87652999162674,0.175305992364883,1.03659200668335,-1125.90002441406,7.50000047683716,-918.900024414062,-1.12548985074587,-0.14814365132695,0.0505496234440359,ST
282.233333333333,-1.70410931110382,-0.546702682971954,10.266526222229,0.701223969459534,-0.914639949798584,0.716467976570129,-1121.10009765625,3.30000019073486,-914.100036621094,-1.12682839582056,-0.159788513781615,0.0515200208720932,ST
282.266666666667,-1.99121797084808,-0.251220047473907,9.35495567321777,0.579271972179413,-0.975615978240967,0.586893975734711,-1137.90002441406,14.1000003814697,-918.900024414062,-1.13168421283359,-0.198269662670521,0.0308975716814436,ST
282.3,-1.76571810245514,-0.193200185894966,9.58703517913818,0.533540010452271,0.335367977619171,1.82927989959717,-1133.10009765625,8.70000076293945,-923.700012207031,-1.13772616308468,-0.185531294742584,0.0208003545498005,ST
282.333333333333,-1.47681498527527,-0.292491912841797,9.1031379699707,0.472563982009888,0.419209986925125,1.78354799747467,-1130.70007324219,7.50000047683716,-926.100036621094,-1.14016250290388,-0.166395786557992,0.0287611385499075,ST
282.366666666667,-1.43913197517395,-0.0699827298521996,8.56779956817627,0.541162014007568,0.472563982009888,1.44055795669556,-1125.90002441406,8.70000076293945,-923.700012207031,-1.14625041398842,-0.167113864991693,0.0109706093043822,ST
282.4,-1.59584546089172,-0.0502440109848976,9.31248760223389,0.6250039935112,0.289635986089706,1.34147191047668,-1130.70007324219,9.90000057220459,-928.500061035156,-1.15019207907483,-0.169679204740188,0.0051675589555302,ST
282.433333333333,-1.31531643867493,-0.249425619840622,9.4315185546875,0.0304879993200302,-0.548784017562866,0.754577994346619,-1121.10009765625,11.7000007629395,-918.900024414062,-1.14929039693117,-0.144056831098221,0.0219664482173653,ST
282.466666666667,-1.21243584156036,-0.22968690097332,9.51884746551514,-0.617381989955902,-1.03659200668335,0.190549999475479,-1128.30004882812,11.7000007629395,-921.300048828125,-1.14962771497046,-0.12872223743185,0.024511196715495,ST
282.5,-1.10776078701019,0.110656447708607,9.65163516998291,-0.541162014007568,-0.632625997066498,-0.0838419944047928,-1125.90002441406,9.30000019073486,-923.700012207031,-1.1530219573696,-0.116311559535489,-0.0034550678683865,ST
282.533333333333,-0.907981038093567,-0.209948182106018,9.52602481842041,-0.175305992364883,0.0076219998300075,0.304879993200302,-1121.10009765625,11.7000007629395,-930.900024414062,-1.15154307458307,-0.0990699873945878,0.0174115177911531,ST
282.566666666667,-0.837998330593109,-0.260790348052979,9.26942157745361,-0.480185985565186,0.381099998950958,-0.114329993724823,-1125.90002441406,6.30000019073486,-916.500061035156,-1.15046561872389,-0.0923570662856589,0.0267910630008566,ST
282.6,-0.605918824672699,-0.221911042928696,9.28557109832764,-1.01372599601746,-0.37347799539566,-0.594515979290009,-1118.70007324219,10.5,-918.900024414062,-1.14931178291413,-0.0694420368200692,0.0259274570597384,ST
282.633333333333,-0.156115308403969,-0.129797026515007,9.26164531707764,-0.99848198890686,-1.2500079870224,-1.00610399246216,-1118.70007324219,12.3000001907349,-923.700012207031,-1.14755330486022,-0.0256793620407472,0.0178563947608478,ST
282.666666666667,0.442625790834427,-0.446812808513641,8.61505317687988,-0.907018005847931,-1.56251001358032,-1.18903195858002,-1130.70007324219,8.70000076293945,-926.100036621094,-1.14509130558194,0.0379888529029263,0.0461968085966628,ST
282.7,0.0364867225289345,-0.192003890872002,8.79150581359863,-0.663114011287689,-1.56251001358032,-1.70732796192169,-1128.30004882812,5.10000038146973,-906.900024414062,-1.14077893134096,0.0132232905520083,0.0276175656341779,ST
282.733333333333,-0.565843224525452,-0.369054228067398,9.70965480804443,-0.647870004177094,-1.2423859834671,-1.09756803512573,-1137.90002441406,12.9000005722046,-909.300048828125,-1.13815424761521,-0.0428035860357057,0.0369752753562487,ST
282.766666666667,-0.495262384414673,-0.868503570556641,9.89807033538818,-1.07470202445984,-0.861285984516144,-0.983237981796265,-1130.70007324219,10.5,-916.500061035156,-1.13405864725465,-0.0472330424914811,0.0800943827717638,ST
282.8,-0.753660142421722,-0.925925314426422,9.55533409118652,-1.21951997280121,0.480185985565186,-1.54726600646973,-1137.90002441406,4.5,-928.500061035156,-1.12968598612038,-0.07254635251731,0.09511365972648,ST
282.833333333333,-1.52825534343719,-1.39486944675446,10.2820777893066,-1.13567793369293,0.983237981796265,-1.35671591758728,-1145.10009765625,3.90000009536743,-911.700012207031,-1.12318463906519,-0.132503304322337,0.128595786829139,ST
282.866666666667,-1.32668113708496,-2.69882106781006,9.5804557800293,-2.66770005226135,0.632625997066498,-1.63872992992401,-1128.30004882812,8.10000038146973,-926.100036621094,-1.10408392616141,-0.133075943503953,0.249102497983898,ST
282.9,-1.51150727272034,-2.05402302742004,10.6930017471313,-2.4847719669342,0.3125019967556,-2.36281991004944,-1123.5,12.3000001907349,-928.500061035156,-1.10528308437691,-0.136710490961488,0.205650673690879,ST
282.933333333333,-1.47561872005463,-2.0432562828064,10.230637550354,-0.358233988285065,-0.152439996600151,-1.18140995502472,-1142.70007324219,9.30000019073486,-911.700012207031,-1.10366290189403,-0.139207995604332,0.199562272344559,ST
282.966666666667,-1.40085089206696,-1.97506809234619,9.63189601898193,1.11281192302704,-0.564027965068817,0.442075997591019,-1137.90002441406,8.70000076293945,-916.500061035156,-1.10448133835588,-0.140407751117887,0.200051085974842,ST
283.0,-1.45707631111145,-1.1538177728653,8.33691692352295,1.82165801525116,-0.198172003030777,0.945127964019775,-1137.90002441406,11.1000003814697,-930.900024414062,-1.11404957353401,-0.165153779684312,0.147432609914991,ST
283.033333333333,-1.60362136363983,-0.830820560455322,8.45235824584961,2.0731840133667,0.685979962348938,2.11129403114319,-1116.30004882812,12.3000001907349,-926.100036621094,-1.12566121613048,-0.184134828397091,0.103346962977782,ST
283.066666666667,-1.90329098701477,-0.808689296245575,8.64974594116211,1.37195992469788,0.0990860015153885,2.99544596672058,-1140.30004882812,12.3000001907349,-906.900024414062,-1.13387246493114,-0.20984992931153,0.0925131229112643,ST
283.1,-2.16587567329407,-0.625059425830841,9.01461315155029,0.396344006061554,0.442075997591019,2.69056582450867,-1128.30004882812,11.1000003814697,-921.300048828125,-1.14397938408017,-0.231041639543588,0.0725516372169883,ST
283.133333333333,-1.53782558441162,-0.558067381381989,10.8515100479126,0.670735955238342,-0.198172003030777,2.95733594894409,-1121.10009765625,6.90000009536743,-935.700012207031,-1.15399275943371,-0.158800682519934,0.0539310557324559,ST
283.166666666667,-0.604722559452057,-0.777585864067078,10.0888776779175,1.04421401023865,-2.35519790649414,2.34757590293884,-1140.30004882812,7.50000047683716,-930.900024414062,-1.15745521233437,-0.0766279618907404,0.070531207741836,ST
283.2,0.247033044695854,-0.400755792856216,8.30461692810059,0.792688012123108,-1.98934197425842,0.83841997385025,-1137.90002441406,12.9000005722046,-918.900024414062,-1.16047370162442,0.0157836473157124,0.0505674584778941,ST
283.233333333333,-0.441429525613785,-0.16269488632679,9.51705265045166,1.04421401023865,0.121951997280121,0.777444005012512,-1135.5,10.5,-923.700012207031,-1.16262104243657,-0.0354510083287234,0.0215609296335238,ST
283.266666666667,-0.766221165657043,-0.494066089391708,8.66051197052002,1.34909391403198,1.265251994133,1.47104597091675,-1142.70007324219,11.1000003814697,-914.100036621094,-1.16421820262299,-0.0793287319351774,0.0478091844068982,ST
283.3,-1.29797029495239,-0.538926839828491,9.68154239654541,0.716467976570129,1.76830399036407,0.907018005847931,-1125.90002441406,9.90000057220459,-928.500061035156,-1.16540339340873,-0.124753102619654,0.0529047645663961,ST
283.333333333333,-1.12331247329712,-0.468944102525711,10.6995811462402,0.457319974899292,0.320124000310898,0.739333987236023,-1118.70007324219,14.7000007629395,-916.500061035156,-1.16787038934837,-0.109079172084679,0.0448799290568556,ST
283.366666666667,-0.380418926477432,-0.827231705188751,9.48774337768555,0.708845973014832,-1.01372599601746,0.83841997385025,-1125.90002441406,5.10000038146973,-911.700012207031,-1.16717139631428,-0.0525498851495396,0.0774452039828907,ST
283.4,0.0927121639251709,-1.37273812294006,9.18508338928223,0.0152439996600151,-0.533540010452271,0.259148001670837,-1128.30004882812,9.30000019073486,-902.100036621094,-1.16635064655884,-0.0019459576501892,0.134028861369069,ST
283.433333333333,-0.275145769119263,-1.30873680114746,9.42374229431152,-0.304879993200302,-0.0152439996600151,-1.00610399246216,-1125.90002441406,2.70000004768372,-928.500061035156,-1.16374148270424,-0.0244392532595274,0.137845083489724,ST
283.466666666667,-0.407933503389359,-1.13228464126587,8.512770652771,0.0076219998300075,0.403965979814529,-0.99848198890686,-1133.10009765625,13.5000009536743,-914.100036621094,-1.16134693204709,-0.0437380506627105,0.133283074529418,ST
283.5,-1.0856294631958,-0.812278151512146,9.10852146148682,0.274392008781433,-0.121951997280121,0.0228659994900227,-1125.90002441406,7.50000047683716,-935.700012207031,-1.16416396496259,-0.105496908310684,0.0960378333304298,ST
283.533333333333,-1.70769822597504,-0.397166937589645,10.5769624710083,0.434453994035721,-0.952749967575073,0.792688012123108,-1128.30004882812,12.3000001907349,-921.300048828125,-1.17214462450898,-0.148372830433175,0.0479497622103566,ST
283.566666666667,-0.839194595813751,-0.389989227056503,10.6983852386475,1.30336201190948,0.0533539988100529,1.79879200458527,-1130.70007324219,6.30000019073486,-918.900024414062,-1.17724609316928,-0.0925445175661537,0.0366633634722909,ST
283.6,-0.601133704185486,-0.126806303858757,11.1380205154419,1.61586391925812,-0.0914639979600906,0.632625997066498,-1125.90002441406,6.90000009536743,-930.900024414062,-1.18015019880887,-0.0615943234130924,0.0141565810702635,ST
283.633333333333,-1.10716259479523,0.565843224525452,10.3125829696655,1.83690190315247,-0.609759986400604,-0.647870004177094,-1133.10009765625,5.70000028610229,-916.500061035156,-1.1828605272838,-0.0968810335929964,-0.0433317381442426,ST
283.666666666667,-1.55576992034912,0.15312460064888,8.38596439361572,1.44817996025085,1.41769194602966,-0.282013982534409,-1133.10009765625,6.90000009536743,-933.300048828125,-1.17921099952242,-0.171854506379246,-0.0243326063392138,ST
283.7,-1.54320883750916,-0.0299071483314037,8.34947776794434,-0.297257989645004,1.31098401546478,-0.495429992675781,-1128.30004882812,9.90000057220459,-911.700012207031,-1.17404577581246,-0.182711055814237,-0.0008536175148977,ST
283.733333333333,-1.96131074428558,-0.224901750683784,8.87105846405029,-0.724089980125427,1.13567793369293,0.152439996600151,-1123.5,2.70000004768372,-916.500061035156,-1.17035517612838,-0.212530450916347,0.0213324682398845,ST
283.766666666667,-1.56354570388794,-0.613694667816162,9.17730808258057,-0.632625997066498,0.884151995182037,0.495429992675781,-1106.70007324219,6.30000019073486,-911.700012207031,-1.16430396885006,-0.177135164230819,0.060004349530541,ST
283.8,-1.58866775035858,-0.700425446033478,9.40579795837402,-0.739333987236023,0.518296003341675,0.137196004390717,-1106.70007324219,7.50000047683716,-928.500061035156,-1.16268270654096,-0.169675006678078,0.0724538157856184,ST
283.833333333333,-1.59285473823547,-0.741099119186401,10.1385231018066,-0.609759986400604,0.0457319989800453,-0.274392008781433,-1113.90002441406,9.30000019073486,-926.100036621094,-1.16206647433171,-0.158333304111133,0.0737769734387665,ST
283.866666666667,-0.949252903461456,-1.05512416362762,9.31727313995361,-1.15092194080353,-1.2576299905777,-0.556405961513519,-1118.70007324219,11.1000003814697,-926.100036621094,-1.15700593617438,-0.110661059504494,0.106635664840583,ST
283.9,-0.952841758728027,-0.980954468250275,9.5026969909668,-1.2576299905777,-1.29574000835419,-0.525918006896973,-1111.5,3.90000009536743,-926.100036621094,-1.15653659604312,-0.0996454242542882,0.105414478976668,ST
283.933333333333,-0.78476357460022,-0.987534046173096,9.45484638214111,-0.952749967575073,-0.922261953353882,-0.228659987449646,-1125.90002441406,15.9000005722046,-916.500061035156,-1.15641495619983,-0.0845351648269294,0.105684772928196,ST
283.966666666667,-0.136974737048149,-0.932504892349243,9.23652362823486,-0.967993974685669,-1.42531394958496,0.0304879993200302,-1128.30004882812,15.3000001907349,-918.900024414062,-1.1571009945314,-0.0268451166603735,0.102980332584984,ST
284.0,0.192602038383484,-0.664536833763123,10.1169900894165,-0.792688012123108,-2.56861400604248,0.419209986925125,-1116.30004882812,15.9000005722046,-926.100036621094,-1.15883229802877,0.0138685294623639,0.0738130570402867,ST
284.033333333333,1.09400343894958,-1.03000223636627,9.97164154052734,-1.15854394435883,-3.49087595939636,0.594515979290009,-1130.70007324219,15.3000001907349,-918.900024414062,-1.16209148239193,0.0943304174488291,0.0987264372098526,ST
284.066666666667,1.22619307041168,-0.982150733470917,9.75571155548096,-0.92988395690918,-2.9116039276123,0.0457319989800453,-1130.70007324219,6.30000019073486,-916.500061035156,-1.1629154355827,0.122378757866839,0.101361175144694,ST
284.1,-0.0035888578277081,-1.15262150764465,9.53798770904541,0.327746003866196,-1.64635193347931,-0.419209986925125,-1145.10009765625,18.9000015258789,-916.500061035156,-1.1635159781844,0.0267681284615985,0.115989725427602,ST
284.133333333333,-1.69872605800629,-1.10596632957458,10.1528787612915,1.53964400291443,0.396344006061554,-0.983237981796265,-1135.5,14.1000003814697,-921.300048828125,-1.1613860356861,-0.126362125096874,0.108034742812006,ST
284.166666666667,-1.80100846290588,-0.812876284122467,9.25626277923584,1.55488801002502,0.846041977405548,-1.07470202445984,-1133.10009765625,10.5,-923.700012207031,-1.16098505222154,-0.179356846527406,0.0898549777580001,ST
284.2,-2.29447650909424,-0.888840436935425,9.30889892578125,1.10518991947174,1.40244793891907,-0.342989981174469,-1137.90002441406,8.70000076293945,-923.700012207031,-1.15882919597092,-0.230153072130971,0.092714164667514,ST
284.233333333333,-2.23167133331299,-1.46425402164459,10.5823450088501,-0.144817993044853,1.31098401546478,-0.419209986925125,-1125.90002441406,10.5,-928.500061035156,-1.14969273989763,-0.212595234267534,0.128895054358088,ST
284.266666666667,-1.34342908859253,-1.13647162914276,9.71264553070068,-0.632625997066498,-0.350611984729767,-1.20427596569061,-1133.10009765625,9.90000057220459,-918.900024414062,-1.14893390844666,-0.151152016656553,0.120122583209593,ST
284.3,-1.01744115352631,-1.41161739826202,8.11680030822754,0.602137982845306,0.564027965068817,-1.92074394226074,-1130.70007324219,12.9000005722046,-911.700012207031,-1.13781931014659,-0.128033610262565,0.163003519925606,ST
284.333333333333,-2.04385447502136,-1.48399269580841,9.35316181182861,0.807931959629059,2.17989206314087,-1.41006994247437,-1125.90002441406,17.7000007629395,-923.700012207031,-1.13417184124601,-0.200203877491481,0.15768416869591,ST
284.366666666667,-2.13836121559143,-0.899008870124817,10.0787086486816,0.685979962348938,0.518296003341675,-0.769822001457214,-1118.70007324219,12.3000001907349,-906.900024414062,-1.14351112523928,-0.20759359718602,0.0997670172421981,ST
284.4,-1.08024621009827,-1.01803934574127,9.50090312957764,0.87652999162674,-1.37958192825317,1.11281192302704,-1123.5,12.3000001907349,-918.900024414062,-1.14538201657924,-0.12882489682406,0.103951514789311,ST
284.433333333333,-0.237462759017944,-1.15920102596283,9.49372482299805,0.594515979290009,-2.27135586738586,1.32622802257538,-1125.90002441406,11.7000007629395,-926.100036621094,-1.14774243113618,-0.0428649771478422,0.117019102331803,ST
284.466666666667,-0.199779748916626,-0.805698573589325,8.1843900680542,0.899396002292633,-1.59299790859222,1.02134799957275,-1128.30004882812,12.3000001907349,-928.500061035156,-1.15097134435651,-0.0259738102873975,0.100629333591903,ST
284.5,-0.501841962337494,-0.949851036071777,8.74305534362793,0.754577994346619,1.12043392658234,0.609759986400604,-1118.70007324219,12.3000001907349,-923.700012207031,-1.15183910629357,-0.0523868891112689,0.105603894845458,ST
284.533333333333,-0.915158748626709,-0.907382905483246,8.89019870758057,0.548784017562866,0.609759986400604,0.685979962348938,-1121.10009765625,8.10000038146973,-921.300048828125,-1.15354561366387,-0.0941480160355455,0.101552922646477,ST
284.566666666667,-1.22918379306793,-1.11792922019958,8.82500171661377,0.556405961513519,0.846041977405548,0.617381989955902,-1121.10009765625,9.30000019073486,-918.900024414062,-1.15249828796837,-0.131387553263076,0.120984902542963,ST
284.6,-1.66702449321747,-0.986935913562775,10.4848480224609,0.609759986400604,0.716467976570129,0.815553963184357,-1128.30004882812,11.1000003814697,-926.100036621094,-1.15717701296357,-0.152949267664568,0.0983392730690457,ST
284.633333333333,-1.287801861763,-0.933701157569885,10.8407430648804,0.907018005847931,-1.30336201190948,1.48628997802734,-1123.5,6.90000009536743,-911.700012207031,-1.16248887716128,-0.122010536442249,0.0863757626027621,ST
284.666666666667,0.238659039139748,-1.07725548744202,8.79449653625488,0.663114011287689,-1.86738991737366,1.05183601379395,-1113.90002441406,10.5,-911.700012207031,-1.1635427822214,-0.0007315982167661,0.11377949944458,ST
284.7,0.773997008800507,-1.40324342250824,8.29624271392822,-0.304879993200302,-1.35671591758728,0.236281991004944,-1125.90002441406,8.70000076293945,-916.500061035156,-1.16616334072976,0.0760134162899904,0.157753179260733,ST
284.733333333333,0.172863319516182,-1.13647162914276,8.79389762878418,-0.0152439996600151,-1.03659200668335,-0.0304879993200302,-1125.90002441406,12.3000001907349,-914.100036621094,-1.16517369936217,0.0316830274206567,0.134086819951437,ST
284.766666666667,0.0263182912021875,-0.904990315437317,9.11390399932861,0.983237981796265,-1.37958192825317,0.579271972179413,-1118.70007324219,11.1000003814697,-921.300048828125,-1.16630565919726,0.0105018970132998,0.104694519881729,ST
284.8,-0.699827253818512,-0.785361707210541,8.14551067352295,2.30184388160706,-1.32622802257538,1.61586391925812,-1133.10009765625,7.50000047683716,-918.900024414062,-1.17080662819384,-0.0675057419666374,0.094109846501853,ST
284.833333333333,-1.56474196910858,-0.928317904472351,8.59950160980225,2.16464805603027,-0.152439996600151,1.47866797447205,-1125.90002441406,12.3000001907349,-933.300048828125,-1.17282652536918,-0.156426056306968,0.101506883800946,ST
284.866666666667,-2.08452820777893,-0.727341830730438,9.89747142791748,1.55488801002502,-0.541162014007568,0.579271972179413,-1128.30004882812,12.3000001907349,-923.700012207031,-1.1779580590432,-0.196152126467581,0.0767527690032613,ST
284.9,-2.11862230300903,-0.0269164331257343,12.4240274429321,0.228659987449646,-3.65093803405762,0.67835795879364,-1133.10009765625,7.50000047683716,-921.300048828125,-1.19071494468737,-0.169421064064953,0.0166483079668342,ST
284.933333333333,-0.516197383403778,-0.378624498844147,10.2581520080566,0.46494197845459,-3.70429182052612,1.15854394435883,-1154.70007324219,8.70000076293945,-911.700012207031,-1.19175136328549,-0.0662839366753222,0.0324920626419813,ST
284.966666666667,0.219518467783928,-0.485692083835602,10.6618986129761,0.190549999475479,-0.846041977405548,0.92988395690918,-1152.30004882812,5.70000028610229,-916.500061035156,-1.19384036477566,0.0071507897821245,0.0430454354253997,ST
285.0,0.741099119186401,-0.664536833763123,9.50449180603027,-0.160062000155449,-0.221037998795509,0.693601965904236,-1152.30004882812,8.70000076293945,-918.900024414062,-1.19628422777181,0.0644965522927012,0.0649801642783139,ST
285.033333333333,-0.144152462482452,-0.830820560455322,9.13842868804932,-0.25152599811554,0.327746003866196,-0.0152439996600151,-1140.30004882812,9.30000019073486,-916.500061035156,-1.19684647708113,2.24183007256256e-05,0.085840463248858,ST
285.066666666667,-0.486290246248245,-0.579600512981415,9.0493049621582,0.205793991684914,-0.213415995240211,0.144817993044853,-1137.90002441406,5.70000028610229,-911.700012207031,-1.19758376610449,-0.0424881846324754,0.0680872610542953,ST
285.1,-0.422288924455643,-0.625657558441162,8.56361293792725,0.221037998795509,-0.830797970294952,0.198172003030777,-1152.30004882812,4.5,-918.900024414062,-1.19799162194824,-0.0466651248245618,0.071629786714517,ST
285.133333333333,-0.724949300289154,-0.779978454113007,8.96855545043945,0.472563982009888,-0.541162014007568,0.670735955238342,-1142.70007324219,8.10000038146973,-918.900024414062,-1.1988827170453,-0.072885062985091,0.0829730527797937,ST
285.166666666667,-0.508421540260315,-1.09579789638519,9.28317928314209,0.259148001670837,-0.830797970294952,0.693601965904236,-1142.70007324219,5.10000038146973,-911.700012207031,-1.19894754669302,-0.0563594573370658,0.111262988765914,ST
285.2,-0.391783654689789,-1.00069320201874,10.7229089736938,0.106707997620106,-1.34147191047668,0.342989981174469,-1152.30004882812,11.7000007629395,-921.300048828125,-1.20082150794602,-0.0380681999137289,0.0961200562277107,ST
285.233333333333,0.0239257179200649,-0.924130916595459,10.4441747665405,0.594515979290009,-1.79117000102997,0.525918006896973,-1152.30004882812,3.30000019073486,-923.700012207031,-1.20262384641421,-0.002432171182722,0.0887940240202427,ST
285.266666666667,0.22968690097332,-0.983945190906525,9.42792987823486,0.685979962348938,-0.716467976570129,0.350611984729767,-1157.10009765625,8.70000076293945,-909.300048828125,-1.20372752576646,0.0201272454337527,0.100141774285958,ST
285.3,0.409727931022644,-0.852353751659393,9.54516506195068,0.190549999475479,-0.358233988285065,0.0990860015153885,-1161.90002441406,1.5,-897.300048828125,-1.20379259640918,0.0394423822879586,0.0906510544930921,ST
285.333333333333,0.837998330593109,-0.560459971427917,9.10732460021973,-0.365855991840363,-1.88263392448425,-0.0076219998300075,-1142.70007324219,5.70000028610229,-914.100036621094,-1.20266538840846,0.0836961407501249,0.0678869271357193,ST
285.366666666667,0.654966533184052,-0.540721237659454,8.35844993591309,0.0228659994900227,-2.00458598136902,0.99848198890686,-1147.5,4.5,-902.100036621094,-1.20505438843895,0.0818736353995132,0.0653614056235789,ST
285.4,0.518589973449707,-1.28899812698364,8.23403644561768,-0.0838419944047928,-0.87652999162674,1.55488801002502,-1169.10009765625,6.30000019073486,-906.900024414062,-1.2145297206078,0.0667109029623719,0.139498248525895,ST
285.433333333333,0.824241042137146,-1.99660122394562,10.02308177948,-1.42531394958496,-1.50915598869324,0.0,-1157.10009765625,6.90000009536743,-906.900024414062,-1.21833831602024,0.0797936261601406,0.187104367354503,ST
285.466666666667,0.887046039104462,-1.95652568340302,11.776837348938,-1.00610399246216,-3.47563195228577,-0.411587983369827,-1173.90002441406,7.50000047683716,-918.900024414062,-1.21732322032627,0.0801747568274888,0.170578567244811,ST
285.5,0.995309889316559,-1.53363859653473,10.3550510406494,0.419209986925125,-3.20886182785034,-0.221037998795509,-1171.5,8.70000076293945,-899.700012207031,-1.21638305927715,0.0963208116697127,0.151235119926711,ST
285.533333333333,-0.257201462984085,-1.24473547935486,10.2485818862915,2.21800184249878,0.503051996231079,1.35671591758728,-1173.90002441406,0.900000035762787,-911.700012207031,-1.21826496889787,-0.0013584329258088,0.12394282369144,ST
285.566666666667,-1.04375946521759,-1.0916109085083,10.1977396011353,1.60824191570282,0.952749967575073,1.84452390670776,-1171.5,6.30000019073486,-904.500061035156,-1.22301512119381,-0.0851645073393612,0.107299470690804,ST
285.6,-0.994113624095917,-1.3201014995575,8.90933990478516,-0.266770005226135,1.20427596569061,1.91312193870544,-1159.5,7.50000047683716,-909.300048828125,-1.22402993923936,-0.10695236386619,0.139185081627014,ST
285.633333333333,-0.668723821640015,-1.49475932121277,8.74126148223877,-0.815553963184357,1.00610399246216,1.76068198680878,-1164.30004882812,5.10000038146973,-894.900024414062,-1.22547128397722,-0.0834281837445818,0.164229537043369,ST
285.666666666667,-0.74349170923233,-1.65924859046936,9.60557842254639,-0.495429992675781,0.533540010452271,1.74543797969818,-1152.30004882812,6.30000019073486,-899.700012207031,-1.22882913333704,-0.0787382809733365,0.170183492828722,ST
285.7,-0.164489313960075,-1.26028728485107,9.35734844207764,0.3125019967556,-0.46494197845459,1.60824191570282,-1159.5,11.1000003814697,-914.100036621094,-1.23446360451402,-0.0280480585523077,0.139806620512694,ST
285.733333333333,0.118432305753231,-0.800913453102112,9.23233699798584,0.777444005012512,-1.44817996025085,1.90549993515015,-1166.70007324219,3.90000009536743,-914.100036621094,-1.23994901036232,0.0072625620923573,0.0949289783269854,ST
285.766666666667,0.424681514501572,-0.919943869113922,8.04980850219727,0.442075997591019,-1.09756803512573,2.46190595626831,-1166.70007324219,12.9000005722046,-904.500061035156,-1.24643838645685,0.0449779942989723,0.109698900999231,ST
285.8,-0.0610105842351913,-0.829026162624359,8.82260894775391,0.282013982534409,0.503051996231079,1.84452390670776,-1166.70007324219,3.90000009536743,-906.900024414062,-1.25037044486779,0.0019969883967755,0.0963681665752556,ST
285.833333333333,-0.0717771574854851,-1.0054783821106,10.8903894424438,0.0304879993200302,0.129574000835419,1.58537602424622,-1164.30004882812,5.10000038146973,-904.500061035156,-1.25398294895151,-0.0052242114874123,0.0928843211883428,ST
285.866666666667,1.07306849956512,-1.24593186378479,9.94472503662109,0.236281991004944,-2.37806391716003,0.663114011287689,-1171.5,15.9000005722046,-904.500061035156,-1.25712702974638,0.0872629643775231,0.117938619109139,ST
285.9,0.600535571575165,-0.397166937589645,9.43570518493652,1.06708002090454,-1.69970595836639,1.02897000312805,-1173.90002441406,14.7000007629395,-894.900024414062,-1.25512925132261,0.070589592296274,0.055972012732756,ST
285.933333333333,0.406139075756073,-0.360680222511292,10.0266704559326,1.60824191570282,-0.426831990480423,2.33233189582825,-1159.5,5.70000028610229,-909.300048828125,-1.25968971732138,0.0469885795847802,0.0379236620790633,ST
285.966666666667,1.48758161067963,-0.665733098983765,8.41527366638184,1.28811800479889,-1.40244793891907,1.97409796714783,-1176.30004882812,10.5,-911.700012207031,-1.2684194462045,0.154831687839097,0.0704277302605155,ST
286.0,0.866111040115356,-0.931906759738922,6.84155941009521,-0.342989981174469,-0.663114011287689,1.50915598869324,-1164.30004882812,9.30000019073486,-909.300048828125,-1.27999982409589,0.130598019462563,0.125314337486868,ST
286.033333333333,-0.0825437307357788,-0.808689296245575,9.70187854766846,-0.701223969459534,0.670735955238342,1.44055795669556,-1161.90002441406,17.7000007629395,-909.300048828125,-1.28057039398393,0.0185057523619589,0.0927022655500824,ST
286.066666666667,0.10527316480875,-1.16099548339844,10.0679426193237,-0.472563982009888,-1.30336201190948,1.53202199935913,-1176.30004882812,7.50000047683716,-911.700012207031,-1.28466217409844,0.0136066183412971,0.11104508871451,ST
286.1,0.136974737048149,-1.29079258441925,11.5232238769531,-0.25152599811554,-1.96647596359253,1.57775402069092,-1169.10009765625,12.9000005722046,-909.300048828125,-1.28915372015463,0.0146964957556245,0.11186919327917,ST
286.133333333333,1.01744115352631,-1.02641332149506,10.1780004501343,-0.342989981174469,-2.37806391716003,1.18140995502472,-1173.90002441406,3.90000009536743,-916.500061035156,-1.29198325804286,0.0852228832862718,0.103418311199518,ST
286.166666666667,0.863718450069427,-0.605918824672699,10.2509746551514,0.716467976570129,-0.289635986089706,1.6768399477005,-1181.10009765625,11.7000007629395,-899.700012207031,-1.29294540105809,0.0844123534402292,0.067186266950025,ST
286.2,1.10118126869202,-0.321800917387009,9.40340518951416,1.6768399477005,0.868907988071442,2.080806016922,-1188.30004882812,10.5,-902.100036621094,-1.29524169539313,0.108695401386643,0.0388284308204859,ST
286.233333333333,1.41999137401581,-0.206359326839447,7.05090951919556,1.34909391403198,0.571649968624115,1.265251994133,-1188.30004882812,11.1000003814697,-911.700012207031,-1.2972005095833,0.179631193899975,0.029598396831092,ST
286.266666666667,0.0131591456010938,0.169274464249611,9.12287616729736,0.510673999786377,1.10518991947174,1.2500079870224,-1183.5,10.5,-914.100036621094,-1.29595002005927,0.0359655964977411,-0.0095300524058144,ST
286.3,-0.130395174026489,0.111254595220089,9.86876106262207,0.586893975734711,0.114329993724823,1.30336201190948,-1164.30004882812,8.10000038146973,-902.100036621094,-1.29894129432903,-0.0034345934831825,-0.0117245133661339,ST
286.333333333333,0.212938904762268,0.144152462482452,11.0734205245972,0.0533539988100529,-0.396344006061554,0.99848198890686,-1169.10009765625,9.30000019073486,-906.900024414062,-1.3012932980636,0.0155023827536921,-0.0128333777250278,ST
286.366666666667,-0.0771604403853416,-0.0819455906748772,11.8803157806396,0.426831990480423,-0.67835795879364,1.21951997280121,-1173.90002441406,12.3000001907349,-916.500061035156,-1.304210321562,-0.0011107165757668,0.0023317443883812,ST
286.4,-0.208153754472733,-0.388194799423218,11.8246879577637,0.769822001457214,0.701223969459534,0.198172003030777,-1173.90002441406,9.90000057220459,-902.100036621094,-1.30443972430638,-0.0152529733412582,0.0255961727199822,ST
286.433333333333,0.789548695087433,-0.34811919927597,10.5051851272583,-0.0228659994900227,0.297257989645004,-0.967993974685669,-1181.10009765625,11.1000003814697,-904.500061035156,-1.3023125771104,0.0564030888267905,0.0315882538125937,ST
286.466666666667,1.12989211082458,-0.470140367746353,8.53011703491211,-0.579271972179413,-0.396344006061554,-1.83690190315247,-1178.70007324219,11.1000003814697,-916.500061035156,-1.29969032477229,0.117023829399619,0.0508513581693015,ST
286.5,0.284716039896011,-0.363670915365219,8.51336860656738,-0.282013982534409,1.37195992469788,-1.51677799224854,-1159.5,12.9000005722046,-909.300048828125,-1.29548738273473,0.0484442883491103,0.0445644363409366,ST
286.533333333333,-0.401353925466537,-0.580198705196381,9.23712158203125,-0.213415995240211,1.60824191570282,-0.990859985351562,-1173.90002441406,16.5,-916.500061035156,-1.29308739045272,-0.0280948652261196,0.0595893250590508,ST
286.566666666667,-0.183629885315895,-0.653172135353088,9.77245998382568,-0.846041977405548,0.205793991684914,-1.37195992469788,-1169.10009765625,12.9000005722046,-911.700012207031,-1.28978153908071,-0.0207928567990402,0.0665223589226873,ST
286.6,1.29139065742493,-1.0054783821106,9.56310939788818,-2.25611186027527,-1.63110792636871,-1.97409796714783,-1159.5,11.1000003814697,-916.500061035156,-1.28674922137906,0.104828053077035,0.0999488536546131,ST
286.633333333333,1.11434030532837,-1.45229113101959,10.6080656051636,-2.37044191360474,-2.45428395271301,-1.77592599391937,-1161.90002441406,16.5,-906.900024414062,-1.28616310528743,0.107636727697586,0.131868856763403,ST
286.666666666667,1.22080981731415,-1.59524726867676,9.66180324554443,-2.15702605247498,-0.853663980960846,-2.02745199203491,-1166.70007324219,12.9000005722046,-902.100036621094,-1.28450439169427,0.122335440956606,0.159918907744493,ST
286.7,1.41101932525635,-1.36017715930939,9.64565372467041,-1.2576299905777,0.205793991684914,-1.47104597091675,-1183.5,11.7000007629395,-904.500061035156,-1.27885776959496,0.139547026487444,0.145568546772245,ST
286.733333333333,0.846970438957214,-1.43673944473267,9.4075927734375,0.274392008781433,0.137196004390717,-0.106707997620106,-1164.30004882812,11.7000007629395,-909.300048828125,-1.27916637301577,0.0988353616595654,0.14994849866944,ST
286.766666666667,0.0376830063760281,-1.37931764125824,8.08988380432129,0.487807989120483,0.602137982845306,-0.388722002506256,-1176.30004882812,12.3000001907349,-911.700012207031,-1.27895560361054,0.0206860455532156,0.164779580707719,ST
286.8,-1.09340536594391,-1.23815596103668,9.46441650390625,1.21189796924591,2.72867584228516,0.0228659994900227,-1161.90002441406,9.90000057220459,-926.100036621094,-1.27899249975888,-0.0905830404020064,0.135497833590968,ST
286.833333333333,-1.14723825454712,-1.3900842666626,10.4639129638672,0.87652999162674,2.22562384605408,-0.152439996600151,-1169.10009765625,11.7000007629395,-916.500061035156,-1.2781210345711,-0.107994913299935,0.131548959606871,ST
286.866666666667,-0.96958976984024,-1.34283101558685,9.7898063659668,0.304879993200302,0.106707997620106,0.175305992364883,-1166.70007324219,8.10000038146973,-904.500061035156,-1.278068879882,-0.0999245081059551,0.134957947675474,ST
286.9,-0.885849714279175,-1.28241848945618,10.5679903030396,0.381099998950958,-0.358233988285065,0.937505960464478,-1154.70007324219,14.7000007629395,-902.100036621094,-1.28142030510123,-0.0858946732674191,0.122787529596617,ST
286.933333333333,0.424681514501572,-1.24952065944672,9.71683216094971,1.18903195858002,-0.807931959629059,0.724089980125427,-1169.10009765625,9.90000057220459,-916.500061035156,-1.28330077025685,0.0226407083392197,0.125319557875283,ST
286.966666666667,0.473729223012924,-0.817063271999359,8.72092437744141,2.29422187805176,-0.815553963184357,0.891773998737335,-1147.5,11.7000007629395,-918.900024414062,-1.28482638517709,0.0494613572415698,0.0958884291216273,ST
287.0,0.577806115150452,-0.904990315437317,7.2363338470459,2.0731840133667,0.510673999786377,1.84452390670776,-1166.70007324219,9.30000019073486,-909.300048828125,-1.29088906686679,0.0730653377265074,0.116774408253743,ST
287.033333333333,0.107665732502937,-0.513804793357849,6.71056604385376,1.08994603157043,1.83690190315247,0.990859985351562,-1159.5,11.7000007629395,-904.500061035156,-1.29120940602584,0.0248323914489084,0.0830651956293663,ST
287.066666666667,-1.1538177728653,-0.178246602416039,9.4847526550293,0.594515979290009,1.6844619512558,1.85214591026306,-1154.70007324219,14.7000007629395,-899.700012207031,-1.29739097355946,-0.0974197830509883,0.0294031642257951,ST
287.1,-0.721360445022583,-0.620274245738983,11.2331247329712,0.868907988071442,-0.579271972179413,2.25611186027527,-1157.10009765625,9.30000019073486,-921.300048828125,-1.30085028999965,-0.0700973797731053,0.0485208955388978,ST
287.133333333333,-0.211742609739304,-0.311034351587296,11.3533515930176,1.57775402069092,-1.92836594581604,1.75305998325348,-1157.10009765625,11.7000007629395,-909.300048828125,-1.30580312107978,-0.0264167970264441,0.0293472702604709,ST
287.166666666667,1.24832439422607,-0.0837400183081627,9.94173431396484,1.87501192092896,-2.22562384605408,2.16464805603027,-1157.10009765625,9.30000019073486,-916.500061035156,-1.31036132466318,0.0973446131413952,0.0102522269137931,ST
287.2,1.94994604587555,-0.252416342496872,8.64077377319336,0.922261953353882,-1.70732796192169,0.335367977619171,-1169.10009765625,14.1000003814697,-918.900024414062,-1.31355272541965,0.19905614589713,0.0240809185574287,ST
287.233333333333,1.8847484588623,-0.128002598881721,8.33512210845947,-0.0990860015153885,-1.01372599601746,-0.960371971130371,-1164.30004882812,8.10000038146973,-909.300048828125,-1.30991313717577,0.219099827233458,0.0169740840980811,ST
287.266666666667,1.13946235179901,0.0640012994408607,7.20104312896729,-0.144817993044853,-0.381099998950958,-0.815553963184357,-1171.5,6.30000019073486,-914.100036621094,-1.30400357768281,0.169997509390803,-0.0037470758395566,ST
287.3,-0.405540943145752,-0.363072782754898,9.05588436126709,0.289635986089706,1.70732796192169,0.434453994035721,-1166.70007324219,12.9000005722046,-906.900024414062,-1.30789445725479,-0.0035753157657507,0.0308358264823939,ST
287.333333333333,-0.474327385425568,-0.620274245738983,11.4000072479248,-0.190549999475479,0.769822001457214,1.10518991947174,-1173.90002441406,12.3000001907349,-906.900024414062,-1.3100081168708,-0.0350100522274467,0.0498382538248545,ST
287.366666666667,0.830222427845001,-0.786558032035828,11.0297565460205,-0.716467976570129,-2.24848985671997,0.449698001146317,-1173.90002441406,12.9000005722046,-897.300048828125,-1.31168041438439,0.0596763221392921,0.0686671078276727,ST
287.4,0.453990519046783,-0.322997212409973,11.3563423156738,0.182927995920181,-0.693601965904236,0.327746003866196,-1169.10009765625,12.9000005722046,-906.900024414062,-1.31086366577913,0.0442434481594329,0.0349384912663507,ST
287.433333333333,-0.0197387188673019,-0.869699895381927,11.2761917114258,1.21189796924591,1.27287399768829,0.167683988809586,-1154.70007324219,12.3000001907349,-902.100036621094,-1.31196796235219,0.0057488947677639,0.0668171474586486,ST
287.466666666667,0.251220047473907,-0.465355217456818,8.71913051605225,0.868907988071442,1.79879200458527,-1.74543797969818,-1171.5,8.10000038146973,-918.900024414062,-1.30756284894302,0.0217678778652474,0.0547860926010381,ST
287.5,-0.726145565509796,0.118432305753231,8.75501823425293,0.518296003341675,1.51677799224854,-0.571649968624115,-1171.5,6.90000009536743,-914.100036621094,-1.30728463437955,-0.0637524673294126,-0.0003745703366213,ST
287.533333333333,-1.18133234977722,-0.0460570082068443,9.16953182220459,0.67835795879364,1.89025592803955,0.495429992675781,-1157.10009765625,6.30000019073486,-914.100036621094,-1.30797678549703,-0.117775069993109,0.0029156018381051,ST
287.566666666667,-1.38589727878571,0.221911042928696,9.73776721954346,0.853663980960846,2.90398192405701,0.602137982845306,-1169.10009765625,12.9000005722046,-923.700012207031,-1.31227933288848,-0.141884561514836,-0.0201080936179628,ST
287.6,-1.2238005399704,0.370848655700684,10.1977396011353,0.807931959629059,1.04421401023865,0.739333987236023,-1152.30004882812,6.90000009536743,-916.500061035156,-1.31589432998591,-0.124623017280946,-0.0349495308834442,ST
287.633333333333,0.126806303858757,-0.0496458671987057,8.94343376159668,-0.114329993724823,-0.434453994035721,0.259148001670837,-1161.90002441406,9.30000019073486,-935.700012207031,-1.31424697038498,-0.0132601197126599,-0.0024326644399692,ST
287.666666666667,0.118432305753231,0.142956167459488,9.74135684967041,-0.891773998737335,-0.746955990791321,-0.182927995920181,-1147.5,11.1000003814697,-916.500061035156,-1.31384176728404,0.0080726820241355,-0.010964649479393,ST
287.7,-0.310436189174652,-0.398961365222931,9.50808048248291,-0.221037998795509,0.495429992675781,0.541162014007568,-1147.5,18.3000011444092,-930.900024414062,-1.31471880714463,-0.0251124348775365,0.0315584349561731,ST
287.733333333333,-0.324193477630615,-0.51440292596817,8.36263656616211,-0.282013982534409,1.79117000102997,-0.243903994560242,-1128.30004882812,9.30000019073486,-911.700012207031,-1.31315521595823,-0.0388025614893643,0.0565205247641312,ST
287.766666666667,-0.584983825683594,-0.516197383403778,8.9954719543457,-0.221037998795509,1.63872992992401,-0.548784017562866,-1159.5,6.90000009536743,-906.900024414062,-1.31152091713127,-0.0627962928163561,0.0575609614605856,ST
287.8,-0.69863098859787,-0.61847984790802,10.9298667907715,-0.304879993200302,0.182927995920181,-0.6250039935112,-1149.90002441406,8.70000076293945,-916.500061035156,-1.31004318551796,-0.0637746666482677,0.0572056540169329,ST
287.833333333333,-0.25839775800705,-0.522178828716278,10.8174152374268,-0.0076219998300075,-0.983237981796265,-0.411587983369827,-1147.5,11.1000003814697,-926.100036621094,-1.30955556786743,-0.0304997646413247,0.0500726246624333,ST
287.866666666667,0.354698777198792,-0.511412262916565,10.2366189956665,0.0457319989800453,-1.6692179441452,-0.503051996231079,-1145.10009765625,9.90000057220459,-916.500061035156,-1.30858989765888,0.0238308860143135,0.0498830958339603,ST
287.9,1.29797029495239,-0.135180309414864,8.46013450622559,-0.617381989955902,-2.25611186027527,-0.510673999786377,-1157.10009765625,5.70000028610229,-923.700012207031,-1.3054921659518,0.129454274220438,0.0236973418614617,ST
287.933333333333,1.5802937746048,0.127404451370239,8.06835079193115,-0.762199997901917,-2.10367202758789,-0.0076219998300075,-1152.30004882812,9.30000019073486,-916.500061035156,-1.30050617420162,0.183445848280933,-0.0066983752986056,ST
287.966666666667,0.894821882247925,-0.0951047316193581,7.2447075843811,-0.46494197845459,-0.899396002292633,1.22714197635651,-1142.70007324219,12.3000001907349,-906.900024414062,-1.30624566733923,0.133740090222042,0.0109729288452559,ST
288.0,-1.01863753795624,-0.964206457138062,10.7558069229126,0.0076219998300075,1.22714197635651,1.45580196380615,-1159.5,5.70000028610229,-916.500061035156,-1.3122641384726,-0.0573650169578254,0.0760834033607611,ST
288.033333333333,-0.465953379869461,-1.48758161067963,11.6231145858765,-1.03659200668335,0.746955990791321,-0.754577994346619,-1152.30004882812,17.1000003814697,-918.900024414062,-1.30833752263952,-0.0442282990330665,0.118478201775889,ST
288.066666666667,-0.890036761760712,-1.28241848945618,11.7588930130005,-1.19665396213531,-0.0685980021953583,-2.30184388160706,-1166.70007324219,16.5,-923.700012207031,-1.3035879162783,-0.068422783437723,0.112481273563112,ST
288.1,-0.759043455123901,-1.20705246925354,10.9974565505981,-0.937505960464478,0.106707997620106,-2.18751406669617,-1145.10009765625,14.7000007629395,-906.900024414062,-1.29877916163073,-0.0682927751969985,0.1114717215039,ST
288.133333333333,-0.82065212726593,-1.27404451370239,8.98470592498779,0.106707997620106,1.82927989959717,-1.51677799224854,-1145.10009765625,11.7000007629395,-923.700012207031,-1.29264610996556,-0.0886055200301233,0.135664399336837,ST
288.166666666667,-0.571226537227631,-0.888242304325104,7.80157899856567,-0.0609759986400604,2.24848985671997,-1.84452390670776,-1135.5,9.30000019073486,-906.900024414062,-1.28888292906379,-0.0782174793958962,0.117436236921556,ST
288.2,-1.13647162914276,-0.70760315656662,8.92070388793945,0.129574000835419,1.64635193347931,-0.861285984516144,-1137.90002441406,10.5,-904.500061035156,-1.28947303192227,-0.119974931399036,0.0859964082631055,ST
288.233333333333,-0.358287632465363,-1.25729656219482,9.12586688995361,-0.655492007732391,-0.137196004390717,-0.495429992675781,-1135.5,14.1000003814697,-926.100036621094,-1.28486202907775,-0.0549751162130916,0.127665620019953,ST
288.266666666667,-0.0418700091540813,-1.39905643463135,9.33342266082764,-0.617381989955902,-1.42531394958496,-0.190549999475479,-1135.5,10.5,-918.900024414062,-1.28432202196629,-0.0126194855102801,0.145398970718526,ST
288.3,0.07656230032444,-1.31352198123932,8.89318943023682,0.335367977619171,-0.754577994346619,0.0457319989800453,-1133.10009765625,12.3000001907349,-911.700012207031,-1.28467368284255,0.0052887786742813,0.145922689594606,ST
288.333333333333,0.0364867225289345,-1.33086812496185,8.25377464294434,1.6615959405899,0.25152599811554,0.411587983369827,-1133.10009765625,12.9000005722046,-918.900024414062,-1.2855839265131,0.004117520575237,0.154743604233878,ST
288.366666666667,-0.591563403606415,-0.843979716300964,9.521240234375,2.46190595626831,-0.3125019967556,0.960371971130371,-1140.30004882812,9.90000057220459,-914.100036621094,-1.28899030172843,-0.0482362850155621,0.09834378609555,ST
288.4,-0.855344474315643,-0.628050148487091,9.49312686920166,2.27897787094116,-1.22714197635651,1.84452390670776,-1135.5,10.5,-906.900024414062,-1.29513550713816,-0.0802714184671164,0.0687930219456581,ST
288.433333333333,-1.84168219566345,-0.709397554397583,13.2739887237549,2.27135586738586,-0.358233988285065,2.65245604515076,-1145.10009765625,6.90000009536743,-914.100036621094,-1.30253973120791,-0.126471087410247,0.0526954709684142,ST
288.466666666667,-0.169274464249611,-0.334960073232651,11.3617258071899,1.82927989959717,-1.95123195648193,2.66007804870605,-1130.70007324219,3.90000009536743,-938.100036621094,-1.31060031162799,-0.0321894399928739,0.0307667756622298,ST
288.5,0.86790543794632,-0.387596637010574,8.97035026550293,1.58537602424622,-2.25611186027527,2.22562384605408,-1152.30004882812,12.9000005722046,-911.700012207031,-1.31613885392668,0.0734123959510196,0.0385838723493335,ST
288.533333333333,1.37871956825256,-0.231481328606606,6.05619764328003,1.00610399246216,-0.525918006896973,0.868907988071442,-1152.30004882812,11.7000007629395,-923.700012207031,-1.31827424659263,0.193952289964363,0.0370495168201776,ST
288.566666666667,0.244042336940765,-0.226696193218231,6.51916027069092,1.07470202445984,1.21189796924591,0.487807989120483,-1152.30004882812,17.7000007629395,-923.700012207031,-1.31929333058793,0.0619492329106556,0.0336180549088202,ST
288.6,-0.86192399263382,-0.11484345048666,9.2042236328125,0.967993974685669,0.259148001670837,0.861285984516144,-1137.90002441406,9.30000019073486,-918.900024414062,-1.32141434086336,-0.0659222399334972,0.0148557241587973,ST
288.633333333333,-1.98164761066437,0.053234726190567,12.5215253829956,1.40244793891907,-0.160062000155449,2.02745199203491,-1133.10009765625,11.1000003814697,-921.300048828125,-1.32751966368482,-0.138356250250103,-0.002638735309599,ST
288.666666666667,-0.535936117172241,-0.164489313960075,11.5010929107666,0.899396002292633,-1.12043392658234,1.99696397781372,-1135.5,8.70000076293945,-921.300048828125,-1.33105445847869,-0.0603744493473913,0.0099391103039581,ST
288.7,-0.268566191196442,-0.211742609739304,11.2355175018311,-0.121951997280121,-0.99848198890686,1.15092194080353,-1135.5,7.50000047683716,-928.500061035156,-1.33342095332409,-0.0298815029859504,0.0171575444273488,ST
288.733333333333,1.2297819852829,-0.278734624385834,9.186279296875,-1.50915598869324,-2.00458598136902,0.167683988809586,-1130.70007324219,8.10000038146973,-914.100036621094,-1.33425142317966,0.102848418383245,0.0297727520879336,ST
288.766666666667,1.4881796836853,-0.378624498844147,7.78602695465088,-1.40244793891907,-1.05945801734924,0.129574000835419,-1133.10009765625,12.9000005722046,-909.300048828125,-1.33653068235397,0.172792626736175,0.0467398578214194,ST
288.8,0.191405743360519,-0.461766362190247,8.58155727386475,-0.381099998950958,0.342989981174469,0.861285984516144,-1145.10009765625,9.30000019073486,-923.700012207031,-1.33912774891954,0.0503664651850848,0.0530582694244737,ST
288.833333333333,-0.375035643577576,-0.399559497833252,8.63897895812988,0.503051996231079,1.13567793369293,0.960371971130371,-1137.90002441406,7.50000047683716,-909.300048828125,-1.34114593871989,-0.0260714223451219,0.0468955775494018,ST
288.866666666667,-0.515001118183136,0.0035888578277081,8.89318943023682,0.457319974899292,0.457319974899292,0.701223969459534,-1137.90002441406,5.10000038146973,-921.300048828125,-1.34434294323698,-0.0528508395517154,0.0073562830728751,ST
288.9,-1.21363210678101,0.0209350045770407,9.75152492523193,0.442075997591019,0.518296003341675,0.800309956073761,-1125.90002441406,-0.300000011920929,-928.500061035156,-1.3467699168608,-0.110223904530349,-0.0009355230714029,ST
288.933333333333,-1.96131074428558,-0.266173630952835,12.5257120132446,0.289635986089706,1.39482593536377,0.472563982009888,-1125.90002441406,12.9000005722046,-911.700012207031,-1.34552397768006,-0.148155457563706,0.0162630079473541,ST
288.966666666667,-1.43554317951202,-0.550291538238525,11.2905464172363,-0.0,0.777444005012512,0.403965979814529,-1137.90002441406,1.5,-933.300048828125,-1.34278654596162,-0.131834282234262,0.0421098380950726,ST
289.0,-0.932504892349243,-0.321202784776688,10.4130706787109,-0.487807989120483,0.518296003341675,-0.67835795879364,-1130.70007324219,8.10000038146973,-906.900024414062,-1.34226469141749,-0.0985342640144549,0.0338865341210491,ST
289.033333333333,0.0657957270741463,-0.299071490764618,8.86447906494141,-0.823175966739655,-0.472563982009888,-1.12043392658234,-1125.90002441406,9.30000019073486,-928.500061035156,-1.33977048054983,-0.0132366538428416,0.0349757325329108,ST
289.066666666667,-0.148339450359344,-0.0538328662514687,6.98571157455444,-0.304879993200302,-0.0381099991500378,-0.708845973014832,-1140.30004882812,9.30000019073486,-928.500061035156,-1.3383719178068,-0.0198158412671893,0.012742462875382,ST
289.1,-0.172863319516182,-0.39238178730011,7.99059200286865,-0.37347799539566,1.63110792636871,-0.724089980125427,-1137.90002441406,12.9000005722046,-911.700012207031,-1.33585181097463,-0.0235883095289861,0.0431430400892649,ST
289.133333333333,-0.0346922911703587,-0.428868502378464,9.59301662445068,-0.480185985565186,0.160062000155449,-1.60061991214752,-1133.10009765625,6.30000019073486,-928.500061035156,-1.33213828585943,-0.0077600170051766,0.0450654125348762,ST
289.166666666667,0.273949474096298,-0.62147057056427,10.0200910568237,-0.868907988071442,-1.32622802257538,-1.80641400814056,-1123.5,3.90000009536743,-921.300048828125,-1.32823246493757,0.0222065675383399,0.0597219236906026,ST
289.2,-0.205163031816483,-0.646592557430267,10.2725076675415,-0.754577994346619,-0.564027965068817,-1.72257196903229,-1140.30004882812,8.70000076293945,-914.100036621094,-1.32436102985658,-0.0105057892389385,0.0632820653245392,ST
289.233333333333,-0.590965270996094,-0.593955993652344,10.294638633728,-0.0838419944047928,1.08232402801514,-1.37958192825317,-1140.30004882812,11.1000003814697,-933.300048828125,-1.32117195624226,-0.0492172462376661,0.0589656471294902,ST
289.266666666667,0.0699827298521996,-0.629246413707733,9.38426494598389,-0.914639949798584,0.243903994560242,-1.83690190315247,-1121.10009765625,11.7000007629395,-926.100036621094,-1.31676331797161,-0.0041486753952538,0.0666683449197507,ST
289.3,0.18482618033886,-0.747080564498901,9.34060096740723,-1.2423859834671,-0.670735955238342,-1.87501192092896,-1135.5,9.30000019073486,-926.100036621094,-1.31237115514725,0.0166249953515343,0.0792206519573515,ST
289.333333333333,-0.429466664791107,-1.09220910072327,9.08997917175293,-1.06708002090454,0.182927995920181,-1.60824191570282,-1133.10009765625,12.9000005722046,-921.300048828125,-1.30811286083845,-0.0355491089386513,0.113945154763573,ST
289.366666666667,-1.0276095867157,-1.52047944068909,10.6439542770386,-1.21951997280121,1.84452390670776,-1.47866797447205,-1130.70007324219,7.50000047683716,-926.100036621094,-1.30277054349693,-0.086251631100535,0.13847031109461,ST
289.4,-0.711192011833191,-1.32967185974121,9.74614143371582,-1.01372599601746,0.746955990791321,-1.84452390670776,-1130.70007324219,5.10000038146973,-923.700012207031,-1.29806801129969,-0.0751069310919356,0.137758623741417,ST
289.433333333333,-0.240453481674194,-1.23217451572418,8.94283580780029,-0.777444005012512,-0.198172003030777,-1.63110792636871,-1121.10009765625,11.1000003814697,-921.300048828125,-1.29448211729002,-0.0358063874952902,0.138282406324423,ST
289.466666666667,-0.236266478896141,-1.26806306838989,8.80406665802002,-0.236281991004944,-0.6250039935112,-0.739333987236023,-1118.70007324219,5.10000038146973,-928.500061035156,-1.29288315416378,-0.0274121348743769,0.14244414178222,ST
289.5,-1.69513714313507,-1.31292378902435,9.77604866027832,0.46494197845459,1.6920839548111,0.487807989120483,-1118.70007324219,10.5,-933.300048828125,-1.29402542856399,-0.143718193406858,0.134680074312887,ST
289.533333333333,-1.87218749523163,-0.904392182826996,10.7049646377563,0.449698001146317,2.27897787094116,-0.137196004390717,-1118.70007324219,4.5,-921.300048828125,-1.29932341789361,-0.169896734609125,0.0939402652910315,ST
289.566666666667,-1.17594909667969,-0.884055316448212,10.6074676513672,0.0228659994900227,0.236281991004944,0.434453994035721,-1128.30004882812,11.1000003814697,-933.300048828125,-1.30152720363283,-0.122474380473398,0.0852069769116545,ST
289.6,-0.270958751440048,-0.87986832857132,9.30650615692139,-0.106707997620106,-1.43293595314026,-0.0685980021953583,-1118.70007324219,5.70000028610229,-926.100036621094,-1.30105983004294,-0.045828866790034,0.0926032151184126,ST
289.633333333333,-0.532945394515991,-0.446214646100998,8.85311412811279,0.205793991684914,-0.914639949798584,-0.144817993044853,-1125.90002441406,5.70000028610229,-933.300048828125,-1.30261318650428,-0.0560536060886292,0.0580978555632754,ST
289.666666666667,-0.783567309379578,-0.436046212911606,9.1091194152832,0.78506600856781,0.266770005226135,0.266770005226135,-1116.30004882812,4.5,-923.700012207031,-1.30370333292506,-0.080123734960806,0.0487862056506683,ST
289.7,-0.546702682971954,-0.126806303858757,8.71494293212891,1.05945801734924,-0.137196004390717,0.472563982009888,-1121.10009765625,6.30000019073486,-933.300048828125,-1.30689263644983,-0.0654004392372917,0.0187028909682645,ST
289.733333333333,-0.256005197763443,-0.187218755483627,9.19525146484375,0.724089980125427,-0.67835795879364,0.205793991684914,-1123.5,0.300000011920929,-933.300048828125,-1.30729702358847,-0.0344602436012385,0.0190033300013599,ST
289.766666666667,-0.652574002742767,0.102282449603081,10.1851787567139,0.807931959629059,-1.05945801734924,0.144817993044853,-1111.5,10.5,-926.100036621094,-1.30866924854553,-0.0565568733455066,-0.0053148378101486,ST
289.8,-0.811081886291504,0.314623206853867,10.8024616241455,1.64635193347931,-1.15854394435883,0.0533539988100529,-1121.10009765625,3.30000019073486,-918.900024414062,-1.30985337663564,-0.0695984634316611,-0.0266113621968913,ST
289.833333333333,-0.0221312902867794,0.418101936578751,9.54636192321777,1.265251994133,-0.853663980960846,-0.274392008781433,-1113.90002441406,3.90000009536743,-930.900024414062,-1.30968260233588,-0.0147080103542491,-0.0420638571523423,ST
289.866666666667,-0.068188302218914,0.476719945669174,9.40460205078125,0.533540010452271,-0.510673999786377,-0.335367977619171,-1125.90002441406,5.10000038146973,-923.700012207031,-1.30892930348392,-0.0080570328827404,-0.0496558985983926,ST
289.9,-0.0478514358401299,0.623264968395233,9.40998554229736,-0.106707997620106,-0.403965979814529,-1.18903195858002,-1125.90002441406,2.10000014305115,-935.700012207031,-1.30622964623412,-0.0052104473542749,-0.062658358617606,ST
289.933333333333,-0.300267785787582,0.416307508945465,9.05468845367432,-0.403965979814529,-0.25152599811554,-1.57013201713562,-1113.90002441406,12.9000005722046,-923.700012207031,-1.30237329113808,-0.0272602865859606,-0.0487050926925125,ST
289.966666666667,-0.78476357460022,0.299669623374939,9.41417217254639,-0.320124000310898,0.182927995920181,-1.51677799224854,-1137.90002441406,0.900000035762787,-926.100036621094,-1.29824047729282,-0.0722060301512455,-0.0346632838885654,ST
290.0,-0.847568571567535,0.159704178571701,10.3018159866333,-0.990859985351562,0.350611984729767,-1.48628997802734,-1125.90002441406,8.10000038146973,-938.100036621094,-1.29373605487571,-0.0806283760536523,-0.0178209950625569,ST
290.033333333333,-0.407335370779037,0.47851437330246,10.0099229812622,-1.49391198158264,-1.06708002090454,-1.77592599391937,-1130.70007324219,4.5,-935.700012207031,-1.29119141787882,-0.0472848473194923,-0.0395177599219636,ST
290.066666666667,-0.431859225034714,0.510215938091278,9.41536808013916,-1.42531394958496,-1.36433792114258,-0.769822001457214,-1125.90002441406,8.10000038146973,-930.900024414062,-1.28987325243535,-0.0442252666127541,-0.0491522282482272,ST
290.1,-0.185424327850342,0.587974548339844,9.70965480804443,-1.2423859834671,-0.685979962348938,-0.891773998737335,-1128.30004882812,-0.300000011920929,-918.900024414062,-1.2880817016478,-0.0232436425428888,-0.056430848884885,TR
290.133333333333,0.287706762552261,0.130395174026489,8.08091163635254,-1.12043392658234,0.297257989645004,-0.556405961513519,-1128.30004882812,12.9000005722046,-930.900024414062,-1.28682920325444,0.0232838760950226,-0.0227089507877999,TR
290.166666666667,-0.19798532128334,0.104675017297268,9.62053108215332,-1.76830399036407,0.480185985565186,-1.87501192092896,-1123.5,11.7000007629395,-930.900024414062,-1.28217387236307,-0.0139551491217354,-0.0102858873757518,TR
290.2,-0.404942780733109,1.22080981731415,9.02597713470459,-0.815553963184357,-0.144817993044853,-2.79727387428284,-1118.70007324219,7.50000047683716,-928.500061035156,-1.27819449307983,-0.0387950674618158,-0.109529842998853,TR
290.233333333333,-1.37871956825256,0.760837852954865,10.354453086853,0.3125019967556,2.71343183517456,-1.95885396003723,-1137.90002441406,14.7000007629395,-930.900024414062,-1.27201526991027,-0.117248134883565,-0.0809096107711862,TR
290.266666666667,-1.29617583751678,0.645994424819946,10.6918058395386,0.0533539988100529,2.33995389938354,-2.37806391716003,-1125.90002441406,4.5,-926.100036621094,-1.26495515272284,-0.123272483185768,-0.0641847213136671,TR
290.3,-0.585581958293915,0.760239720344543,9.86517238616943,-1.63110792636871,-0.419209986925125,-3.98630595207214,-1123.5,7.50000047683716,-923.700012207031,-1.25685659442776,-0.0718392793075898,-0.0715977496335431,TR
290.333333333333,0.0705808699131012,0.921140193939209,8.79270172119141,-1.90549993515015,-0.960371971130371,-4.52746772766113,-1125.90002441406,12.9000005722046,-918.900024414062,-1.24738182988991,-0.0073281485288501,-0.0949594778875602,TR
290.366666666667,0.106469452381134,0.977963745594025,9.43809795379639,-0.83841997385025,0.0228659994900227,-4.29880809783936,-1123.5,14.1000003814697,-930.900024414062,-1.23752730549968,0.0068636107720116,-0.100427869820708,TR
290.4,0.227294325828552,0.748875021934509,10.4752779006958,0.388722002506256,0.762199997901917,-4.6341757774353,-1121.10009765625,4.5,-914.100036621094,-1.22607394419253,0.0176337607881431,-0.076610034538587,TR
290.433333333333,0.729734420776367,1.26088535785675,9.84782600402832,-0.571649968624115,-0.518296003341675,-6.2043080329895,-1128.30004882812,8.70000076293945,-923.700012207031,-1.20913739368576,0.0632270374624954,-0.117902702116229,TR
290.466666666667,0.327782362699509,1.16039741039276,11.1128978729248,-1.2500079870224,-0.129574000835419,-5.95278167724609,-1121.10009765625,4.5,-923.700012207031,-1.19471406031519,0.0342525865645917,-0.104909115736233,TR
290.5,1.10237753391266,0.399559497833252,9.88012599945068,-1.28049600124359,0.358233988285065,-6.07473373413086,-1113.90002441406,11.7000007629395,-916.500061035156,-1.1829670617023,0.0970746933336412,-0.0501385654506986,TR
290.533333333333,0.531749129295349,0.553282260894775,11.3001165390015,-1.08232402801514,1.69970595836639,-7.13419198989868,-1116.30004882812,9.30000019073486,-911.700012207031,-1.16523548128554,0.0523792029346326,-0.0482191838881725,TR
290.566666666667,0.464757084846497,0.246434897184372,10.6014862060547,-0.327746003866196,1.89025592803955,-7.35522985458374,-1111.5,5.70000028610229,-923.700012207031,-1.14938288324406,0.042541845802355,-0.0282690658305541,TR
290.6,-0.061608724296093,0.677695989608765,11.5722723007202,-0.175305992364883,1.51677799224854,-7.5076699256897,-1111.5,2.70000004768372,-921.300048828125,-1.13168327740652,0.0017291668549676,-0.0523175109603047,TR
290.633333333333,0.269762486219406,1.27763342857361,9.48415470123291,1.07470202445984,1.64635193347931,-7.31711959838867,-1092.30004882812,5.70000028610229,-914.100036621094,-1.11451175807853,0.0195612195039834,-0.119103835971936,TR
290.666666666667,-0.301464051008224,1.09519982337952,11.1386184692383,0.99848198890686,2.84300589561462,-6.93601989746094,-1089.90002441406,9.30000019073486,-916.500061035156,-1.09931438648052,-0.0225628732286417,-0.103555756507619,TR
290.7,0.699827253818512,1.12391066551208,10.2013282775879,0.175305992364883,0.731711983680725,-7.35522985458374,-1104.30004882812,7.50000047683716,-921.300048828125,-1.08155048054507,0.0497308755508461,-0.109188703720523,TR
290.733333333333,1.71367967128754,0.897214472293854,10.3311252593994,-0.518296003341675,-0.884151995182037,-7.61437797546387,-1097.10009765625,2.10000014305115,-923.700012207031,-1.06500839617282,0.142323315009647,-0.0915051235666997,TR
290.766666666667,2.39675879478455,1.01684308052063,10.4094820022583,-0.144817993044853,-0.457319974899292,-7.85065984725952,-1097.10009765625,5.70000028610229,-928.500061035156,-1.04540182023573,0.209098927476362,-0.0981992564135269,TR
290.8,1.54261076450348,0.399559497833252,10.4399871826172,0.731711983680725,1.59299790859222,-7.87352561950684,-1087.5,-0.300000011920929,-904.500061035156,-1.03552022240696,0.154759901850196,-0.0518011457243292,TR
290.833333333333,0.584385693073273,0.034094151109457,11.773247718811,0.228659987449646,2.31708788871765,-8.31560134887695,-1097.10009765625,6.90000009536743,-909.300048828125,-1.02088164003184,0.0672547982184481,-0.01406793026782,TR
290.866666666667,0.159704178571701,0.141161739826202,12.9168977737427,-0.25152599811554,2.74391984939575,-8.54426193237305,-1087.5,5.10000038146973,-926.100036621094,-0.999571641175973,0.0174100975749984,-0.0114692913757548,TR
290.9,0.715378999710083,0.405540943145752,11.5459537506104,0.525918006896973,3.04879999160767,-7.76681804656982,-1077.90002441406,-0.300000011920929,-916.500061035156,-0.981205912567284,0.0483746732779933,-0.0315001027593431,TR
290.933333333333,0.506028950214386,0.321800917387009,10.9424276351929,0.907018005847931,4.08539199829102,-7.11894798278809,-1082.70007324219,4.5,-914.100036621094,-0.96520486196673,0.0406252217208753,-0.0315050418569851,TR
290.966666666667,-0.595750391483307,0.840390861034393,10.6930017471313,1.95885396003723,4.85521411895752,-5.84607410430908,-1073.10009765625,2.10000014305115,-916.500061035156,-0.952364414793459,-0.0433620431877039,-0.0715504032555299,TR
291.0,-1.31830716133118,0.689060688018799,10.4734830856323,2.85062789916992,5.23631381988525,-4.88570165634155,-1061.10009765625,0.300000011920929,-921.300048828125,-0.941392472624963,-0.116267012627338,-0.0702595722367939,TR
291.033333333333,-0.836802005767822,0.851755619049072,8.85371208190918,2.29422187805176,5.10673999786377,-5.3506441116333,-1046.70007324219,2.70000004768372,-921.300048828125,-0.931770457613227,-0.105920802274067,-0.0935475771901126,TR
291.066666666667,-1.29079258441925,1.16458439826965,9.95010852813721,2.01982998847961,3.90246391296387,-4.61893177032471,-1027.5,0.300000011920929,-914.100036621094,-0.923768816965347,-0.13012541600933,-0.114276399046217,TR
291.1,-0.462962657213211,1.06230187416077,8.43441390991211,1.16616594791412,1.45580196380615,-5.03814172744751,-1029.90002441406,3.90000009536743,-918.900024414062,-0.913416818418738,-0.0725235918027828,-0.124104970013915,TR
291.133333333333,-1.41400992870331,1.10596632957458,8.84892749786377,1.79879200458527,2.10367202758789,-4.44362592697144,-1027.5,-1.5,-928.500061035156,-0.903680462809191,-0.143856611813733,-0.126083487196972,TR
291.166666666667,-1.55935871601105,0.680088579654694,9.43630313873291,1.33385002613068,2.74391984939575,-4.1311240196228,-1025.10009765625,-0.900000035762787,-921.300048828125,-0.888032271519905,-0.163829929698063,-0.0838692894101229,TR
291.2,-1.73999786376953,0.502440094947815,11.2905464172363,0.6250039935112,1.87501192092896,-4.19210004806519,-1017.90002441406,-2.70000004768372,-918.900024414062,-0.872446873708235,-0.157714804601312,-0.0510147295067133,TR
291.233333333333,-0.733921408653259,0.983945190906525,9.58583927154541,0.510673999786377,-0.137196004390717,-3.94057393074036,-1020.30004882812,1.5,-926.100036621094,-0.86842807910416,-0.0927579366673612,-0.0921221637968938,TR
291.266666666667,-0.73451954126358,0.525169551372528,10.1797952651978,1.13567793369293,0.907018005847931,-3.32319188117981,-1005.90002441406,1.5,-921.300048828125,-0.857827501080617,-0.0774997047424403,-0.0604528898259527,TR
291.3,-0.138171032071114,0.617283523082733,9.17790603637695,0.457319974899292,0.724089980125427,-4.01679372787476,-1013.10003662109,-5.10000038146973,-923.700012207031,-0.848956458866908,-0.0289740597567872,-0.0662090045456693,TR
291.333333333333,-0.160900458693504,0.894821882247925,9.27061748504639,1.22714197635651,0.426831990480423,-3.70429182052612,-1003.50006103516,-3.90000009536743,-930.900024414062,-0.841090631387704,-0.0206612074835132,-0.0917729164065716,TR
291.366666666667,0.180639177560806,0.999496877193451,9.60976505279541,1.6844619512558,0.121951997280121,-3.46038794517517,-1003.50006103516,3.30000019073486,-909.300048828125,-0.832261224656414,0.0118051035584246,-0.104263634156519,TR
291.4,-0.244640469551086,0.679490387439728,10.1044292449951,2.59148001670837,0.434453994035721,-3.27745985984802,-1005.90002441406,-0.900000035762787,-928.500061035156,-0.823790030071687,-0.0195352096323993,-0.0767471802996424,TR
291.433333333333,-1.66223931312561,0.739902853965759,11.8216972351074,2.5152599811554,2.04269599914551,-3.86435389518738,-1001.10003662109,-3.90000009536743,-923.700012207031,-0.813418373506876,-0.122637102502988,-0.0680639945079619,TR
291.466666666667,-1.07187223434448,1.22499680519104,10.2384128570557,1.60824191570282,1.55488801002502,-4.1997218132019,-989.100036621094,-3.30000019073486,-928.500061035156,-0.80820279165753,-0.10982061397764,-0.111643197604691,TR
291.5,-1.39128053188324,0.887644171714783,11.4753732681274,1.47866797447205,0.914639949798584,-3.83386588096619,-993.900024414062,-2.70000004768372,-921.300048828125,-0.795345927730118,-0.120384588009138,-0.0844825815237328,TR
291.533333333333,-1.20047295093536,0.495860517024994,10.378378868103,1.81403601169586,1.13567793369293,-4.77899408340454,-984.300048828125,5.10000038146973,-940.500061035156,-0.780445500634421,-0.118095140285331,-0.056472452512688,TR
291.566666666667,-1.03717994689941,0.0598142966628075,8.71853160858154,0.846041977405548,1.64635193347931,-5.51070594787598,-984.300048828125,0.900000035762787,-930.900024414062,-0.763050925058578,-0.120877131241539,-0.0171045971505987,TR
291.6,-2.12819266319275,0.910373628139496,9.78442287445068,0.868907988071442,1.08232402801514,-4.20734405517578,-979.500061035156,-1.5,-918.900024414062,-0.762840311792081,-0.196552887420551,-0.0774654163592859,TR
291.633333333333,-1.95353496074677,0.744089841842651,11.3485670089722,1.04421401023865,-0.0076219998300075,-1.90549993515015,-979.500061035156,-6.90000009536743,-902.100036621094,-0.756494532514102,-0.175616240677947,-0.0688456977051547,TR
291.666666666667,-0.619077980518341,0.293090045452118,8.86687183380127,1.2500079870224,-0.0685980021953583,-2.0731840133667,-974.700012207031,5.10000038146973,-914.100036621094,-0.747743950382652,-0.0910813398803448,-0.0415826045682531,TR
291.7,-1.24952065944672,0.341539651155472,10.2455911636353,0.746955990791321,0.449698001146317,-1.87501192092896,-981.900024414062,-3.30000019073486,-904.500061035156,-0.742709458676582,-0.115928299055567,-0.0357496288364789,TR
291.733333333333,-0.928916037082672,0.276940196752548,10.1433086395264,1.22714197635651,0.640248000621796,-1.92074394226074,-974.700012207031,-0.900000035762787,-916.500061035156,-0.737492387362365,-0.0972312247937711,-0.0304319532125176,TR
291.766666666667,-0.65735912322998,0.744089841842651,9.30231952667236,1.28049600124359,0.175305992364883,-2.03507399559021,-981.900024414062,-0.900000035762787,-902.100036621094,-0.736142951681208,-0.0761772270791168,-0.0714354291026073,TR
291.8,-0.946860313415527,0.553282260894775,9.25506591796875,1.47866797447205,-0.0381099991500378,-0.762199997901917,-981.900024414062,-4.5,-918.900024414062,-0.733459699358002,-0.0966331613371675,-0.0640424611232081,TR
291.833333333333,-0.295482635498047,0.221911042928696,9.13603591918945,1.02897000312805,0.861285984516144,-0.990859985351562,-957.900024414062,-3.30000019073486,-916.500061035156,-0.728664847971914,-0.0444288734686634,-0.0323448559709335,TR
291.866666666667,0.107665732502937,-0.0149535741657019,8.25975608825684,0.777444005012512,0.914639949798584,-2.24848985671997,-967.500061035156,1.5,-923.700012207031,-0.722904562193682,0.0001354849469883,-0.0061137476279692,TR
291.9,-1.11194777488708,-0.0622068680822849,9.38067626953125,1.17378795146942,0.632625997066498,-1.96647596359253,-955.500061035156,-4.5,-918.900024414062,-0.717215376805642,-0.100262364557395,0.0030960898028824,TR
291.933333333333,-0.669920146465302,-0.404344648122787,9.58583927154541,0.274392008781433,-0.0381099991500378,-1.31098401546478,-962.700012207031,-3.90000009536743,-909.300048828125,-0.711301338709374,-0.0754154696192099,0.0345268822978471,TR
291.966666666667,-0.398961365222931,0.0065795728005468,11.2265453338623,-0.106707997620106,-0.807931959629059,-0.868907988071442,-953.100036621094,-3.90000009536743,-914.100036621094,-0.71099570977372,-0.0424222501127097,0.0066896155852603,TR
292.0,-0.327782362699509,-0.343932211399078,10.5602140426636,0.990859985351562,-0.67835795879364,-0.236281991004944,-960.300048828125,-2.70000004768372,-899.700012207031,-0.709670601543904,-0.0323624333499766,0.0259760530574864,TR
292.033333333333,-0.36725977063179,-0.168676316738129,9.98061370849609,1.50915598869324,0.335367977619171,-0.518296003341675,-953.100036621094,-9.30000019073486,-923.700012207031,-0.708590968745495,-0.0364546108793751,0.0163818557579936,TR
292.066666666667,-0.341539651155472,0.235668331384659,9.94472503662109,1.45580196380615,-0.25152599811554,-0.792688012123108,-967.500061035156,-5.70000028610229,-904.500061035156,-0.707850865393604,-0.0344131655035798,-0.0176075000627923,TR
292.1,-1.17953789234161,0.857737004756927,8.65991401672363,2.16464805603027,-0.92988395690918,-0.350611984729767,-957.900024414062,-3.90000009536743,-909.300048828125,-0.711629880306737,-0.114394447707776,-0.0861662471511785,TR
292.133333333333,-2.24782133102417,1.28600740432739,10.4417819976807,2.75154185295105,0.37347799539566,0.152439996600151,-948.300048828125,-1.5,-916.500061035156,-0.716106684339817,-0.19158254864295,-0.118977829383656,ST
292.166666666667,-2.03308796882629,1.11314404010773,7.96128273010254,2.40092992782593,0.426831990480423,0.0228659994900227,-953.100036621094,-2.10000014305115,-911.700012207031,-0.719323627942926,-0.239479431098136,-0.139298971527648,ST
292.2,-3.2048499584198,1.36914920806885,8.46850776672363,2.02745199203491,2.88873791694641,-0.777444005012512,-960.300048828125,-4.5,-911.700012207031,-0.722818339272041,-0.340625666216266,-0.159159496719082,ST
292.233333333333,-1.68137991428375,0.449205368757248,10.1104106903076,-0.952749967575073,0.701223969459534,-1.22714197635651,-950.700012207031,-6.30000019073486,-909.300048828125,-0.695579267061841,-0.201520655695263,-0.0649665458370525,ST
292.266666666667,-1.72145545482635,0.515001118183136,9.37409687042236,-1.18140995502472,-0.792688012123108,-1.90549993515015,-943.500061035156,-1.5,-911.700012207031,-0.689731111520417,-0.184461598733583,-0.0547423628930453,ST
292.3,-1.21961355209351,0.348717361688614,9.72700119018555,-0.190549999475479,0.342989981174469,-2.01982998847961,-941.100036621094,-8.70000076293945,-906.900024414062,-0.682712871360449,-0.137302156474099,-0.0389232307286108,ST
292.333333333333,-0.565245091915131,0.578404247760773,10.1720190048218,0.259148001670837,-0.655492007732391,-2.0731840133667,-948.300048828125,-5.70000028610229,-897.300048828125,-0.679200235361476,-0.0701801590272153,-0.0535276104482744,ST
292.366666666667,-0.245238617062569,0.845176041126251,9.56131553649902,0.449698001146317,-1.76068198680878,-1.79117000102997,-948.300048828125,-11.1000003814697,-918.900024414062,-0.675960016881419,-0.0311920136829151,-0.0825216843226014,ST
292.4,0.230883181095123,0.512608528137207,9.11988544464111,0.114329993724823,-1.20427596569061,-1.69970595836639,-953.100036621094,2.70000004768372,-904.500061035156,-0.671567643126423,0.0160944599561517,-0.0613234672895666,ST
292.433333333333,0.356493204832077,0.156713455915451,9.21259784698486,-0.403965979814529,-0.708845973014832,-2.4923939704895,-955.500061035156,-3.90000009536743,-904.500061035156,-0.666652009240565,0.034991107273305,-0.0254830115287117,ST
292.466666666667,-0.486290246248245,0.111254595220089,9.23293495178223,-0.0762199983000755,0.243903994560242,-2.65245604515076,-950.700012207031,-2.70000004768372,-921.300048828125,-0.660548417671373,-0.0353585038870352,-0.0145975215247108,ST
292.5,-1.04794645309448,-0.0346922911703587,8.96496677398682,0.647870004177094,1.44055795669556,-1.62348592281342,-945.900024414062,-1.5,-914.100036621094,-0.655364859549983,-0.104860993245152,1.58873120733338e-05,ST
292.533333333333,-1.27105379104614,-0.146545022726059,10.3119850158691,0.487807989120483,1.6768399477005,-1.47104597091675,-950.700012207031,-3.90000009536743,-899.700012207031,-0.650620144850612,-0.121371251404505,0.0109090087119641,ST
292.566666666667,-0.35410064458847,-0.0412718653678894,10.995662689209,0.167683988809586,-0.37347799539566,-2.04269599914551,-955.500061035156,-3.90000009536743,-906.900024414062,-0.646255247263977,-0.0485667568412426,0.005069447352871,ST
292.6,0.373839348554611,-0.116039738059044,10.5231294631958,0.0762199983000755,-1.65397393703461,-2.31708788871765,-948.300048828125,-3.90000009536743,-892.500061035156,-0.640876531743028,0.0208913565608607,0.0097154259314774,ST
292.633333333333,0.172863319516182,-0.420494496822357,10.4244356155396,0.632625997066498,-0.564027965068817,-2.5076379776001,-938.700012207031,4.5,-904.500061035156,-0.635617425457839,0.018319326825157,0.033203299853545,ST
292.666666666667,-0.228490620851517,-0.16269488632679,9.4195556640625,1.46342396736145,0.663114011287689,-2.9192259311676,-936.300048828125,0.900000035762787,-906.900024414062,-0.628843040826779,-0.0165050728056746,0.0184688701227546,ST
292.7,-0.827829897403717,-0.113049022853374,9.87294769287109,1.6692179441452,-0.0914639979600906,-2.31708788871765,-938.700012207031,-0.300000011920929,-899.700012207031,-0.623682324071579,-0.069941427796815,0.0107200010448127,ST
292.733333333333,-0.725547432899475,0.115441590547562,7.95948839187622,0.975615978240967,-1.47866797447205,-2.24086785316467,-933.900024414062,-6.90000009536743,-904.500061035156,-0.620001822952376,-0.0846299141483049,-0.0105193762279635,ST
292.766666666667,-1.34163463115692,-0.0789548754692078,8.03485488891602,0.640248000621796,0.426831990480423,-1.72257196903229,-938.700012207031,-5.10000038146973,-897.300048828125,-0.613902697199377,-0.150690366792276,0.0053488711949292,ST
292.8,-2.26456928253174,-0.68965882062912,11.465802192688,0.106707997620106,1.21189796924591,-1.45580196380615,-943.500061035156,-0.300000011920929,-897.300048828125,-0.602654545425363,-0.188488959297931,0.0504747787485091,ST
292.833333333333,-1.43973016738892,-1.06768524646759,11.6984806060791,-1.13567793369293,-0.579271972179413,-2.25611186027527,-929.100036621094,-5.70000028610229,-899.700012207031,-0.592494884817191,-0.134330236038552,0.0849599744790472,ST
292.866666666667,-1.25071692466736,-1.30873680114746,9.70486927032471,-0.952749967575073,-1.63872992992401,-2.89635992050171,-933.900024414062,0.900000035762787,-897.300048828125,-0.581272352395278,-0.125793672089927,0.125967850225783,ST
292.9,-0.884653449058533,-1.86082279682159,11.1242628097534,-1.39482593536377,-0.952749967575073,-2.42379593849182,-924.300048828125,0.300000011920929,-911.700012207031,-0.572824535884278,-0.0860410562817441,0.16000411816587,ST
292.933333333333,-0.739902853965759,-1.62515449523926,9.88849925994873,-0.297257989645004,-2.62196803092957,-1.73781597614288,-941.100036621094,4.5,-906.900024414062,-0.569498114536775,-0.0717898233985078,0.16294319244721,ST
292.966666666667,-0.0735715851187706,-1.30155909061432,7.87574863433838,0.0457319989800453,-1.90549993515015,-1.34147191047668,-943.500061035156,4.5,-904.500061035156,-0.567127225088229,-0.0188983797270731,0.163598600712775,ST
293.0,-0.413914948701859,-0.848764896392822,7.9576940536499,1.48628997802734,0.213415995240211,-0.762199997901917,-938.700012207031,-0.300000011920929,-902.100036621094,-0.566745161018792,-0.0452359759196675,0.115792112537967,ST
293.033333333333,-1.15441596508026,-1.05811488628387,7.70826864242554,2.0579400062561,0.967993974685669,0.0,-943.500061035156,-0.900000035762787,-902.100036621094,-0.564888706363347,-0.128016464140938,0.129364641300194,ST
293.066666666667,-2.11144471168518,-0.214135184884071,7.84524297714233,2.43903994560242,1.28049600124359,0.137196004390717,-933.900024414062,2.70000004768372,-918.900024414062,-0.579271979746596,-0.237448090528705,0.0450289781510374,ST
293.1,-1.32727921009064,-0.186022460460663,8.05279922485352,1.60824191570282,-0.868907988071442,1.30336201190948,-941.100036621094,-7.50000047683716,-909.300048828125,-0.585667402310685,-0.17709088210089,0.0248729805115914,ST
293.133333333333,-1.746577501297,-0.601133704185486,9.02956676483154,1.40244793891907,-0.914639949798584,1.6615959405899,-938.700012207031,-8.70000076293945,-899.700012207031,-0.583355126980053,-0.186786796004414,0.0556700696608052,ST
293.166666666667,-1.45468366146088,-0.650181412696838,11.7445373535156,0.495429992675781,-1.2423859834671,1.14329993724823,-924.300048828125,3.30000019073486,-909.300048828125,-0.58612189510522,-0.134244531468176,0.0544400531991587,ST
293.2,-0.719565987586975,-0.599339246749878,11.1224689483643,0.564027965068817,-3.94057393074036,1.32622802257538,-931.500061035156,-3.30000019073486,-911.700012207031,-0.589658450837361,-0.0731774241238849,0.0529810005530451,ST
293.233333333333,0.34811919927597,-0.842185318470001,9.44527530670166,0.647870004177094,-3.27745985984802,1.44817996025085,-943.500061035156,-0.300000011920929,-909.300048828125,-0.592694313666572,0.018922084990412,0.0807625107033522,ST
293.266666666667,0.780576586723328,-0.988132178783417,8.93805027008057,0.594515979290009,-1.55488801002502,1.97409796714783,-948.300048828125,0.900000035762787,-914.100036621094,-0.598676899876879,0.0748253450029751,0.103511084466636,ST
293.3,0.808091163635254,-0.782370984554291,8.62163257598877,1.00610399246216,-1.41769194602966,1.88263392448425,-945.900024414062,-2.10000014305115,-904.500061035156,-0.602530932135388,0.0911146768140595,0.0919641764947646,ST
293.333333333333,0.562852561473846,-0.945664048194885,8.07971572875977,1.65397393703461,-1.15092194080353,1.77592599391937,-960.300048828125,-2.10000014305115,-923.700012207031,-0.60909517544606,0.0741744170885799,0.11021105684809,ST
293.366666666667,0.906186580657959,-0.971982300281525,9.33701133728027,1.33385002613068,-1.27287399768829,1.36433792114258,-953.100036621094,-5.70000028610229,-909.300048828125,-0.612204354457423,0.0933511325541958,0.103359271289663,ST
293.4,1.67360401153564,-0.958225011825562,9.06066989898682,0.739333987236023,-3.25459384918213,1.38720393180847,-965.100036621094,3.90000009536743,-916.500061035156,-0.616468742740008,0.16813725245863,0.104274969714262,ST
293.433333333333,2.06299519538879,-1.38529908657074,10.4675016403198,-0.190549999475479,-3.23172783851624,1.44817996025085,-957.900024414062,-6.30000019073486,-906.900024414062,-0.624528293425438,0.192183371740665,0.126796211488715,ST
293.466666666667,1.50133883953094,-0.984543323516846,11.3557443618774,0.0381099991500378,-2.66770005226135,1.29574000835419,-969.900024414062,-5.70000028610229,-916.500061035156,-0.622746876766996,0.146831689384386,0.0948305721076175,ST
293.5,0.899008870124817,-0.428270369768143,10.5374851226807,0.922261953353882,-2.080806016922,1.90549993515015,-991.500061035156,-6.30000019073486,-902.100036621094,-0.622240206068593,0.10025107901438,0.0505175638888029,ST
293.533333333333,0.323595345020294,0.421690791845322,10.8126306533813,1.77592599391937,-1.83690190315247,1.91312193870544,-977.100036621094,-2.10000014305115,-928.500061035156,-0.621574665710868,0.0467016889274994,-0.023294444856799,ST
293.566666666667,0.96360832452774,0.0980954468250275,10.4477634429932,1.16616594791412,-3.33843588829041,1.83690190315247,-969.900024414062,-0.300000011920929,-902.100036621094,-0.626910347558695,0.0892559354237514,-0.0132216149197247,ST
293.6,-0.857737004756927,0.718369722366333,10.5859346389771,1.31860601902008,-1.98934197425842,1.46342396736145,-986.700012207031,-9.90000057220459,-916.500061035156,-0.629146974441131,-0.0434084877564387,-0.0585592631538755,ST
293.633333333333,-1.15321969985962,1.21363210678101,9.70307540893555,2.15702605247498,1.73019397258759,2.24848985671997,-986.700012207031,-7.50000047683716,-909.300048828125,-0.638396484133562,-0.104562007412272,-0.114355701276878,ST
293.666666666667,-0.510814070701599,0.136376604437828,8.94881725311279,1.21189796924591,2.53050398826599,1.76068198680878,-969.900024414062,-5.10000038146973,-916.500061035156,-0.635975010625199,-0.0690573582523382,-0.0348369484440292,ST
293.7,-1.20645439624786,0.123217448592186,7.8237099647522,-0.25152599811554,1.47866797447205,-0.282013982534409,-974.700012207031,-5.10000038146973,-921.300048828125,-0.633867268613373,-0.138114397703387,-0.0192349664692015,ST
293.733333333333,-1.15920102596283,0.0149535741657019,8.93206882476807,-0.846041977405548,2.45428395271301,-0.236281991004944,-965.100036621094,-7.50000047683716,-918.900024414062,-0.631445261580063,-0.134098163835299,-0.003148304255237,ST
293.766666666667,-0.0687864422798157,-0.407933503389359,8.79329967498779,-0.952749967575073,0.92988395690918,-0.830797970294952,-965.100036621094,-6.30000019073486,-909.300048828125,-0.626073714905276,-0.0317023546573119,0.0390085440847832,ST
293.8,-0.0089721446856856,-0.473729223012924,9.33820819854736,-0.716467976570129,0.640248000621796,-1.08232402801514,-967.500061035156,-5.10000038146973,-916.500061035156,-0.623345305019391,-0.0079755491966767,0.0493555538512723,ST
293.833333333333,1.28899812698364,-0.912168025970459,10.4268283843994,-2.18751406669617,-1.74543797969818,-1.50915598869324,-962.700012207031,-3.30000019073486,-904.500061035156,-0.621236831172516,0.103270198633624,0.0838646950406101,ST
293.866666666667,1.60780835151672,-0.773398876190186,8.31478500366211,-1.6615959405899,-1.78354799747467,-0.952749967575073,-962.700012207031,-10.5,-911.700012207031,-0.620083482047918,0.177329165985118,0.093345265060721,ST
293.9,1.39486944675446,-1.28839993476868,8.45116233825684,-0.830797970294952,0.861285984516144,-0.335367977619171,-974.700012207031,-2.70000004768372,-906.900024414062,-0.626808496299507,0.163798710915251,0.140674884564139,ST
293.933333333333,1.1478363275528,-1.44511342048645,7.8356728553772,-0.365855991840363,1.63110792636871,-0.846041977405548,-960.300048828125,-0.900000035762787,-923.700012207031,-0.62936463302391,0.145226981529918,0.174265058952455,ST
293.966666666667,-0.0819455906748772,-1.27225005626678,8.95599460601807,-0.0,2.00458598136902,-0.990859985351562,-969.900024414062,-5.10000038146973,-921.300048828125,-0.624193452399858,0.019560398762146,0.147654046609363,ST
294.0,0.528160214424133,-1.2818204164505,9.31129169464111,-0.762199997901917,1.04421401023865,-1.35671591758728,-965.100036621094,-2.10000014305115,-904.500061035156,-0.620439117065827,0.0475928476878734,0.139972377249996,ST
294.033333333333,1.20166921615601,-1.14484560489655,9.60318565368652,-1.12043392658234,-0.342989981174469,-1.47104597091675,-960.300048828125,-3.30000019073486,-914.100036621094,-0.615768531414258,0.109031109742986,0.124359927605371,ST
294.066666666667,-0.0496458671987057,-0.931906759738922,11.1667308807373,-0.0762199983000755,-0.213415995240211,-0.37347799539566,-955.500061035156,6.30000019073486,-916.500061035156,-0.612864045345753,0.0188176718465348,0.0916002401534325,ST
294.1,0.77878212928772,-1.19927668571472,10.8981647491455,0.503051996231079,0.0228659994900227,-0.670735955238342,-945.900024414062,-2.10000014305115,-909.300048828125,-0.61187532589036,0.0610876068789637,0.105418278588439,ST
294.133333333333,0.543711960315704,-1.02282452583313,11.6440496444702,0.983237981796265,-0.792688012123108,-0.602137982845306,-955.500061035156,-3.90000009536743,-909.300048828125,-0.609928839103269,0.0506044712597671,0.0897906647144671,ST
294.166666666667,0.381017059087753,-0.801511585712433,9.91063117980957,1.57775402069092,-0.739333987236023,-0.46494197845459,-955.500061035156,1.5,-911.700012207031,-0.608737084595971,0.041861047026944,0.0803058474655592,ST
294.2,0.247631192207336,-0.806894838809967,8.1664457321167,0.800309956073761,0.564027965068817,-0.274392008781433,-955.500061035156,0.300000011920929,-916.500061035156,-0.608511020295973,0.0313505410761224,0.0942583589024815,ST
294.233333333333,-0.858933329582214,-1.2178190946579,9.82150745391846,0.403965979814529,1.43293595314026,0.0152439996600151,-953.100036621094,4.5,-909.300048828125,-0.607803754972621,-0.0647320927897634,0.116911233272809,ST
294.266666666667,-0.608909547328949,-1.22619307041168,8.06715393066406,0.701223969459534,1.63872992992401,-1.15092194080353,-941.100036621094,0.900000035762787,-909.300048828125,-0.602754174693713,-0.0745703199186702,0.143160289610798,ST
294.3,-1.09998488426208,-1.45707631111145,10.2575540542603,0.632625997066498,1.91312193870544,-0.434453994035721,-943.500061035156,-5.70000028610229,-911.700012207031,-0.601231838798608,-0.102038311907828,0.140731359846273,ST
294.333333333333,-0.965402781963348,-1.74538123607635,10.4435758590698,0.602137982845306,0.350611984729767,-0.274392008781433,-933.900024414062,-3.30000019073486,-923.700012207031,-0.598492474928709,-0.0935928998457311,0.159792493068739,ST
294.366666666667,-0.529954671859741,-1.38529908657074,11.3043041229248,-0.236281991004944,-0.228659987449646,-0.37347799539566,-948.300048828125,-0.900000035762787,-902.100036621094,-0.599987075479919,-0.0556028215997649,0.129907455906975,ST
294.4,0.170470744371414,-1.17953789234161,10.4112768173218,0.320124000310898,-1.47866797447205,0.685979962348938,-938.700012207031,-2.10000014305115,-916.500061035156,-0.602377661374417,0.0045885910557433,0.115591658478489,ST
294.433333333333,0.616685390472412,-1.36735486984253,8.27889728546143,1.15092194080353,-0.518296003341675,1.08994603157043,-943.500061035156,6.90000009536743,-899.700012207031,-0.606417145157375,0.0608047882240268,0.152962743720873,ST
294.466666666667,0.512010395526886,-1.17654716968536,8.36024475097656,0.731711983680725,0.541162014007568,1.02897000312805,-945.900024414062,-14.1000003814697,-911.700012207031,-0.607987965708515,0.0596664631919102,0.14152176189443,ST
294.5,0.637022256851196,-0.884055316448212,7.12149000167847,1.11281192302704,0.0152439996600151,0.823175966739655,-936.300048828125,-0.900000035762787,-923.700012207031,-0.60891428452272,0.0825508712120385,0.125679658371906,ST
294.533333333333,-0.415111213922501,-0.700425446033478,8.0533971786499,1.47866797447205,1.15092194080353,1.30336201190948,-931.500061035156,-0.900000035762787,-916.500061035156,-0.610773570491989,-0.0260432564049343,0.0925557565140369,ST
294.566666666667,-0.415111213922501,-0.622068703174591,9.78801155090332,1.48628997802734,1.03659200668335,2.17989206314087,-919.500061035156,-6.90000009536743,-904.500061035156,-0.616319015119848,-0.0406899743331093,0.0671558903103781,ST
294.6,-0.794333875179291,-0.397166937589645,10.5943078994751,1.92836594581604,0.236281991004944,3.03355598449707,-945.900024414062,-6.30000019073486,-899.700012207031,-0.624466946260606,-0.0684434116983941,0.0405236696631414,ST
294.633333333333,-0.280529052019119,-0.732127010822296,11.0692338943481,1.60061991214752,0.114329993724823,2.96495795249939,-945.900024414062,-6.30000019073486,-897.300048828125,-0.630538882058919,-0.0333892770797234,0.0590186775108896,ST
294.666666666667,0.0831418707966805,-0.751267552375793,10.8826131820679,0.92988395690918,-0.564027965068817,2.22562384605408,-941.100036621094,-8.70000076293945,-902.100036621094,-0.635904540815931,0.0008993254698024,0.0657965997596276,ST
294.7,0.622666835784912,-1.07247030735016,9.75631046295166,0.602137982845306,-1.12043392658234,1.40244793891907,-933.900024414062,-5.70000028610229,-902.100036621094,-0.640277409964506,0.0521373016581063,0.0998921351300384,ST
294.733333333333,0.964206457138062,-1.04615211486816,8.41288089752197,0.3125019967556,-0.868907988071442,-0.0457319989800453,-948.300048828125,-7.50000047683716,-902.100036621094,-0.641877479867466,0.102135205114017,0.118458358831586,ST
294.766666666667,1.09519982337952,-0.639414846897125,8.30282211303711,0.274392008781433,-1.47866797447205,0.152439996600151,-950.700012207031,-11.7000007629395,-906.900024414062,-0.638806448146958,0.127045484330361,0.0849310718681314,ST
294.8,1.18551933765411,-0.705808699131012,6.69082736968994,0.899396002292633,-1.2347639799118,0.868907988071442,-948.300048828125,-7.50000047683716,-911.700012207031,-0.643539348172181,0.166462760247596,0.0999654110378918,ST
294.833333333333,0.494066089391708,-0.86192399263382,8.42245101928711,-0.0990860015153885,0.37347799539566,0.960371971130371,-941.100036621094,-12.9000005722046,-902.100036621094,-0.645844792604461,0.0794551166821384,0.101842014805293,ST
294.866666666667,0.150133892893791,-0.458775669336319,10.864070892334,-0.129574000835419,-0.960371971130371,1.08994603157043,-938.700012207031,-9.30000019073486,-918.900024414062,-0.646009914912067,0.0275375600970616,0.0537505097362503,ST
294.9,-0.288903057575226,-0.317613929510117,11.0363359451294,1.20427596569061,-1.2347639799118,1.63872992992401,-950.700012207031,-7.50000047683716,-899.700012207031,-0.649774129356525,-0.0136996543081676,0.0321252362012751,ST
294.933333333333,-0.297875195741653,-0.546702682971954,10.9316606521606,0.914639949798584,0.449698001146317,1.56251001358032,-943.500061035156,-2.10000014305115,-904.500061035156,-0.653443698373855,-0.0258374239714624,0.0457596518922038,ST
294.966666666667,-0.788950562477112,-0.187218755483627,11.3575391769409,0.46494197845459,0.259148001670837,0.556405961513519,-945.900024414062,-6.30000019073486,-890.100036621094,-0.655816227017037,-0.06196923343748,0.0210140712803132,ST
295.0,-0.590367138385773,-0.0065795728005468,10.1439065933228,0.6250039935112,-0.190549999475479,0.213415995240211,-941.100036621094,-13.5000009536743,-909.300048828125,-0.657259360608299,-0.0586453476054258,0.0038632807890936,ST
295.033333333333,0.647190690040588,-0.340941488742828,8.40749740600586,-0.0457319989800453,0.0228659994900227,0.213415995240211,-945.900024414062,-3.90000009536743,-899.700012207031,-0.657614078351817,0.0493650791374856,0.0331750705590138,ST
295.066666666667,-1.55098474025726,-0.1722651720047,9.75930118560791,0.350611984729767,0.655492007732391,0.160062000155449,-943.500061035156,-5.10000038146973,-918.900024414062,-0.658347818978716,-0.116515711338082,0.0203377155174374,ST
295.1,-1.25071692466736,-0.346324771642685,10.0960550308228,0.83841997385025,1.12043392658234,0.282013982534409,-938.700012207031,-5.70000028610229,-904.500061035156,-0.657493724601229,-0.123611089956488,0.0305514906929387,ST
295.133333333333,-1.23636150360107,-0.129797026515007,8.80705738067627,0.137196004390717,-0.510673999786377,-0.236281991004944,-936.300048828125,-8.70000076293945,-904.500061035156,-0.658607688407431,-0.135890871504569,0.0174124020547908,ST
295.166666666667,-0.73451954126358,-0.271556913852692,9.28018856048584,-0.823175966739655,-0.289635986089706,0.342989981174469,-941.100036621094,-2.10000014305115,-885.300048828125,-0.658430910883333,-0.0900338620265555,0.0279770403988713,ST
295.2,0.217724040150642,-1.13288283348083,9.38845252990723,-1.19665396213531,-0.647870004177094,0.807931959629059,-938.700012207031,-2.70000004768372,-909.300048828125,-0.657155325060349,0.0009627386807369,0.103152429312317,ST
295.233333333333,0.113647162914276,-0.824839174747467,9.24609375,-0.983237981796265,-0.144817993044853,0.213415995240211,-938.700012207031,-4.5,-899.700012207031,-0.657609643744299,0.0101420142268779,0.0932039599975358,ST
295.266666666667,0.122619308531284,-1.17295837402344,8.91412448883057,-0.762199997901917,1.17378795146942,1.13567793369293,-933.900024414062,-5.70000028610229,-892.500061035156,-0.660229281011609,0.0111273157202123,0.124320995977331,ST
295.3,0.294884473085403,-1.48160016536713,9.3836669921875,-1.50153398513794,1.21189796924591,0.792688012123108,-936.300048828125,-7.50000047683716,-909.300048828125,-0.662097251451982,0.0251895893124566,0.152197305465285,ST
295.333333333333,0.595750391483307,-0.832016885280609,9.88431262969971,-1.02897000312805,-1.12043392658234,0.0685980021953583,-931.500061035156,-8.10000038146973,-911.700012207031,-0.660336172736661,0.0549703661239709,0.0984090419856015,ST
295.366666666667,0.840390861034393,-1.2238005399704,9.13244724273682,-0.419209986925125,-1.2423859834671,1.20427596569061,-938.700012207031,-8.70000076293945,-902.100036621094,-0.665335225727113,0.0852241840988498,0.126904041715164,ST
295.4,1.05512416362762,-1.34641981124878,8.95479869842529,-0.983237981796265,-0.3125019967556,1.47866797447205,-943.500061035156,-7.50000047683716,-918.900024414062,-0.670461665408659,0.109934469293069,0.146310410726424,ST
295.433333333333,-0.977963745594025,-1.23277270793915,11.2486763000488,-0.25152599811554,0.884151995182037,2.11129403114319,-941.100036621094,-5.70000028610229,-916.500061035156,-0.674577378559149,-0.0547482136437668,0.115760886950127,ST
295.466666666667,0.0257201474159956,-0.96061760187149,9.63787746429443,-0.0076219998300075,0.297257989645004,1.59299790859222,-943.500061035156,-7.50000047683716,-902.100036621094,-0.678572677729423,-0.009562666610259,0.10261397507514,ST
295.5,0.116637878119946,-0.92472904920578,9.49193096160889,0.213415995240211,-0.503051996231079,1.32622802257538,-948.300048828125,-12.3000001907349,-921.300048828125,-0.68173114929295,0.008351919200022,0.0979334953779338,ST
295.533333333333,-0.592161536216736,-0.929514169692993,10.0422220230103,0.548784017562866,-0.0609759986400604,1.2423859834671,-929.100036621094,-9.30000019073486,-902.100036621094,-0.684933392546384,-0.0474747994316842,0.0923896853973591,ST
295.566666666667,-0.565843224525452,-0.753062009811401,10.1606550216675,-0.121951997280121,0.0152439996600151,0.754577994346619,-933.900024414062,2.10000014305115,-890.100036621094,-0.687542192319393,-0.0541620053987853,0.0773864455564861,ST
295.6,-0.154919028282166,-0.686668157577515,8.90156364440918,-0.609759986400604,-0.647870004177094,0.693601965904236,-926.700012207031,-8.10000038146973,-899.700012207031,-0.689390920682635,-0.0230732921874211,0.0779002757328289,ST
295.633333333333,0.0352904349565506,-0.79074501991272,8.15388488769531,-0.655492007732391,0.388722002506256,0.815553963184357,-936.300048828125,-4.5,-890.100036621094,-0.691114970314128,-0.001241907546164,0.0942550587531551,ST
295.666666666667,-0.0753660127520561,-0.901401460170746,9.26104736328125,-0.442075997591019,0.617381989955902,0.701223969459534,-931.500061035156,-7.50000047683716,-909.300048828125,-0.692579004621136,-0.0076676935753123,0.0970791283110722,ST
295.7,-0.366063505411148,-0.707004964351654,8.33452415466309,-0.121951997280121,0.221037998795509,0.617381989955902,-926.700012207031,-8.10000038146973,-894.900024414062,-0.694219263335093,-0.0372795682748692,0.0871399081238257,ST
295.733333333333,-1.15022897720337,-0.877475738525391,9.46860313415527,0.327746003866196,1.63110792636871,0.243903994560242,-924.300048828125,-0.300000011920929,-906.900024414062,-0.694118736903045,-0.108797295126248,0.0910325490764761,ST
295.766666666667,-0.939682602882385,-0.898410737514496,12.3349046707153,-0.571649968624115,-1.27287399768829,0.282013982534409,-926.700012207031,0.900000035762787,-914.100036621094,-0.696584717534065,-0.0795543671342955,0.0765560666910806,ST
295.8,0.138171032071114,-0.659751713275909,10.3275365829468,-0.175305992364883,-3.20123982429504,0.167683988809586,-931.500061035156,-8.70000076293945,-911.700012207031,-0.697913847155279,-0.0009464006301349,0.0666016641573974,ST
295.833333333333,0.604124426841736,-0.366063505411148,9.16235446929932,-0.289635986089706,-2.10367202758789,0.243903994560242,-936.300048828125,-5.70000028610229,-906.900024414062,-0.698162810776933,0.0552445469482491,0.0457441270202161,ST
295.866666666667,1.33326065540314,-0.319408357143402,9.29813289642334,-0.320124000310898,-1.73019397258759,0.129574000835419,-941.100036621094,-2.10000014305115,-906.900024414062,-0.697768054701104,0.128221787701053,0.0370032238942767,ST
295.9,0.97557121515274,-0.0945065915584564,8.1365385055542,0.403965979814529,-1.6692179441452,0.990859985351562,-945.900024414062,2.10000014305115,-892.500061035156,-0.69769490822822,0.123346916690048,0.016037239767965,ST
295.933333333333,0.910971760749817,0.193200185894966,7.46721696853638,0.0762199983000755,-0.525918006896973,0.160062000155449,-936.300048828125,-9.90000057220459,-894.900024414062,-0.693919223135837,0.122496384193334,-0.0179983630471615,ST
295.966666666667,0.548497080802917,0.196789041161537,8.42245101928711,0.586893975734711,0.708845973014832,0.121951997280121,-941.100036621094,-5.10000038146973,-916.500061035156,-0.693877743653812,0.0742617113114635,-0.0232334540813776,ST
296.0,-0.900205194950104,0.0640012994408607,10.7510213851929,0.952749967575073,1.47104597091675,-0.0762199983000755,-929.100036621094,-0.300000011920929,-904.500061035156,-0.693911639899328,-0.0536880013714953,-0.0107895080170027,TR
296.033333333333,-1.30514800548553,-0.0807493031024933,12.1165819168091,0.365855991840363,1.22714197635651,-1.28049600124359,-931.500061035156,-4.5,-892.500061035156,-0.689888139380676,-0.0982047860061518,0.0027771616639518,TR
296.066666666667,-1.3721399307251,0.288304924964905,11.3874454498291,0.0533539988100529,0.564027965068817,-1.53202199935913,-926.700012207031,-3.30000019073486,-918.900024414062,-0.688621771300787,-0.11685632899519,-0.020118021895165,TR
296.1,-0.270360618829727,0.142956167459488,9.57925987243652,-0.891773998737335,-0.243903994560242,-1.79117000102997,-919.500061035156,-8.70000076293945,-902.100036621094,-0.684213401277914,-0.0457793998033662,-0.0145543666165201,TR
296.133333333333,0.289501190185547,0.129198879003525,8.29923343658447,-1.15854394435883,-0.518296003341675,-2.31708788871765,-912.300048828125,2.70000004768372,-911.700012207031,-0.678393443058027,0.0220354144818879,-0.0137279861157042,TR
296.166666666667,1.40743041038513,0.101086162030697,8.80406665802002,-1.99696397781372,-1.81403601169586,-2.98782396316528,-919.500061035156,-1.5,-899.700012207031,-0.671448077887035,0.133409947122294,-0.0095873123999183,TR
296.2,1.29497957229614,0.13099330663681,7.68254852294922,-1.08232402801514,-1.31860601902008,-3.02593398094177,-936.300048828125,5.10000038146973,-916.500061035156,-0.662463681734039,0.16356003091996,-0.01498190510476,TR
296.233333333333,0.622666835784912,0.0538328662514687,9.54217529296875,-0.3125019967556,0.907018005847931,-3.48325395584106,-931.500061035156,2.10000014305115,-897.300048828125,-0.654870489049834,0.0813685687062673,-0.0073690198832333,TR
296.266666666667,0.335558205842972,0.0855344459414482,9.95489311218262,-0.213415995240211,-0.0990860015153885,-3.24697184562683,-926.700012207031,3.90000009536743,-892.500061035156,-0.64731110801971,0.0433975679306127,-0.0082941200636577,TR
296.3,0.715977132320404,0.251818180084229,10.3239479064941,-0.960371971130371,-1.03659200668335,-3.62807202339172,-912.300048828125,-0.300000011920929,-916.500061035156,-0.637358828315494,0.0663044062754651,-0.0206104526599766,TR
296.333333333333,1.04615211486816,0.486290246248245,9.51107120513916,-0.701223969459534,-0.25152599811554,-3.56709599494934,-921.900024414062,-3.90000009536743,-916.500061035156,-0.626742603769132,0.101399415506269,-0.0447574028299679,TR
296.366666666667,-0.754258275032043,0.0131591456010938,10.9322595596313,0.167683988809586,2.41617393493652,-3.26983785629272,-917.100036621094,2.10000014305115,-892.500061035156,-0.620221859270274,-0.0399854519585863,-0.0097349260933564,TR
296.4,-1.27225005626678,0.0053832866251468,11.119478225708,0.0228659994900227,2.40092992782593,-4.06252574920654,-905.100036621094,4.5,-904.500061035156,-0.610355241442024,-0.102384071153903,-0.0019054062652638,TR
296.433333333333,-0.230883181095123,0.0909177288413048,9.62591457366943,-1.56251001358032,0.403965979814529,-4.86283588409424,-912.300048828125,7.50000047683716,-892.500061035156,-0.599680699362942,-0.0403665641282162,-0.0053624250057273,TR
296.466666666667,0.415709376335144,0.0436644367873669,8.49961185455322,-1.85976791381836,-0.670735955238342,-4.77899408340454,-900.300048828125,-1.5,-899.700012207031,-0.588666445881238,0.0317945564399091,-0.0026673080043655,TR
296.5,0.307445496320724,-0.421092659235001,9.40639591217041,-1.63872992992401,0.0076219998300075,-4.19210004806519,-909.900024414062,6.30000019073486,-911.700012207031,-0.580176559720512,0.0326181975579379,0.0372815041254303,TR
296.533333333333,0.826035439968109,-0.622068703174591,9.87414455413818,-1.57013201713562,-0.663114011287689,-2.97257995605469,-909.900024414062,5.70000028610229,-906.900024414062,-0.573667094468288,0.0765287436505011,0.0608921187486347,TR
296.566666666667,0.171667039394379,-0.716575264930725,9.82449817657471,-0.868907988071442,-0.0457319989800453,-2.33233189582825,-902.700012207031,6.90000009536743,-902.100036621094,-0.568774289884953,0.0296226242091991,0.0714841644767436,TR
296.6,0.541319370269775,-0.997702479362488,9.1330451965332,-1.46342396736145,0.815553963184357,-2.37806391716003,-895.500061035156,8.70000076293945,-885.300048828125,-0.564314739422809,0.0521463225758412,0.103159913694899,TR
296.633333333333,0.340343356132507,-1.47741317749023,10.2766942977905,-1.89025592803955,1.17378795146942,-2.37044191360474,-905.100036621094,7.50000047683716,-902.100036621094,-0.559878778513269,0.0354797416255108,0.137296740242921,TR
296.666666666667,-0.256603330373764,-0.438438802957535,9.19465351104736,-0.403965979814529,0.525918006896973,-2.30946588516235,-912.300048828125,9.30000019073486,-897.300048828125,-0.553595883146727,-0.0163047214031399,0.0652471613190668,TR
296.7,-0.690855145454407,-0.656760990619659,11.143404006958,0.282013982534409,1.55488801002502,-1.34147191047668,-905.100036621094,12.9000005722046,-892.500061035156,-0.550457823631514,-0.0546866945931159,0.0598521466541227,TR
296.733333333333,-0.551487803459167,0.610105812549591,8.66589546203613,2.02745199203491,0.884151995182037,-1.40244793891907,-897.900024414062,12.9000005722046,-897.300048828125,-0.553168507455047,-0.0634352906125243,-0.0525852491195248,TR
296.766666666667,-0.744687974452972,0.652574002742767,8.76638317108154,1.6692179441452,2.40855193138123,-0.990859985351562,-876.300048828125,18.9000015258789,-887.700012207031,-0.552222004370685,-0.0848251366642012,-0.073235443601725,TR
296.8,-0.510814070701599,0.823044717311859,9.06425857543945,0.846041977405548,1.6844619512558,-1.21189796924591,-888.300048828125,21.3000011444092,-887.700012207031,-0.550530503899546,-0.0634787413827893,-0.0887743858577389,TR
296.833333333333,-0.165087461471558,0.604722559452057,8.80286979675293,0.472563982009888,1.08232402801514,-2.02745199203491,-885.900024414062,6.30000019073486,-902.100036621094,-0.545306401888211,-0.0294520509850202,-0.0732025886563634,TR
296.866666666667,-0.541917502880096,0.601133704185486,10.6798429489136,0.190549999475479,0.716467976570129,-2.53812599182129,-883.500061035156,15.9000005722046,-882.900024414062,-0.539050112271655,-0.0475768004559827,-0.0597671048753023,TR
296.9,-0.634031534194946,0.530552804470062,11.3216505050659,0.67835795879364,0.121951997280121,-2.53812599182129,-895.500061035156,12.9000005722046,-885.300048828125,-0.532664804058654,-0.0545664630662126,-0.0501947457570044,TR
296.933333333333,-0.60651695728302,0.82065212726593,11.3569402694702,0.746955990791321,-0.503051996231079,-3.3460578918457,-883.500061035156,12.9000005722046,-904.500061035156,-0.525803298745282,-0.0530860300193017,-0.0685043878508377,TR
296.966666666667,0.786558032035828,1.26327800750732,9.01521110534668,-0.213415995240211,-1.98934197425842,-3.72715783119202,-900.300048828125,11.7000007629395,-882.900024414062,-0.516609473028917,0.0602167691810617,-0.124736396283999,TR
297.0,1.42298209667206,1.15920102596283,9.34478759765625,-0.685979962348938,-1.98171997070312,-3.803377866745,-885.900024414062,15.3000001907349,-894.900024414062,-0.506523879993354,0.137070767524397,-0.123339073345124,TR
297.033333333333,1.8889354467392,1.11015331745148,8.34050559997559,-0.274392008781433,-0.716467976570129,-4.34454011917114,-897.900024414062,16.5,-885.300048828125,-0.494421017872924,0.206065964925802,-0.131515375336553,TR
297.066666666667,1.06947958469391,1.28122222423553,9.68393516540527,-0.160062000155449,0.403965979814529,-4.77137184143066,-885.900024414062,15.9000005722046,-878.100036621094,-0.483583940425147,0.127143006867578,-0.132296122167002,TR
297.1,0.158507883548737,1.36735486984253,11.2367134094238,0.282013982534409,0.899396002292633,-4.19210004806519,-895.500061035156,19.5,-890.100036621094,-0.473889809878959,0.0297324374351295,-0.123586558531365,TR
297.133333333333,0.803305983543396,1.14723825454712,10.5386810302734,0.0685980021953583,0.884151995182037,-4.78661584854126,-890.700012207031,21.9000015258789,-885.300048828125,-0.463742522073503,0.0643947601863629,-0.111945631863345,TR
297.166666666667,0.53533798456192,1.24294114112854,11.6757507324219,-1.12043392658234,0.266770005226135,-5.20582580566406,-893.100036621094,18.9000015258789,-887.700012207031,-0.451727424767134,0.047966119452027,-0.105968046062187,TR
297.2,1.62395811080933,0.534739792346954,10.306601524353,-1.53964400291443,-1.05183601379395,-5.54119396209717,-897.900024414062,24.9000015258789,-873.300048828125,-0.441961084894881,0.137689229009175,-0.0603336809245784,TR
297.233333333333,1.49894630908966,0.599937379360199,9.70726203918457,-0.899396002292633,1.53964400291443,-7.37047386169434,-909.900024414062,30.9000015258789,-904.500061035156,-0.424908994862144,0.147079773168071,-0.0616632902722142,TR
297.266666666667,1.18492126464844,0.084936298429966,9.28676795959473,-1.20427596569061,1.90549993515015,-7.55340194702148,-905.100036621094,30.3000011444092,-887.700012207031,-0.413265065712357,0.128011705211994,-0.0194211664013794,TR
297.3,-0.198583468794823,-0.266173630952835,10.9627647399902,-1.53964400291443,2.29422187805176,-8.14791774749756,-890.700012207031,32.7000007629395,-885.300048828125,-0.396769959445093,0.0082610837409187,0.0171727240156907,TR
297.333333333333,0.566441416740417,0.0197387188673019,10.2497777938843,-2.14178204536438,0.632625997066498,-7.71346378326416,-905.100036621094,34.5,-892.500061035156,-0.378515810660359,0.0449568180938737,0.0045364031091677,TR
297.366666666667,0.323595345020294,-0.0352904349565506,11.9903736114502,-1.13567793369293,0.746955990791321,-6.56254196166992,-929.100036621094,33.9000015258789,-892.500061035156,-0.363296170447087,0.0296011664074235,0.0045376580575478,TR
297.4,1.47502052783966,0.247631192207336,11.2026195526123,-0.167683988809586,-0.175305992364883,-6.48632192611694,-917.100036621094,45.9000015258789,-885.300048828125,-0.346827733626251,0.110588819597516,-0.017258762116221,TR
297.433333333333,1.73880159854889,0.0927121639251709,10.8126306533813,1.06708002090454,0.685979962348938,-6.2729058265686,-900.300048828125,41.7000007629395,-890.100036621094,-0.333383402944497,0.148515446996715,-0.0130415983119011,TR
297.466666666667,1.80220472812653,0.82065212726593,10.3341159820557,1.47104597091675,1.53202199935913,-7.98023366928101,-907.500061035156,42.9000015258789,-909.300048828125,-0.30706822942831,0.164677868711838,-0.0696848516782368,TR
297.5,2.10845398902893,1.1938933134079,10.0703353881836,0.731711983680725,0.800309956073761,-7.4924259185791,-895.500061035156,48.3000030517578,-885.300048828125,-0.281374604077888,0.195982307758316,-0.112943078783137,TR
297.533333333333,2.71975612640381,0.62147057056427,9.95608997344971,-0.167683988809586,0.731711983680725,-6.83693361282349,-905.100036621094,50.7000007629395,-892.500061035156,-0.273627506172058,0.252541278497913,-0.0731253587526439,TR
297.566666666667,1.2297819852829,0.422887086868286,11.9281673431396,0.632625997066498,3.00306797027588,-6.38723564147949,-897.900024414062,48.3000030517578,-882.900024414062,-0.264402225863763,0.124647264844986,-0.0443601988648947,TR
297.6,1.16219174861908,0.370848655700684,12.1554613113403,1.44055795669556,2.63721203804016,-6.89028787612915,-888.300048828125,48.3000030517578,-882.900024414062,-0.248785619764053,0.0959928682609328,-0.0359290973440025,TR
297.633333333333,0.640012979507446,0.528758406639099,11.111701965332,1.74543797969818,2.75154185295105,-7.80492782592773,-883.500061035156,49.5000038146973,-861.300048828125,-0.230471953780863,0.0609062400088506,-0.0483998458958639,TR
297.666666666667,-0.297875195741653,0.476719945669174,10.8305749893188,1.34147191047668,3.26983785629272,-7.88114786148071,-890.700012207031,56.1000022888184,-873.300048828125,-0.212797412890923,-0.0147290293522907,-0.0468077910461967,TR
297.7,0.454588651657104,0.342735916376114,8.08629512786865,0.868907988071442,3.96343994140625,-8.36895561218262,-895.500061035156,47.7000007629395,-858.900024414062,-0.193991917710124,0.0357819220966552,-0.044722948679828,TR
297.733333333333,-0.513804793357849,0.777585864067078,7.29495191574097,0.99848198890686,5.5030837059021,-7.26376581192017,-893.100036621094,48.9000015258789,-854.100036621094,-0.178684307710973,-0.0570544432824771,-0.0948438546396126,TR
297.766666666667,-2.78794431686401,-0.295482635498047,13.908618927002,2.23324584960938,5.30491209030151,-5.05338573455811,-890.700012207031,49.5000038146973,-839.700012207031,-0.156599976489691,-0.177033693609931,-0.0047449859753521,TR
297.8,-1.18133234977722,-0.0795530155301094,10.7833213806152,1.54726600646973,1.95885396003723,-5.54119396209717,-890.700012207031,48.9000015258789,-844.500061035156,-0.142133153405846,-0.125513783837465,0.0038847079556585,TR
297.833333333333,0.383409649133682,-0.45638307929039,9.329833984375,0.586893975734711,1.14329993724823,-5.33540010452271,-885.900024414062,56.1000022888184,-842.100036621094,-0.127593438947678,0.005984382665946,0.0392192061350695,TR
297.866666666667,0.74349170923233,-0.768015563488007,9.89328479766846,0.647870004177094,0.708845973014832,-5.06100797653198,-897.900024414062,56.1000022888184,-834.900024414062,-0.116889408340098,0.0603544511079817,0.0685077016917851,TR
297.9,0.579002380371094,-0.818259596824646,8.46671390533447,1.33385002613068,1.50915598869324,-4.54271173477173,-900.300048828125,56.7000007629395,-830.100036621094,-0.107045908979462,0.0649990977756644,0.0890330643628978,TR
297.933333333333,0.145348742604256,-1.01325416564941,7.57428455352783,0.99848198890686,3.39941191673279,-3.65093803405762,-905.100036621094,57.3000030517578,-834.900024414062,-0.0989266188336721,0.0229952231469011,0.123519608380839,TR
297.966666666667,-0.713584542274475,-0.976767480373383,8.07193946838379,0.754577994346619,3.49849796295166,-2.95733594894409,-893.100036621094,54.9000015258789,-818.100036621094,-0.091222213195086,-0.0695670340070593,0.120206799031204,TR
298.0,-1.41819703578949,-0.908579170703888,7.97922706604004,1.05183601379395,3.12502002716064,-2.26373386383057,-893.100036621094,55.5000038146973,-818.100036621094,-0.0856928421386755,-0.157495810446949,0.113796084018888,TR
298.033333333333,-2.19398832321167,-1.11134958267212,9.65941047668457,1.31098401546478,3.04117798805237,-1.6844619512558,-905.100036621094,56.1000022888184,-830.100036621094,-0.0806907846445616,-0.212867314157326,0.113131638084204,TR
298.066666666667,-2.07376170158386,-0.727341830730438,10.1851787567139,1.98171997070312,1.65397393703461,-0.777444005012512,-900.300048828125,51.3000030517578,-825.300048828125,-0.0850987895798835,-0.205108818666944,0.0772061144310068,TR
298.1,-0.812278151512146,-0.66334056854248,8.65333461761475,2.0655620098114,-0.0076219998300075,0.472563982009888,-895.500061035156,48.9000015258789,-830.100036621094,-0.086009449789328,-0.113312831998124,0.0735854684662308,TR
298.133333333333,-0.653770267963409,-0.625059425830841,9.26702880859375,2.10367202758789,0.579271972179413,1.10518991947174,-902.700012207031,49.5000038146973,-818.100036621094,-0.0889655553712543,-0.0784389798221798,0.0652025730698267,TR
298.166666666667,-0.122619308531284,-0.632835268974304,9.74374866485596,2.26373386383057,-0.78506600856781,1.60824191570282,-900.300048828125,51.3000030517578,-820.500061035156,-0.092684449423622,-0.0248847089647712,0.0616822953069335,TR
298.2,0.298473328351974,-0.0723752975463867,8.99068737030029,2.98020195960999,-1.85976791381836,1.42531394958496,-905.100036621094,56.7000007629395,-830.100036621094,-0.0961467810688523,0.0240145687577784,0.0147366417954534,TR
298.233333333333,-0.0143554313108325,0.194396466016769,7.65204286575317,3.74240183830261,-1.34147191047668,1.53964400291443,-897.900024414062,48.3000030517578,-842.100036621094,-0.0992643761890278,0.0052404621551046,-0.0225038084805521,TR
298.266666666667,-0.739304721355438,0.864316582679749,9.62651252746582,3.45276594161987,-0.594515979290009,1.43293595314026,-905.100036621094,53.7000007629395,-820.500061035156,-0.10398224482357,-0.0598675144428141,-0.0817293256515056,TR
298.3,-1.65745413303375,1.32608294487,10.7623863220215,3.7957558631897,-0.754577994346619,1.86738991737366,-921.900024414062,49.5000038146973,-832.500061035156,-0.110886576098718,-0.13180543834539,-0.119848395743435,TR
298.333333333333,-1.15082705020905,1.35778450965881,9.95608997344971,3.89484190940857,-0.175305992364883,2.0731840133667,-905.100036621094,41.1000022888184,-839.700012207031,-0.116691910069745,-0.116990265250155,-0.138152965023016,ST
298.366666666667,-0.809287428855896,1.3440272808075,10.8180141448975,2.57623600959778,-0.655492007732391,0.899396002292633,-919.500061035156,44.7000007629395,-856.500061035156,-0.117158522267018,-0.081674760338978,-0.130218455877841,ST
298.4,-0.726145565509796,1.09220910072327,10.1720190048218,1.20427596569061,-1.51677799224854,-0.243903994560242,-919.500061035156,42.9000015258789,-837.300048828125,-0.114519754930506,-0.0705301514753682,-0.112566805347728,ST
298.433333333333,-0.966000914573669,1.07785367965698,9.16953182220459,0.487807989120483,-0.716467976570129,-0.457319974899292,-914.700012207031,44.7000007629395,-854.100036621094,-0.113542331066793,-0.0965333168553128,-0.116725154055828,ST
298.466666666667,-0.927121579647064,0.527562081813812,10.1600561141968,0.121951997280121,0.358233988285065,-0.365855991840363,-909.900024414062,50.1000022888184,-839.700012207031,-0.107688401119076,-0.0924690050655559,-0.0635763901783977,ST
298.5,-1.02641332149506,0.577806115150452,8.93266677856445,0.472563982009888,-0.594515979290009,-1.38720393180847,-921.900024414062,44.7000007629395,-832.500061035156,-0.104245054137536,-0.109570746833224,-0.0648747145625449,ST
298.533333333333,-0.890634894371033,0.224303618073463,9.26702880859375,0.266770005226135,0.221037998795509,-1.59299790859222,-907.500061035156,52.5000038146973,-854.100036621094,-0.0971921120397916,-0.0989761058869292,-0.0325319437476856,ST
298.566666666667,-1.0575168132782,0.20097604393959,8.3877592086792,0.975615978240967,0.632625997066498,-1.71494996547699,-921.900024414062,44.7000007629395,-827.700012207031,-0.0921600648130661,-0.121642704246919,-0.0266072196900308,ST
298.6,-1.81177508831024,0.148937597870827,8.24181175231934,1.00610399246216,1.52439999580383,-1.60061991214752,-921.900024414062,46.5,-842.100036621094,-0.0873123492630207,-0.199389983922454,-0.0208273653909332,ST
298.633333333333,-1.9308055639267,0.0334960073232651,8.58753871917725,0.586893975734711,0.983237981796265,-0.823175966739655,-907.500061035156,53.7000007629395,-846.900024414062,-0.0825300619610426,-0.218158001758679,-0.0078982988157118,ST
298.666666666667,-1.06529259681702,-0.214135184884071,9.53978252410889,-0.907018005847931,-0.846041977405548,-0.571649968624115,-914.700012207031,42.3000030517578,-839.700012207031,-0.0771291929311198,-0.131555401957793,0.0177939975089798,ST
298.7,-0.41750380396843,-0.171667039394379,9.5804557800293,-0.952749967575073,-1.44817996025085,-0.182927995920181,-919.500061035156,43.5,-858.900024414062,-0.0768280647857164,-0.0571756103475318,0.0192772148590946,ST
298.733333333333,0.16269488632679,-0.520982503890991,9.40101337432861,-0.868907988071442,-0.533540010452271,-0.548784017562866,-917.100036621094,47.7000007629395,-851.700012207031,-0.0748479462827941,0.0030353369213386,0.0493097373219688,ST
298.766666666667,-0.18183545768261,-0.568235814571381,9.80595588684082,-0.480185985565186,0.259148001670837,-0.907018005847931,-912.300048828125,47.1000022888184,-851.700012207031,-0.0726928799033226,-0.0144594082079158,0.056836911143618,ST
298.8,-1.30694234371185,-0.0711790099740028,9.63129806518555,0.411587983369827,0.632625997066498,-0.114329993724823,-909.900024414062,44.7000007629395,-834.900024414062,-0.074938661784037,-0.114226203101335,0.0157461840186103,ST
298.833333333333,-1.32907366752625,-0.312828779220581,10.0314559936523,0.594515979290009,0.388722002506256,0.221037998795509,-909.900024414062,50.1000022888184,-849.300048828125,-0.0738721351219253,-0.128697601974044,0.0271936387364254,ST
298.866666666667,-0.371446788311005,0.0526365824043751,8.51755619049072,0.358233988285065,-1.04421401023865,0.266770005226135,-897.900024414062,44.7000007629395,-837.300048828125,-0.0769953036914112,-0.0592917452597764,-1.5358747600286e-05,ST
298.9,0.21712589263916,0.282323479652405,8.34947776794434,0.350611984729767,-1.47104597091675,0.403965979814529,-902.700012207031,48.3000030517578,-854.100036621094,-0.0785257775168027,0.010843523234503,-0.0274820787916263,ST
298.933333333333,0.431859225034714,0.376830071210861,8.98889255523682,0.480185985565186,-1.42531394958496,0.777444005012512,-921.900024414062,47.7000007629395,-849.300048828125,-0.0799106762979663,0.0425063468186027,-0.0396236733482849,ST
298.966666666667,1.12989211082458,0.0699827298521996,9.38725566864014,-0.647870004177094,-2.24848985671997,1.18903195858002,-907.500061035156,44.1000022888184,-858.900024414062,-0.0846273556221356,0.109229885798321,-0.0121548392243004,ST
299.0,0.601731836795807,0.581993103027344,9.91780853271484,-0.716467976570129,-2.14940404891968,1.53202199935913,-909.900024414062,49.5000038146973,-854.100036621094,-0.0846787593070367,0.0723777329321573,-0.0491505976551561,ST
299.033333333333,-0.164489313960075,0.171068891882896,10.1839818954468,-0.106707997620106,-0.221037998795509,2.59148001670837,-917.100036621094,43.5,-858.900024414062,-0.0919484081690391,9.45242309294321e-05,-0.0223482086174884,ST
299.066666666667,-0.559861838817596,-0.0496458671987057,9.72341251373291,0.411587983369827,0.716467976570129,2.9420919418335,-907.500061035156,45.3000030517578,-856.500061035156,-0.0982262227666923,-0.0468698457170975,-0.0011538875304047,ST
299.1,-0.595750391483307,-0.339147061109543,12.318754196167,0.0990860015153885,0.434453994035721,1.89025592803955,-905.100036621094,39.3000030517578,-861.300048828125,-0.101474106439991,-0.0486652300017083,0.0214791616257814,ST
299.133333333333,-0.422887086868286,-0.0568235814571381,9.00384616851807,0.960371971130371,-1.44817996025085,-1.6920839548111,-909.900024414062,34.5,-851.700012207031,-0.0981522799906733,-0.0452361689563269,0.0081367817823724,ST
299.166666666667,-1.43315052986145,0.147741317749023,9.89507961273193,0.434453994035721,0.419209986925125,-2.9268479347229,-900.300048828125,36.3000030517578,-844.500061035156,-0.0929245560472718,-0.124520973916352,-0.0104161084291576,ST
299.2,-1.39427125453949,-0.415111213922501,10.4944181442261,-0.975615978240967,0.0990860015153885,-2.88111591339111,-912.300048828125,33.3000030517578,-863.700012207031,-0.0813127593495221,-0.130558888046283,0.0313386899238466,ST
299.233333333333,-1.22858572006226,-0.461766362190247,9.23293495178223,-1.42531394958496,-0.571649968624115,-3.04117798805237,-905.100036621094,42.3000030517578,-851.700012207031,-0.0725821275860122,-0.130829366564313,0.0487541596387488,ST
299.266666666667,-0.96360832452774,-0.627451956272125,9.81074142456055,-1.98171997070312,-0.525918006896973,-2.58385801315308,-919.500061035156,45.9000015258789,-844.500061035156,-0.0654996894253577,-0.103434468117086,0.0639868975021362,ST
299.3,-0.483897656202316,-0.68965882062912,9.71982288360596,-1.37958192825317,-1.27287399768829,-2.33233189582825,-917.100036621094,33.3000030517578,-858.900024414062,-0.0599941774758149,-0.0584672012301741,0.0716011191590147,ST
299.333333333333,-0.325987905263901,-0.282323479652405,7.51805877685547,0.137196004390717,-1.19665396213531,-2.58385801315308,-933.900024414062,41.7000007629395,-858.900024414062,-0.0556033279920867,-0.0445113129633813,0.0443736319721367,ST
299.366666666667,-1.2118376493454,-0.747678697109222,8.39792728424072,0.868907988071442,1.12805593013763,-2.17989206314087,-926.700012207031,44.7000007629395,-854.100036621094,-0.0469189718036624,-0.126575749136,0.0798749034260343,ST
299.4,-1.23755776882172,-0.687864422798157,9.38605976104736,0.365855991840363,1.50153398513794,-2.82776188850403,-921.900024414062,38.7000007629395,-858.900024414062,-0.0407921335724975,-0.131695027923444,0.0745353258448873,ST
299.433333333333,-1.80818617343903,-0.265575468540192,9.73358058929443,1.15854394435883,0.487807989120483,-2.43141794204712,-938.700012207031,36.9000015258789,-861.300048828125,-0.0405171233837192,-0.174896009046504,0.0347014050069578,ST
299.466666666667,-1.26267981529236,-0.39238178730011,10.9992513656616,0.670735955238342,-0.0304879993200302,-2.14178204536438,-941.100036621094,32.1000022888184,-851.700012207031,-0.0353711327490089,-0.126298833937386,0.0349511079107701,ST
299.5,-0.291295617818832,-0.705808699131012,9.46441650390625,0.236281991004944,-1.12805593013763,-1.43293595314026,-948.300048828125,35.1000022888184,-861.300048828125,-0.0294290298533766,-0.0482892437143594,0.0663181445045543,ST
299.533333333333,-0.269164323806763,-0.587974548339844,8.63299751281738,-0.152439996600151,-0.846041977405548,-1.18140995502472,-948.300048828125,35.1000022888184,-873.300048828125,-0.0267945825980115,-0.0332734153499048,0.0679342323847296,ST
299.566666666667,-0.104076877236366,-0.619676113128662,10.0027446746826,-0.861285984516144,-0.503051996231079,-0.655492007732391,-950.700012207031,35.1000022888184,-868.500061035156,-0.0254564018260371,-0.0139573444240139,0.064256120398478,ST
299.6,0.729734420776367,-1.29438138008118,9.09356784820557,-0.198172003030777,-1.2576299905777,0.137196004390717,-960.300048828125,33.9000015258789,-856.500061035156,-0.0276030508653356,0.0632996031137142,0.126961348604298,ST
299.633333333333,1.314120054245,-1.6143878698349,8.2800931930542,-0.327746003866196,-1.13567793369293,-0.541162014007568,-965.100036621094,37.5,-868.500061035156,-0.0319884733456107,0.137807300022536,0.179578940663788,ST
299.666666666667,1.01564681529999,-1.13706982135773,8.0533971786499,0.282013982534409,-0.586893975734711,-0.724089980125427,-972.300048828125,36.3000030517578,-861.300048828125,-0.0261372476677639,0.127525988540932,0.146316477711872,ST
299.7,0.300865918397903,-0.938486337661743,9.14201736450195,1.01372599601746,-0.548784017562866,0.297257989645004,-977.100036621094,38.1000022888184,-858.900024414062,-0.0239002807855479,0.0514470442914059,0.109209233330418,ST
299.733333333333,0.467149674892426,-1.20824885368347,9.36751747131348,1.16616594791412,-0.67835795879364,1.52439999580383,-986.700012207031,42.3000030517578,-870.900024414062,-0.0286505876961566,0.050487396244851,0.123314968171701,ST
299.766666666667,0.0669920146465302,-1.05033910274506,10.5225315093994,1.02134799957275,-0.411587983369827,1.82165801525116,-989.100036621094,38.7000007629395,-861.300048828125,-0.0327118373322531,0.0140537312980601,0.102060525238965,ST
299.8,-0.0514402948319912,-1.04794645309448,12.6872110366821,0.457319974899292,-0.907018005847931,2.42379593849182,-993.900024414062,38.7000007629395,-868.500061035156,-0.0383564317574252,0.0005603369779643,0.0857476801648302,ST
299.833333333333,0.681284844875336,-0.677097856998444,11.6554136276245,0.46494197845459,-2.05031800270081,2.15702605247498,-981.900024414062,42.3000030517578,-878.100036621094,-0.0431243004769095,0.0492942567153164,0.0630925279361782,ST
299.866666666667,0.714182734489441,-0.321800917387009,10.3520603179932,1.51677799224854,-0.899396002292633,2.0579400062561,-989.100036621094,40.5,-858.900024414062,-0.0465707506589266,0.0660397831982902,0.0355996929318249,ST
299.9,-0.351708054542542,-0.0759641602635384,10.16663646698,2.61434602737427,1.36433792114258,0.846041977405548,-993.900024414062,44.7000007629395,-856.500061035156,-0.0479506039369644,-0.0162005135129165,0.0095057981869376,ST
299.933333333333,-1.64309871196747,0.379820793867111,10.1128034591675,3.95581793785095,2.37806391716003,0.67835795879364,-974.700012207031,43.5,-880.500061035156,-0.052147509885009,-0.134967984439684,-0.0335464520990306,ST
299.966666666667,-2.51459312438965,1.09101283550262,9.61335372924805,4.81710386276245,3.07166600227356,0.807931959629059,-969.900024414062,42.3000030517578,-873.300048828125,-0.0653024852876675,-0.23435308057718,-0.103656634380926,ST
300.0,-1.89850580692291,0.726145565509796,9.23951435089111,2.74391984939575,2.04269599914551,1.12805593013763,-962.700012207031,41.7000007629395,-861.300048828125,-0.0633417623602803,-0.210597733075426,-0.0872418646629477,ST
300.033333333333,-1.47741317749023,0.704014301300049,8.34648704528809,0.609759986400604,-0.0838419944047928,-0.640248000621796,-957.900024414062,40.5,-870.900024414062,-0.0612596136956954,-0.181800961838922,-0.0854451935648474,ST
300.066666666667,-1.49954438209534,0.622666835784912,9.26643085479736,-0.792688012123108,-1.01372599601746,-0.960371971130371,-955.500061035156,44.7000007629395,-858.900024414062,-0.056372935660446,-0.162872568128974,-0.0691981382253871,ST
300.1,-0.96958976984024,0.068188302218914,9.96446418762207,-1.34147191047668,-2.38568592071533,-0.960371971130371,-953.100036621094,41.1000022888184,-887.700012207031,-0.0470940056080316,-0.105405536868034,-0.0158021801719615,ST
300.133333333333,0.163891181349754,-0.35410064458847,9.449462890625,-1.55488801002502,-3.39941191673279,-0.861285984516144,-960.300048828125,48.9000015258789,-880.500061035156,-0.0429352538478876,-0.0026930994929114,0.0289389212246738,ST
300.166666666667,1.08323693275452,-0.613694667816162,8.52772426605225,-1.63872992992401,-1.84452390670776,-1.07470202445984,-965.100036621094,44.1000022888184,-878.100036621094,-0.0422966665916458,0.10266065576112,0.0652899051266519,ST
300.2,1.02222633361816,-0.874485015869141,8.80107593536377,-1.18903195858002,-0.144817993044853,-1.37958192825317,-950.700012207031,43.5,-880.500061035156,-0.0418762094970234,0.113093743644423,0.0940904426022927,ST
300.233333333333,0.427074074745178,-0.814670741558075,8.35665512084961,-0.830797970294952,1.03659200668335,-1.71494996547699,-953.100036621094,46.5,-870.900024414062,-0.0376098688974681,0.0606947386290496,0.0976295205440034,ST
300.266666666667,-0.219518467783928,-1.10596632957458,9.7598991394043,-0.693601965904236,1.91312193870544,-1.33385002613068,-957.900024414062,44.7000007629395,-861.300048828125,-0.0342897281942303,-0.0090615548390775,0.110911232074795,ST
300.3,-0.415709376335144,-1.16338813304901,9.91063117980957,-0.663114011287689,1.31098401546478,-1.20427596569061,-962.700012207031,46.5,-873.300048828125,-0.0310950541581271,-0.0366918843841336,0.116633913054093,ST
300.333333333333,-0.583189368247986,-0.958823204040527,10.07093334198,-0.205793991684914,0.975615978240967,-0.663114011287689,-945.900024414062,45.9000015258789,-873.300048828125,-0.0300552820582292,-0.0551493388697455,0.0991499399952183,ST
300.366666666667,-0.495860517024994,-1.18013608455658,9.81851673126221,0.0990860015153885,1.36433792114258,0.167683988809586,-945.900024414062,45.3000030517578,-873.300048828125,-0.0291796463775269,-0.0529451504226111,0.116041740097555,ST
300.4,0.157909750938416,-0.958225011825562,10.3406953811646,0.190549999475479,0.266770005226135,0.579271972179413,-955.500061035156,45.9000015258789,-858.900024414062,-0.0309263818730198,0.0010147479292836,0.0968878492736759,ST
300.433333333333,0.747080564498901,-0.635227859020233,9.26463603973389,0.685979962348938,-0.754577994346619,0.975615978240967,-948.300048828125,45.3000030517578,-854.100036621094,-0.0325837072716923,0.0652314304607995,0.0733219016261188,ST
300.466666666667,0.819455862045288,-0.739902853965759,8.75621509552002,1.265251994133,-0.259148001670837,1.12805593013763,-957.900024414062,41.1000022888184,-863.700012207031,-0.0360757256521986,0.0879571492301552,0.0805554165116297,ST
300.5,0.610105812549591,-0.702817976474762,9.14201736450195,1.06708002090454,0.449698001146317,0.937505960464478,-950.700012207031,45.3000030517578,-863.700012207031,-0.0381756798697459,0.0692950741520421,0.075915387582256,NLR
300.533333333333,-0.420494496822357,-0.643003702163696,9.31428241729736,1.49391198158264,0.967993974685669,0.708845973014832,-953.100036621094,40.5,-868.500061035156,-0.0395499682879728,-0.0233553053911142,0.0682536476109406,NLR
300.566666666667,-0.459971934556961,-1.0975923538208,10.4645109176636,0.594515979290009,1.21189796924591,0.152439996600151,-948.300048828125,38.7000007629395,-849.300048828125,-0.0387181096811261,-0.0412930861390026,0.0963610633114142,NLR
300.6,0.471934795379639,-1.94994604587555,10.2156839370728,-0.129574000835419,0.152439996600151,-1.2347639799118,-945.900024414062,45.3000030517578,-866.100036621094,-0.0351931755533341,0.0308205776942922,0.173225624768667,NLR
300.633333333333,0.754258275032043,-2.61029601097107,10.6433563232422,0.990859985351562,1.79879200458527,-8.41468811035156,-957.900024414062,45.9000015258789,-861.300048828125,-0.0162305001491348,0.0624045804019883,0.227046123176714,NLR
300.666666666667,-1.10835897922516,-1.82373797893524,11.3437814712524,3.19361782073975,3.30794787406921,-14.0854558944702,-948.300048828125,45.3000030517578,-856.500061035156,0.0170471630624423,-0.0650720271204747,0.169288127197524,NLR
300.7,-1.83151376247406,-1.10835897922516,9.29753398895264,5.34302186965942,3.14026403427124,-14.9848518371582,-967.500061035156,37.5,-866.100036621094,0.0482324739986328,-0.168786046886424,0.124589425133587,NLR
300.733333333333,-2.10606145858765,-1.39427125453949,9.521240234375,5.71649980545044,3.14026403427124,-13.8720397949219,-972.300048828125,48.3000030517578,-856.500061035156,0.0894327259190734,-0.209943397478121,0.137910812446475,NLR
300.766666666667,-1.98643279075623,-0.811081886291504,9.31488037109375,3.48325395584106,0.541162014007568,-13.6357574462891,-981.900024414062,41.1000022888184,-878.100036621094,0.113984189239,-0.208199246164124,0.0956935343266308,NLR
300.8,-2.00676965713501,-0.328978627920151,9.88371467590332,3.39178991317749,0.533540010452271,-11.3034257888794,-993.900024414062,39.9000015258789,-861.300048828125,0.132678114921039,-0.201464481868363,0.0421910046928528,NLR
300.833333333333,-1.37931764125824,0.308641761541367,9.5146598815918,2.63721203804016,-0.106707997620106,-7.66010999679565,-991.500061035156,40.5,-880.500061035156,0.14103690640084,-0.154136975712712,-0.0211472041663968,NLR
300.866666666667,-0.449205368757248,-0.212938904762268,8.63539028167725,2.27897787094116,-1.14329993724823,-3.89484190940857,-1003.50006103516,37.5,-866.100036621094,0.155329586744263,-0.0674342383475995,0.0142169793044344,NLR
300.9,-0.317015767097473,0.952243626117706,9.40878868103027,2.27135586738586,-1.37195992469788,-2.98020195960999,-1003.50006103516,29.1000003814697,-870.900024414062,0.171510735562535,-0.0316720278566319,-0.104657094377674,NLR
300.933333333333,-0.655564725399017,0.789548695087433,8.29086017608643,0.792688012123108,-0.586893975734711,-0.891773998737335,-1015.50006103516,40.5,-866.100036621094,0.176461777008544,-0.0769919502686248,-0.0963338791957566,NLR
300.966666666667,-0.891233026981354,0.69564026594162,11.5836372375488,0.403965979814529,-0.724089980125427,0.693601965904236,-1017.90002441406,43.5,-890.100036621094,0.177246782044333,-0.0756480354218042,-0.0679373307204403,NLR
301.0,0.952841758728027,0.896616339683533,8.90993785858154,0.731711983680725,-2.96495795249939,1.98934197425842,-1013.10003662109,30.3000011444092,-875.700012207031,0.173108775683523,0.0757998188595068,-0.0950453526704139,NLR
301.033333333333,0.605918824672699,0.681882977485657,8.29504680633545,1.32622802257538,-1.265251994133,2.12653803825378,-1025.10009765625,33.9000015258789,-875.700012207031,0.167457474898573,0.0753149069626117,-0.0861504530472817,NLR
301.066666666667,0.492869794368744,0.41152235865593,7.57069540023804,1.49391198158264,0.975615978240967,2.45428395271301,-1013.10003662109,35.1000022888184,-885.300048828125,0.147034015783197,0.063457578649523,-0.0566335679411973,NLR
301.1,-1.26746499538422,0.321800917387009,11.0261678695679,-0.121951997280121,1.55488801002502,2.02745199203491,-1013.10003662109,34.5,-904.500061035156,0.142385696547147,-0.0804536523667342,-0.0347184641052236,NLR
301.133333333333,-1.98404026031494,1.29378318786621,13.0407133102417,0.0990860015153885,-0.0762199983000755,2.39330792427063,-1020.30004882812,34.5,-887.700012207031,0.131371123713393,-0.135850989637611,-0.0863819872468333,NLR
301.166666666667,-0.163891181349754,0.30923992395401,9.63129806518555,-0.297257989645004,-1.40244793891907,3.45276594161987,-1008.30004882812,36.9000015258789,-882.900024414062,0.127400606373644,-0.0387729453223985,-0.0428720467130363,NLR
301.2,-0.51440292596817,0.190807610750198,9.88849925994873,-0.335367977619171,-0.236281991004944,1.58537602424622,-1013.10003662109,33.9000015258789,-892.500061035156,0.124186017445607,-0.0494761788781041,-0.0226257115837141,NLR
301.233333333333,-0.929514169692993,0.543113827705383,10.3963232040405,-0.213415995240211,0.266770005226135,1.33385002613068,-998.700012207031,33.3000030517578,-890.100036621094,0.119170795857366,-0.0827179784515871,-0.0470531976194798,NLR
301.266666666667,0.0179442893713713,0.52038437128067,7.37390661239624,0.3125019967556,0.106707997620106,1.80641400814056,-1001.10003662109,41.1000022888184,-878.100036621094,0.109278886949374,0.0018588816897933,-0.0708349488193251,NLR
301.3,-2.13537049293518,0.815268874168396,11.1978349685669,1.50915598869324,2.24848985671997,1.28049600124359,-993.900024414062,32.1000022888184,-897.300048828125,0.105937917307212,-0.152446991092814,-0.0746393791306468,NLR
301.333333333333,-1.70949256420135,1.70590376853943,12.4760656356812,1.12805593013763,0.0838419944047928,1.99696397781372,-996.300048828125,29.1000003814697,-885.300048828125,0.0943925058980492,-0.138309496436106,-0.125531728985356,NLR
301.366666666667,0.14355431497097,1.20705246925354,8.47508811950684,0.937505960464478,-1.01372599601746,0.564027965068817,-1005.90002441406,30.9000015258789,-897.300048828125,0.0925053519078837,-0.0130482589027369,-0.13960591271433,NLR
301.4,-1.05512416362762,0.866111040115356,9.43869590759277,-1.46342396736145,0.510673999786377,-1.34909391403198,-989.100036621094,33.9000015258789,-885.300048828125,0.103702922001809,-0.111959757240914,-0.0886968359262457,NLR
301.433333333333,-0.274547636508942,0.750669419765472,9.67257022857666,-0.670735955238342,-0.731711983680725,-1.78354799747467,-979.500061035156,38.7000007629395,-892.500061035156,0.120307405986955,-0.0275858199951734,-0.0762512260379291,NLR
301.466666666667,0.427672237157822,0.546702682971954,8.58634281158447,-0.922261953353882,-1.76830399036407,-2.04269599914551,-991.500061035156,41.7000007629395,-890.100036621094,0.125541252221286,0.0381974233005647,-0.0645946577284132,NLR
301.5,0.684275567531586,0.412120521068573,8.55882740020752,-1.07470202445984,-2.13416004180908,-1.41006994247437,-989.100036621094,32.1000022888184,-890.100036621094,0.128384414633596,0.0741884575253601,-0.0500817574344784,NLR
301.533333333333,0.82962429523468,0.189013183116913,8.59232425689697,-0.602137982845306,-1.70732796192169,-0.739333987236023,-991.500061035156,33.9000015258789,-880.500061035156,0.128401277664463,0.0941382654717578,-0.0269225601344841,NLR
301.566666666667,-0.296678900718689,0.170470744371414,10.3371067047119,0.419209986925125,0.205793991684914,-1.03659200668335,-1015.50006103516,33.3000030517578,-902.100036621094,0.133026119255429,-0.0279377780656186,-0.0172709096154683,NLR
301.6,-0.625657558441162,0.264977335929871,9.23951435089111,-0.0685980021953583,-0.335367977619171,-0.823175966739655,-981.900024414062,40.5,-899.700012207031,0.138492764787232,-0.0670401871742561,-0.0284535365825599,NLR
301.633333333333,-0.203966751694679,-0.215331465005875,8.65871810913086,-0.693601965904236,0.160062000155449,-0.78506600856781,-998.700012207031,42.9000015258789,-902.100036621094,0.142387769455703,-0.0325414105913547,0.0151421589292949,NLR
301.666666666667,-0.271556913852692,-0.215331465005875,9.0612678527832,-0.716467976570129,0.25152599811554,-0.708845973014832,-993.900024414062,44.7000007629395,-890.100036621094,0.144228936887099,-0.0308033809374513,0.0230526072547858,NLR
301.7,0.230285048484802,0.345128506422043,9.20362567901611,-0.144817993044853,-0.99848198890686,0.289635986089706,-991.500061035156,39.9000015258789,-882.900024414062,0.143183539044075,0.0151409179458498,-0.0250684574902916,NLR
301.733333333333,-1.338045835495,0.381017059087753,10.6744594573975,0.884151995182037,-0.746955990791321,0.861285984516144,-998.700012207031,34.5,-880.500061035156,0.137306639116734,-0.12326246271726,-0.037402615798873,NLR
301.766666666667,-0.299669623374939,0.593357801437378,9.57148361206055,0.899396002292633,-0.602137982845306,1.88263392448425,-996.300048828125,38.7000007629395,-897.300048828125,2.30242246694891,-1.09839412835939,2.51827122108981,NLR
301.8,0.57660984992981,0.901401460170746,8.12995910644531,2.17989206314087,-0.541162014007568,3.09453201293945,-986.700012207031,32.1000022888184,-902.100036621094,-0.0213816514072664,-0.117180504349639,-0.068389972899622,NLR
301.833333333333,-0.427074074745178,1.41999137401581,9.62053108215332,2.35519790649414,0.541162014007568,2.72867584228516,-993.900024414062,41.1000022888184,-897.300048828125,-0.0337790104972868,-0.0565400881252971,-0.137169163448737,NLR
301.866666666667,-0.662742435932159,1.02581524848938,10.2318334579468,0.685979962348938,-0.144817993044853,-0.487807989120483,-977.100036621094,34.5,-894.900024414062,-0.0289270414203871,-0.0641427292416518,-0.101319856135747,NLR
301.9,-0.699229121208191,0.742893576622009,9.06844520568848,-0.503051996231079,0.533540010452271,-0.350611984729767,-981.900024414062,33.9000015258789,-890.100036621094,-0.0271819831923048,-0.0749538912650341,-0.0849550549945981,NLR
301.933333333333,-1.01744115352631,0.182433605194092,10.0494003295898,-1.17378795146942,1.00610399246216,-0.137196004390717,-986.700012207031,38.1000022888184,-906.900024414062,-0.0225090787061388,-0.0970954430105652,-0.0299953093476896,NLR
301.966666666667,-0.515001118183136,-0.257201462984085,9.69111251831055,-1.30336201190948,0.358233988285065,-0.0076219998300075,-989.100036621094,32.7000007629395,-890.100036621094,-0.0189913293216904,-0.062462836666034,0.0169840922675187,NLR
302.0,-0.729734420776367,-0.454588651657104,9.87833118438721,-1.18903195858002,0.975615978240967,-0.739333987236023,-981.900024414062,35.7000007629395,-902.100036621094,-0.015730986244649,-0.0727299193601929,0.0418700713785701,NLR
302.033333333333,-1.41700065135956,-0.627451956272125,12.135124206543,-0.983237981796265,0.632625997066498,-1.00610399246216,-979.500061035156,32.1000022888184,-902.100036621094,-0.0124042330738582,-0.110108715301151,0.0517123068733815,NLR
302.066666666667,-0.316417634487152,1.24652993679047,11.3156690597534,0.655492007732391,-2.9344699382782,-0.144817993044853,-984.300048828125,33.3000030517578,-887.700012207031,-0.0217552570298037,-0.0384644032557491,-0.0818057383256441,NLR
302.1,1.34821426868439,0.741099119186401,6.95640277862549,2.08842802047729,-2.81251788139343,0.724089980125427,-986.700012207031,38.1000022888184,-897.300048828125,-0.0218568309125443,0.15578966427264,-0.104917670125206,NLR
302.133333333333,0.591563403606415,1.29916656017303,7.5168628692627,1.64635193347931,-0.67835795879364,-0.0838419944047928,-984.300048828125,30.3000011444092,-897.300048828125,-0.0148203010473099,0.0915520644992663,-0.162511755534485,NLR
302.166666666667,-0.13099330663681,0.864316582679749,8.23104572296143,1.08232402801514,-0.0609759986400604,0.388722002506256,-996.300048828125,30.3000011444092,-909.300048828125,-0.0180792206381534,0.0023680721297691,-0.115879392790194,NLR
302.2,-1.5503865480423,0.287706762552261,8.66768932342529,0.228659987449646,2.11129403114319,-0.198172003030777,-972.300048828125,32.1000022888184,-890.100036621094,-0.0133673554170571,-0.143577055560238,-0.0505043573996391,NLR
302.233333333333,-2.69941926002502,0.171667039394379,12.0113086700439,-0.289635986089706,1.53202199935913,-0.0533539988100529,-981.900024414062,36.9000015258789,-897.300048828125,-0.008383477616517,-0.207554400768986,-0.0212814607794516,NLR
302.266666666667,-2.57620167732239,0.158507883548737,13.6639776229858,-0.297257989645004,-1.2500079870224,1.02134799957275,-984.300048828125,35.7000007629395,-897.300048828125,-0.0092251398392473,-0.188850377558138,-0.0134041368765797,NLR
302.3,-2.09768748283386,0.87687760591507,10.3652191162109,-1.27287399768829,-4.52746772766113,4.49697971343994,-984.300048828125,40.5,-887.700012207031,-0.0300782934353072,-0.190381632025302,-0.0693973726689138,NLR
302.333333333333,0.233873903751373,1.1675751209259,8.01870441436768,-3.3613018989563,-5.61741399765015,9.00920391082764,-989.100036621094,36.3000030517578,-892.500061035156,-0.0557463185308549,-0.0064334228418469,-0.125470328532951,NLR
302.366666666667,1.65805232524872,-0.112450875341892,7.2363338470459,-2.41617393493652,-2.82013988494873,11.8674535751343,-984.300048828125,41.1000022888184,-882.900024414062,-0.0924047222085812,0.182796085427377,-0.0083052773201487,NLR
302.4,-0.164489313960075,-0.154320880770683,10.5464572906494,2.96495795249939,1.69970595836639,1.18903195858002,-965.100036621094,29.7000007629395,-892.500061035156,-0.102855887207857,-0.0185799259667883,0.0094188101226865,NLR
302.433333333333,-1.08742392063141,0.232079476118088,11.7218074798584,2.39330792427063,-1.37958192825317,-0.975615978240967,-974.700012207031,42.9000015258789,-909.300048828125,-0.100637151850134,-0.0852593297732216,-0.0215815434927374,NLR
302.466666666667,-0.211742609739304,0.586180090904236,10.9274740219116,1.6615959405899,-2.46190595626831,-1.73781597614288,-960.300048828125,31.5000019073486,-885.300048828125,-0.0976909429177514,-0.0284868790430687,-0.0497652567725749,NLR
302.5,0.508421540260315,0.378026366233826,9.79997444152832,1.58537602424622,-2.43141794204712,-2.70580983161926,-981.900024414062,28.5000019073486,-899.700012207031,-0.0912546527662433,0.0388205478835775,-0.0431105958048937,NLR
302.533333333333,0.883457183837891,0.488084673881531,8.43202114105225,0.975615978240967,-1.21189796924591,-4.47411394119263,-998.700012207031,31.5000019073486,-906.900024414062,-0.0800995243023084,0.0923848301145504,-0.056697109238879,NLR
302.566666666667,-0.0741697251796722,1.29378318786621,8.75023365020752,1.12805593013763,-0.198172003030777,-5.00765371322632,-977.100036621094,35.1000022888184,-894.900024414062,-0.064883617251579,0.0114987186661818,-0.1304394858476,NLR
302.6,-2.15989422798157,2.56065011024475,11.6709651947021,2.08842802047729,1.33385002613068,-1.96647596359253,-993.900024414062,34.5,-909.300048828125,-0.0584914789173969,-0.181853601066597,-0.219101320080456,NLR
302.633333333333,-1.38230836391449,2.30703735351562,9.5266227722168,1.58537602424622,0.0609759986400604,-0.899396002292633,-986.700012207031,35.1000022888184,-906.900024414062,-0.0586153271643765,-0.147937963299145,-0.23638560321837,NLR
302.666666666667,-1.27225005626678,2.6336236000061,8.96078014373779,0.419209986925125,0.304879993200302,-0.289635986089706,-991.500061035156,34.5,-914.100036621094,-0.063728447920129,-0.138460917109951,-0.276432350379177,NLR
302.7,0.516197383403778,1.9648996591568,8.02887344360352,-1.02897000312805,-1.08232402801514,1.01372599601746,-991.500061035156,34.5,-902.100036621094,-0.0639453781402917,0.0304305624507364,-0.244642524211617,NLR
302.733333333333,-1.90628159046173,2.27772831916809,10.1516828536987,-1.57775402069092,0.480185985565186,4.91618967056274,-986.700012207031,33.3000030517578,-902.100036621094,-0.0986835560856327,-0.180163651659733,-0.219519268987563,NLR
302.766666666667,-0.489879101514816,-1.01624488830566,9.69888782501221,-2.67532205581665,2.78202986717224,9.89335536956787,-943.500061035156,39.3000030517578,-882.900024414062,-0.191677514603078,-0.105900700582845,-0.0163583525166439,NLR
302.8,-1.10237753391266,-0.918149471282959,9.90823841094971,-1.85976791381836,1.69970595836639,7.41620588302612,-945.900024414062,38.1000022888184,-873.300048828125,-0.199396793641606,-0.112400905139717,0.0718917130299982,NLR
302.833333333333,-1.14305126667023,-0.940878868103027,9.49372482299805,-1.85214591026306,-0.0685980021953583,5.67076778411865,-931.500061035156,35.1000022888184,-887.700012207031,-0.210901948026593,-0.118657386755503,0.0956780201527826,NLR
302.866666666667,-0.56165623664856,-0.302062213420868,10.9573812484741,-1.95123195648193,-2.67532205581665,4.84759187698364,-945.900024414062,35.1000022888184,-870.900024414062,-0.229133698710488,-0.0583046205303151,0.0405871485344953,NLR
302.9,-0.0478514358401299,-0.151928320527077,9.08878231048584,-0.945127964019775,-3.92532992362976,4.96954393386841,-933.900024414062,36.9000015258789,-875.700012207031,-0.242264777195848,-0.0093031140814692,0.0221707084740093,NLR
302.933333333333,0.0986935868859291,-0.382213354110718,8.23283958435059,-0.403965979814529,-0.800309956073761,5.29728984832764,-929.100036621094,35.7000007629395,-890.100036621094,-0.255259904944701,0.0090360799963322,0.0426780521923967,NLR
302.966666666667,0.0651975870132446,-0.410326063632965,8.61086654663086,-0.266770005226135,0.236281991004944,5.41161966323853,-929.100036621094,33.3000030517578,-880.500061035156,-0.267717872751413,0.0071850793843099,0.0470501565599627,NLR
303.0,0.29009935259819,-1.11972367763519,8.98769664764404,-0.769822001457214,0.685979962348938,5.17533779144287,-938.700012207031,33.9000015258789,-894.900024414062,-0.280467507785921,0.0253966597233655,0.109631383061575,NLR
303.033333333333,-0.556272983551025,-0.889438569545746,11.3497629165649,-1.52439999580383,0.792688012123108,2.83538389205933,-938.700012207031,37.5,-887.700012207031,-0.287128059715195,-0.0362138963214874,0.0862601934450173,NLR
303.066666666667,-0.832016885280609,-0.927121579647064,10.7378625869751,-1.18903195858002,-0.396344006061554,2.70580983161926,-917.100036621094,35.1000022888184,-887.700012207031,-0.293480964665407,-0.0685889957438175,0.0875845260602541,NLR
303.1,0.068188302218914,-1.7746901512146,9.58583927154541,-2.13416004180908,0.0152439996600151,2.0579400062561,-917.100036621094,35.7000007629395,-890.100036621094,-0.295578656036856,-0.0070105007479067,0.168981594676144,NLR
303.133333333333,0.387596637010574,-1.44032824039459,8.73169136047363,-2.47714996337891,-0.510673999786377,0.701223969459534,-909.900024414062,43.5,-863.700012207031,-0.297280101887961,0.0340716371505616,0.168070034825617,NLR
303.166666666667,0.204564899206161,-0.980954468250275,8.71793365478516,-1.6692179441452,-1.07470202445984,0.548784017562866,-929.100036621094,35.1000022888184,-866.100036621094,-0.297484980041602,0.0268693589238457,0.125686991774507,NLR
303.2,0.372044920921326,-1.41341185569763,7.52404022216797,-0.327746003866196,-0.152439996600151,1.88263392448425,-921.900024414062,38.1000022888184,-875.700012207031,-0.303511633019832,0.0439831475584248,0.174128915951148,NLR
303.233333333333,-0.578404247760773,-1.21004319190979,9.54217529296875,0.106707997620106,1.28811800479889,2.02745199203491,-917.100036621094,36.9000015258789,-890.100036621094,-0.307620727350566,-0.0412550086477976,0.135638766734749,ST
303.266666666667,-1.98822724819183,-1.25370764732361,11.5393743515015,1.53964400291443,1.12805593013763,2.0731840133667,-905.100036621094,37.5,-880.500061035156,-0.314633661238986,-0.151340543901588,0.109989661589741,ST
303.3,-1.60900461673737,-1.35000872612,10.8616781234741,1.19665396213531,0.967993974685669,1.71494996547699,-909.900024414062,36.9000015258789,-880.500061035156,-0.316754733079985,-0.148552386080527,0.119280746506131,ST
303.333333333333,-1.19808042049408,-0.769810020923615,10.8419399261475,1.00610399246216,-0.152439996600151,2.0731840133667,-909.900024414062,36.3000030517578,-870.900024414062,-0.326564576430624,-0.117660982298642,0.0788297512396696,ST
303.366666666667,-0.0430662930011749,-0.802109718322754,8.69520473480225,1.2423859834671,-2.17227005958557,1.75305998325348,-907.500061035156,35.1000022888184,-880.500061035156,-0.330171971787217,-0.0248636467505992,0.0874836398932096,ST
303.4,0.307445496320724,-1.25610029697418,8.31837463378906,1.2347639799118,-0.381099998950958,1.36433792114258,-921.900024414062,35.1000022888184,-880.500061035156,-0.333732704361346,0.0265155118326474,0.137609997203362,ST
303.433333333333,-0.132189601659775,-0.998300611972809,8.60189437866211,0.983237981796265,0.411587983369827,0.350611984729767,-921.900024414062,36.3000030517578,-882.900024414062,-0.334254150244909,-0.0074734090779261,0.118616638777314,ST
303.466666666667,-0.936691880226135,-1.10656452178955,8.90096569061279,0.655492007732391,0.647870004177094,0.746955990791321,-914.700012207031,35.7000007629395,-887.700012207031,-0.335723727741714,-0.0898820068293677,0.121848656057709,ST
303.5,-0.950449168682098,-1.13527536392212,8.9835090637207,-0.0381099991500378,0.342989981174469,1.08232402801514,-914.700012207031,33.9000015258789,-873.300048828125,-0.337811244176049,-0.102279401982066,0.124838820672102,ST
303.533333333333,-0.799118995666504,-1.25669836997986,9.40878868103027,-0.525918006896973,0.0533539988100529,1.45580196380615,-912.300048828125,33.9000015258789,-875.700012207031,-0.340567337120782,-0.0880108091943275,0.131730595626198,ST
303.566666666667,-1.23815596103668,-1.23277270793915,11.3360052108765,-0.304879993200302,-1.04421401023865,1.50153398513794,-909.900024414062,35.7000007629395,-880.500061035156,-0.346105986489048,-0.102904436177132,0.113250979963982,ST
303.6,-1.08503139019012,-1.16099548339844,10.8431358337402,0.663114011287689,-0.78506600856781,1.29574000835419,-921.900024414062,35.7000007629395,-866.100036621094,-0.349943843240188,-0.0989196093692359,0.106692765272667,ST
303.633333333333,-0.631639003753662,-0.970187902450562,9.48415470123291,0.663114011287689,-0.274392008781433,1.46342396736145,-912.300048828125,38.1000022888184,-878.100036621094,-0.353637884666206,-0.0725879761825534,0.101808167667705,ST
303.666666666667,-0.246434897184372,-0.869101762771606,8.37759017944336,-0.0914639979600906,-0.503051996231079,1.82927989959717,-905.100036621094,33.3000030517578,-885.300048828125,-0.357884957594178,-0.0375489101948791,0.10306212290432,ST
303.7,-0.370848655700684,-0.696238398551941,8.05638790130615,-0.533540010452271,0.0990860015153885,1.63110792636871,-902.700012207031,37.5,-873.300048828125,-0.362175740184668,-0.0445111680333509,0.0902519839293599,ST
303.733333333333,-0.846970438957214,-0.581993103027344,8.75142955780029,0.0152439996600151,1.13567793369293,1.45580196380615,-907.500061035156,39.9000015258789,-878.100036621094,-0.366684514562779,-0.0882004287828127,0.0707777756616825,ST
303.766666666667,-1.56474196910858,-0.866111040115356,9.67735481262207,0.960371971130371,1.43293595314026,1.12043392658234,-907.500061035156,33.9000015258789,-866.100036621094,-0.367237377513791,-0.149072263627283,0.0843605903990912,ST
303.8,-2.05701375007629,-0.643601834774017,10.3933324813843,1.08994603157043,1.12805593013763,0.663114011287689,-902.700012207031,33.9000015258789,-885.300048828125,-0.371411068344189,-0.187395710563184,0.0647504929324488,ST
303.833333333333,-0.693845868110657,-0.48150509595871,10.51296043396,0.525918006896973,-1.14329993724823,1.18140995502472,-902.700012207031,35.1000022888184,-880.500061035156,-0.376307482515068,-0.088837173758437,0.0486313527273773,ST
303.866666666667,0.37623193860054,-0.532945394515991,9.44707012176514,0.426831990480423,-2.32470989227295,0.434453994035721,-900.300048828125,35.1000022888184,-887.700012207031,-0.377425818219515,0.0200431728448904,0.0543598525997475,ST
303.9,0.668723821640015,-0.552684128284454,9.09536170959473,0.221037998795509,-1.49391198158264,-0.350611984729767,-893.100036621094,32.7000007629395,-880.500061035156,-0.377010598465454,0.0659198532383529,0.0592196870131993,ST
303.933333333333,0.48449581861496,-0.581993103027344,8.19754981994629,0.228659987449646,-0.434453994035721,-0.823175966739655,-907.500061035156,31.5000019073486,-878.100036621094,-0.375784412936244,0.0609836330444065,0.0681413290795847,ST
303.966666666667,0.317613929510117,-0.714780867099762,8.09646320343018,-0.167683988809586,0.716467976570129,-1.10518991947174,-909.900024414062,32.1000022888184,-873.300048828125,-0.373935103924455,0.0426047876676443,0.0842017072324857,ST
304.0,-0.274547636508942,-0.610105812549591,8.63778305053711,0.0533539988100529,0.525918006896973,-0.975615978240967,-905.100036621094,33.9000015258789,-878.100036621094,-0.371461694639524,-0.0173411460223697,0.0732017573656947,ST
304.033333333333,-1.51270353794098,-0.84158718585968,9.97881889343262,0.37347799539566,0.647870004177094,-0.144817993044853,-917.100036621094,33.9000015258789,-890.100036621094,-0.370340969423623,-0.125569227781015,0.0815358293944392,ST
304.066666666667,-1.93559062480927,-1.18013608455658,11.4167547225952,0.213415995240211,1.16616594791412,0.487807989120483,-900.300048828125,30.9000015258789,-875.700012207031,-0.368754636212266,-0.160383550936473,0.0982753548524834,ST
304.1,-2.4595639705658,-0.727341830730438,11.3976144790649,0.693601965904236,1.15854394435883,0.945127964019775,-905.100036621094,35.7000007629395,-875.700012207031,-0.375573621244853,-0.203407277844752,0.0695556655450497,ST
304.133333333333,-2.46434903144836,-0.747678697109222,11.0883741378784,0.83841997385025,1.17378795146942,1.21951997280121,-897.900024414062,35.7000007629395,-868.500061035156,-0.378418638993851,-0.216973309701582,0.066265030289018,ST
304.166666666667,-1.21123957633972,-0.694444000720978,8.88182544708252,0.121951997280121,-0.0762199983000755,0.495429992675781,-902.700012207031,29.1000003814697,-887.700012207031,-0.377822343487309,-0.151560819165474,0.0754020337852916,ST
304.2,-1.07306849956512,-0.482103228569031,8.09287452697754,0.0685980021953583,-0.457319974899292,0.137196004390717,-895.500061035156,31.5000019073486,-873.300048828125,-0.380016422954739,-0.134996133821213,0.0625695937974818,ST
304.233333333333,-1.09400343894958,-0.590367138385773,8.62103462219238,0.396344006061554,-0.167683988809586,0.480185985565186,-888.300048828125,36.9000015258789,-880.500061035156,-0.380562945832921,-0.127256513576703,0.0667324136860395,ST
304.266666666667,-1.27464270591736,-0.548497080802917,9.49252891540527,0.0533539988100529,-0.746955990791321,0.228659987449646,-909.900024414062,35.1000022888184,-880.500061035156,-0.382183342295694,-0.131140439381223,0.0592004921618639,ST
304.3,-0.86491471529007,-0.236266478896141,10.054783821106,-0.503051996231079,-1.82165801525116,-0.0228659994900227,-912.300048828125,27.9000015258789,-870.900024414062,-0.385720279022251,-0.0902581119046508,0.0298304834881746,ST
304.333333333333,0.250023752450943,-0.82364284992218,9.14919471740723,-1.33385002613068,-1.75305998325348,0.274392008781433,-902.700012207031,39.9000015258789,-868.500061035156,-0.384668929691491,0.0086713618216625,0.0809817028119979,ST
304.366666666667,-0.104076877236366,-1.03060030937195,9.40400409698486,-1.28049600124359,-0.190549999475479,0.0,-900.300048828125,35.1000022888184,-870.900024414062,-0.384729640552825,-0.0067705297382455,0.105260304579427,ST
304.4,-1.3039516210556,-0.988730311393738,9.65881252288818,-0.0457319989800453,2.12653803825378,0.0838419944047928,-890.700012207031,33.9000015258789,-873.300048828125,-0.38456536745905,-0.110843309721282,0.102756143312055,ST
304.433333333333,-1.60421943664551,-1.19927668571472,9.97941780090332,0.297257989645004,2.74391984939575,0.0762199983000755,-895.500061035156,35.7000007629395,-863.700012207031,-0.38215307709422,-0.153715924375172,0.116199323930349,ST
304.466666666667,-1.70052051544189,-0.86192399263382,10.3430881500244,0.602137982845306,1.65397393703461,-0.0457319989800453,-902.700012207031,32.1000022888184,-873.300048828125,-0.385731551836335,-0.162951315689916,0.0890149743207323,ST
304.5,-1.68437063694,-0.982150733470917,10.0063333511353,1.12805593013763,0.289635986089706,-0.0381099991500378,-885.900024414062,33.3000030517578,-875.700012207031,-0.384261810103456,-0.165771430871412,0.0945034086548844,ST
304.533333333333,-1.15740668773651,-0.896018147468567,8.93864822387695,0.457319974899292,0.503051996231079,-0.594515979290009,-890.700012207031,35.1000022888184,-863.700012207031,-0.382070011483636,-0.136331347270182,0.0983172761137481,ST
304.566666666667,-1.23995041847229,-0.739304721355438,8.69340991973877,-0.25152599811554,0.411587983369827,-0.365855991840363,-888.300048828125,29.7000007629395,-875.700012207031,-0.38264949984516,-0.140850880234305,0.0876867312238771,ST
304.6,-1.00188946723938,-1.00727272033691,9.21857929229736,-0.388722002506256,-0.419209986925125,-0.0304879993200302,-895.500061035156,30.9000015258789,-863.700012207031,-0.380522908993096,-0.112953514414022,0.105626886685393,ST
304.633333333333,-0.200377896428108,-1.09819054603577,8.24599933624268,-0.411587983369827,-1.08994603157043,-0.0381099991500378,-893.100036621094,33.9000015258789,-873.300048828125,-0.379113284902495,-0.0404914318123338,0.127591390564551,ST
304.666666666667,-0.773997008800507,-1.2118376493454,9.83705902099609,-0.411587983369827,-0.175305992364883,0.243903994560242,-893.100036621094,27.9000015258789,-882.900024414062,-0.379963527356548,-0.0701850388278312,0.124138345415895,ST
304.7,-1.17295837402344,-1.07605922222137,11.0154008865356,0.144817993044853,0.213415995240211,0.419209986925125,-900.300048828125,32.7000007629395,-868.500061035156,-0.382659518152366,-0.0988125068198531,0.102534487673362,ST
304.733333333333,-1.31770896911621,-1.28361487388611,10.5691862106323,0.594515979290009,-0.282013982534409,0.586893975734711,-888.300048828125,41.1000022888184,-868.500061035156,-0.38245065295474,-0.118220263163752,0.11643042973178,ST
304.766666666667,-1.09938681125641,-1.314120054245,9.27241230010986,0.282013982534409,-0.6250039935112,0.0762199983000755,-885.900024414062,36.3000030517578,-866.100036621094,-0.380501250309694,-0.116287966242644,0.135458115104028,ST
304.8,-1.55337727069855,-1.26208162307739,8.67546558380127,0.754577994346619,0.144817993044853,0.0914639979600906,-890.700012207031,41.1000022888184,-868.500061035156,-0.37953042605489,-0.165029801104026,0.141744515588766,ST
304.833333333333,-1.7525589466095,-1.18013608455658,8.42065715789795,1.15092194080353,1.19665396213531,0.0533539988100529,-897.900024414062,33.9000015258789,-868.500061035156,-0.37939734058185,-0.198575766799546,0.138022749790468,ST
304.866666666667,-2.4236752986908,-1.23935222625732,9.45424747467041,1.33385002613068,1.16616594791412,0.0685980021953583,-893.100036621094,33.3000030517578,-882.900024414062,-0.380260271855341,-0.24037866516705,0.130076579959786,ST
304.9,-3.2126259803772,-1.42836546897888,10.7791347503662,0.411587983369827,0.442075997591019,-0.129574000835419,-890.700012207031,37.5,-868.500061035156,-0.379319407079254,-0.280013230840686,0.130939511767083,ST
304.933333333333,-2.59474420547485,-1.19748222827911,10.65651512146,-0.83841997385025,-0.815553963184357,0.335367977619171,-885.900024414062,35.1000022888184,-866.100036621094,-0.384478541817734,-0.244916373381518,0.116714345567413,ST
304.966666666667,-1.41221559047699,-1.30813872814178,10.1247663497925,-1.19665396213531,-2.79727387428284,1.35671591758728,-888.300048828125,39.3000030517578,-873.300048828125,-0.3867086954524,-0.155469712788101,0.127399873001093,ST
305.0,-0.306847333908081,-1.14903259277344,9.07203483581543,-0.205793991684914,-2.38568592071533,1.71494996547699,-909.900024414062,33.9000015258789,-875.700012207031,-0.391881327703658,-0.0508866937980827,0.126304472845395,ST
305.033333333333,0.421690791845322,-1.10297560691833,7.58804178237915,0.975615978240967,-1.64635193347931,1.54726600646973,-902.700012207031,36.9000015258789,-878.100036621094,-0.395798334430593,0.0355618142058701,0.139371252076841,ST
305.066666666667,-0.122619308531284,-0.794932007789612,6.42405557632446,1.92836594581604,0.137196004390717,0.891773998737335,-900.300048828125,36.9000015258789,-878.100036621094,-0.397890289400404,-0.0107173890045032,0.122842853280473,ST
305.1,-1.37034559249878,-0.537132382392883,8.67785835266113,1.15092194080353,-0.121951997280121,1.74543797969818,-900.300048828125,34.5,-868.500061035156,-0.405613314611526,-0.130274121663882,0.0709884405597081,ST
305.133333333333,-1.41580438613892,-0.448009073734283,10.5003995895386,0.609759986400604,-1.30336201190948,2.4923939704895,-895.500061035156,36.9000015258789,-873.300048828125,-0.415061113649366,-0.131600249184471,0.0460247913064447,ST
305.166666666667,-1.11434030532837,-0.860727727413177,11.673357963562,0.937505960464478,-1.70732796192169,2.59148001670837,-902.700012207031,33.9000015258789,-861.300048828125,-0.41860140517779,-0.100162032170008,0.0663458957710191,ST
305.2,-0.957028746604919,-0.699827253818512,10.6756553649902,1.52439999580383,-0.518296003341675,1.63872992992401,-895.500061035156,30.9000015258789,-880.500061035156,-0.422384308742279,-0.0908478040032482,0.0632966336949328,ST
305.233333333333,-0.56763768196106,-0.863718450069427,9.90764045715332,0.899396002292633,0.160062000155449,0.327746003866196,-883.500061035156,36.9000015258789,-878.100036621094,-0.421590136207151,-0.0629632302154605,0.0816576508452641,ST
305.266666666667,-0.0484495796263218,-0.525767683982849,8.54566860198975,-0.0076219998300075,-0.472563982009888,-0.655492007732391,-890.700012207031,41.1000022888184,-887.700012207031,-0.420765415605964,-0.0158012513963482,0.065313704043973,ST
305.3,0.028710862621665,-0.785959839820862,7.45884275436401,0.434453994035721,0.0381099991500378,-0.426831990480423,-893.100036621094,39.3000030517578,-882.900024414062,-0.419433170008603,0.000533331092647,0.0976975400936225,ST
305.333333333333,-1.40324342250824,-0.916953146457672,9.17012977600098,1.34909391403198,0.815553963184357,-0.152439996600151,-905.100036621094,33.9000015258789,-878.100036621094,-0.418679595440901,-0.125052260444376,0.0974021546190142,ST
305.366666666667,-1.83330821990967,-0.62147057056427,10.6319913864136,0.907018005847931,0.198172003030777,0.548784017562866,-890.700012207031,36.3000030517578,-890.100036621094,-0.424232283391692,-0.161656635212525,0.0649214584109682,ST
305.4,-0.574217259883881,-0.447410941123962,9.39802265167236,0.0076219998300075,-2.24848985671997,1.36433792114258,-905.100036621094,32.7000007629395,-870.900024414062,-0.429333412566564,-0.0782272779414815,0.0508274910998073,ST
305.433333333333,-0.930112302303314,-0.703416109085083,9.27241230010986,-0.3125019967556,-1.74543797969818,2.30946588516235,-905.100036621094,38.7000007629395,-873.300048828125,-0.433216842771591,-0.0931498991329361,0.0708229369527988,ST
305.466666666667,-1.74956822395325,-0.553282260894775,11.4753732681274,-0.716467976570129,0.0457319989800453,2.18751406669617,-900.300048828125,27.3000011444092,-882.900024414062,-0.440420652574161,-0.139672457680739,0.0533871986882503,ST
305.5,-1.00846910476685,-0.575413525104523,9.48654747009277,-0.106707997620106,0.884151995182037,1.77592599391937,-900.300048828125,38.7000007629395,-880.500061035156,-0.443681706459585,-0.113930388990045,0.0589945131838176,ST
305.533333333333,-1.19748222827911,-0.947458446025848,9.26463603973389,-0.327746003866196,0.46494197845459,0.914639949798584,-890.700012207031,33.3000030517578,-868.500061035156,-0.441643725498103,-0.125836969149288,0.0935531115584082,ST
305.566666666667,-1.89551508426666,-0.482701390981674,10.4609222412109,0.0990860015153885,-1.01372599601746,0.160062000155449,-902.700012207031,25.5000019073486,-880.500061035156,-0.447689208160123,-0.166961377687502,0.0555640660141768,ST
305.6,-1.86082279682159,-0.246434897184372,9.39862060546875,1.15092194080353,-1.34147191047668,0.92988395690918,-885.900024414062,41.1000022888184,-868.500061035156,-0.454038524935527,-0.188159250589404,0.0299292424562925,ST
305.633333333333,-1.31651270389557,-0.288304924964905,8.66649341583252,1.86738991737366,-0.647870004177094,1.31860601902008,-902.700012207031,34.5,-866.100036621094,-0.456377221823757,-0.157377817443027,0.0296780255745964,ST
305.666666666667,-1.3039516210556,-0.189611315727234,8.78313159942627,1.60061991214752,-0.670735955238342,1.19665396213531,-900.300048828125,40.5,-892.500061035156,-0.459941294838863,-0.148475498551231,0.0207271169288134,ST
305.7,-1.31711077690125,0.234472051262856,8.59591293334961,1.02897000312805,-1.44055795669556,0.640248000621796,-895.500061035156,32.7000007629395,-873.300048828125,-0.466967336837474,-0.149289744452907,-0.0191517556108861,ST
305.733333333333,-1.16936945915222,-0.0029907147400081,9.09476375579834,0.129574000835419,-1.05183601379395,0.792688012123108,-890.700012207031,26.7000007629395,-885.300048828125,-0.466580072516758,-0.130719012553353,-0.0039169946726432,ST
305.766666666667,-1.55457353591919,-0.0490477234125137,10.278489112854,-0.0381099991500378,-0.434453994035721,0.571649968624115,-895.500061035156,22.5,-899.700012207031,-0.466949484895912,-0.145594133679277,0.0029559304731083,ST
305.8,-1.21004319190979,-0.602928102016449,9.71982288360596,-0.655492007732391,-0.274392008781433,0.205793991684914,-909.900024414062,35.1000022888184,-885.300048828125,-0.460966429514019,-0.127194892655441,0.0523410909479151,ST
305.833333333333,-0.983945190906525,-0.60950767993927,9.71025276184082,-1.46342396736145,-0.46494197845459,-0.213415995240211,-895.500061035156,25.5000019073486,-882.900024414062,-0.459732029214821,-0.105445044849735,0.0626751952571932,ST
305.866666666667,-0.0299071483314037,-0.959421336650848,8.99726676940918,-2.21037983894348,-0.571649968624115,0.221037998795509,-909.900024414062,36.3000030517578,-873.300048828125,-0.458238078332841,-0.0231543669695284,0.100541189467775,ST
305.9,0.0568235814571381,-1.01564681529999,8.85131931304932,-1.21189796924591,-0.0304879993200302,0.670735955238342,-907.500061035156,30.9000015258789,-878.100036621094,-0.459670234092334,0.0003649247341261,0.113166720183494,ST
305.933333333333,0.489280939102173,-1.27643704414368,8.90036773681641,-0.663114011287689,0.0685980021953583,0.350611984729767,-902.700012207031,36.3000030517578,-885.300048828125,-0.461060964548601,0.0451305378889456,0.138498112163631,ST
305.966666666667,-0.0442625805735588,-1.10895705223083,8.76518726348877,0.114329993724823,-0.121951997280121,-0.731711983680725,-900.300048828125,34.5,-882.900024414062,-0.459074940241728,0.004252101585169,0.12792710452593,ST
306.0,-0.240453481674194,-1.22559499740601,10.0888776779175,-0.655492007732391,-0.0990860015153885,-1.27287399768829,-900.300048828125,35.1000022888184,-887.700012207031,-0.4562354768104,-0.0176743594743212,0.123240457625376,ST
306.033333333333,0.128002598881721,-1.14484560489655,9.73417854309082,-0.731711983680725,-0.861285984516144,-0.861285984516144,-900.300048828125,33.9000015258789,-870.900024414062,-0.454532155890154,0.0082025684475923,0.119334637874829,ST
306.066666666667,-0.238659039139748,-1.49655365943909,8.75083160400391,-1.20427596569061,-0.129574000835419,-0.213415995240211,-914.700012207031,38.7000007629395,-875.700012207031,-0.453841108671487,-0.0199849905630761,0.161575168469782,ST
306.1,-1.3398402929306,-1.8626172542572,10.4399871826172,-1.97409796714783,1.98171997070312,0.907018005847931,-897.900024414062,39.3000030517578,-870.900024414062,-0.454482868622242,-0.107252846302677,0.176203975415517,ST
306.133333333333,-1.65565979480743,-1.8386914730072,11.5196352005005,-1.88263392448425,2.72105383872986,1.63872992992401,-897.900024414062,46.5,-870.900024414062,-0.459228377419757,-0.138765397330819,0.164141155737334,ST
306.166666666667,-1.57072341442108,-2.14613699913025,9.53798770904541,-0.746955990791321,2.97257995605469,2.5000159740448,-895.500061035156,38.1000022888184,-870.900024414062,-0.456936892989864,-0.159935147092473,0.210395865980933,ST
306.2,-1.67061328887939,-2.48707842826843,9.73956203460693,-0.274392008781433,3.23172783851624,1.47866797447205,-888.300048828125,31.5000019073486,-861.300048828125,-0.453460311111789,-0.168606447357753,0.242245318628086,ST
306.233333333333,-2.27354145050049,-2.08393001556396,9.64266300201416,0.144817993044853,1.95885396003723,0.411587983369827,-890.700012207031,36.3000030517578,-875.700012207031,-0.458024620010735,-0.219693948667936,0.217630924542106,ST
306.266666666667,-2.11383724212646,-1.79801774024963,7.71664237976074,0.3125019967556,0.823175966739655,0.335367977619171,-878.700012207031,39.9000015258789,-854.100036621094,-0.456083902353012,-0.255530727561339,0.226613296050963,ST
306.3,-2.49425625801086,-1.70829629898071,8.23403644561768,0.800309956073761,-0.190549999475479,1.2576299905777,-885.900024414062,41.1000022888184,-880.500061035156,-0.463941313368695,-0.282948887081231,0.206610347190215,ST
306.333333333333,-2.11563158035278,-1.97746062278748,8.58036136627197,1.09756803512573,-1.78354799747467,1.82927989959717,-890.700012207031,37.5,-875.700012207031,-0.464634448781435,-0.2428434944838,0.220431699707527,ST
306.366666666667,-1.58208811283112,-1.74777376651764,8.74963569641113,1.13567793369293,-2.53050398826599,1.2500079870224,-888.300048828125,38.7000007629395,-844.500061035156,-0.472893183440321,-0.183543746372197,0.198871117799675,ST
306.4,-2.13178157806396,-1.40862667560577,10.3239479064941,1.90549993515015,-3.29270386695862,1.89025592803955,-890.700012207031,41.1000022888184,-854.100036621094,-0.488230292144835,-0.194356231048499,0.143547455528935,ST
306.433333333333,-1.84586918354034,-1.29019439220428,10.6535243988037,2.33995389938354,-2.78202986717224,2.65245604515076,-883.500061035156,27.9000015258789,-866.100036621094,-0.498118308304148,-0.171804578884308,0.121138380742963,ST
306.466666666667,-1.07605922222137,-0.916953146457672,9.30830097198486,2.11129403114319,-1.76830399036407,2.94971394538879,-895.500061035156,36.9000015258789,-873.300048828125,-0.507753770828424,-0.124060344851809,0.0992533287383518,ST
306.5,-0.96958976984024,-0.833811283111572,8.86746978759766,2.25611186027527,-1.06708002090454,3.15550804138184,-890.700012207031,27.9000015258789,-868.500061035156,-0.515506352375262,-0.110513819474054,0.0912005786636952,ST
306.533333333333,-0.693247675895691,-0.611900269985199,8.3997220993042,1.6920839548111,-0.3125019967556,2.78202986717224,-878.700012207031,27.9000015258789,-875.700012207031,-0.523266356172057,-0.0877203711774854,0.0737123561419008,ST
306.566666666667,-0.416905641555786,-0.549693405628204,7.96786260604858,0.975615978240967,-0.960371971130371,2.97257995605469,-885.900024414062,29.1000003814697,-870.900024414062,-0.530472481220527,-0.0582745420160423,0.0682129703273463,ST
306.6,-0.279332756996155,-0.808091163635254,8.95479869842529,0.556405961513519,-1.96647596359253,2.30184388160706,-890.700012207031,36.3000030517578,-875.700012207031,-0.535279090560109,-0.0340715758021855,0.0846948801886481,ST
306.633333333333,-0.43724250793457,-0.91575688123703,9.36811542510986,0.823175966739655,-1.79117000102997,1.85976791381836,-893.100036621094,27.9000015258789,-899.700012207031,-0.539899479882661,-0.0420032575896418,0.0939888756132771,ST
306.666666666667,0.41451308131218,-1.00488018989563,9.234130859375,0.25152599811554,-2.87349390983582,1.48628997802734,-895.500061035156,33.9000015258789,-880.500061035156,-0.544287826612885,0.0339795587447087,0.105647958084455,ST
306.7,1.08443319797516,-0.869699895381927,8.45355415344238,-0.0685980021953583,-3.81099987030029,0.87652999162674,-893.100036621094,34.5,-890.100036621094,-0.547029098420096,0.113316597351356,0.103411186498218,ST
306.733333333333,0.521580696105957,-1.05931115150452,9.14082050323486,-0.0076219998300075,-1.98171997070312,0.716467976570129,-902.700012207031,32.1000022888184,-885.300048828125,-0.550042075979778,0.0706867884864512,0.113087929619925,ST
306.766666666667,-0.0107665732502937,-0.971384167671204,11.2732009887695,-0.266770005226135,-1.81403601169586,0.198172003030777,-909.900024414062,32.7000007629395,-868.500061035156,-0.550016177055902,0.0144072006553105,0.0911895180414634,ST
306.8,-0.924130916595459,-0.863120317459106,10.9029502868652,0.960371971130371,-0.495429992675781,0.78506600856781,-897.900024414062,35.1000022888184,-894.900024414062,-0.552327354217812,-0.0670788369885606,0.0796055271043193,ST
306.833333333333,-1.20824885368347,-0.614292860031128,10.7229089736938,1.27287399768829,1.14329993724823,0.800309956073761,-895.500061035156,30.9000015258789,-885.300048828125,-0.555629648452445,-0.106211201971151,0.0590446724086613,ST
306.866666666667,-1.41999137401581,-0.186620607972145,10.1504859924316,0.868907988071442,1.46342396736145,0.114329993724823,-909.900024414062,30.3000011444092,-878.100036621094,-0.559549290720063,-0.134422521016942,0.0253855197834147,ST
306.9,-1.97805881500244,0.383409649133682,10.4316129684448,1.89025592803955,2.43141794204712,0.419209986925125,-895.500061035156,32.7000007629395,-882.900024414062,-0.568006148246623,-0.180031115096494,-0.0268552449773262,ST
306.933333333333,-1.43075799942017,-0.0968991592526436,9.38486289978027,1.37195992469788,3.01831197738647,1.6692179441452,-893.100036621094,33.3000030517578,-887.700012207031,-0.566692764464695,-0.161287129465224,0.0005621555616255,ST
306.966666666667,-1.41939330101013,0.244640469551086,9.50030517578125,0.655492007732391,1.20427596569061,0.647870004177094,-881.100036621094,31.5000019073486,-878.100036621094,-0.571668095571254,-0.152185404950572,-0.0224419423740422,ST
307.0,-1.0916109085083,-0.072973445057869,8.75262641906738,0.0914639979600906,1.01372599601746,0.0381099991500378,-885.900024414062,31.5000019073486,-875.700012207031,-0.568294163231142,-0.131160702060587,0.0020215507816883,ST
307.033333333333,-1.23456704616547,-0.197387173771858,9.2939453125,0.0914639979600906,0.823175966739655,-0.609759986400604,-881.100036621094,28.5000019073486,-870.900024414062,-0.564836759996399,-0.132997164235859,0.0173516411437907,ST
307.066666666667,-1.57909739017487,-0.388194799423218,8.83337497711182,-0.0914639979600906,0.670735955238342,-0.670735955238342,-897.900024414062,26.7000007629395,-868.500061035156,-0.55968354356448,-0.170790974569759,0.0400073254777732,ST
307.1,-1.25071692466736,-0.41451308131218,8.98769664764404,-1.06708002090454,0.0838419944047928,-0.853663980960846,-876.300048828125,33.9000015258789,-878.100036621094,-0.557094697047999,-0.144769231311732,0.0465369504375609,ST
307.133333333333,-0.37324121594429,-0.663938701152802,7.87335586547852,-1.62348592281342,-0.899396002292633,-0.868907988071442,-890.700012207031,29.1000003814697,-868.500061035156,-0.552142483377705,-0.0643774443808013,0.0794374978651452,ST
307.166666666667,-1.42178583145142,-1.275838971138,10.1223735809326,-1.12043392658234,0.274392008781433,-0.525918006896973,-876.300048828125,30.3000011444092,-870.900024414062,-0.547329225277026,-0.125531249277168,0.118806642812817,ST
307.2,-0.760837852954865,-1.67480027675629,10.2790870666504,-2.11891603469849,-0.0304879993200302,-0.754577994346619,-883.500061035156,35.1000022888184,-875.700012207031,-0.542173454704143,-0.0827231510929097,0.156533520049977,DLL
307.233333333333,-0.713584542274475,-1.59763991832733,10.4375944137573,-2.23324584960938,-0.426831990480423,-0.647870004177094,-890.700012207031,33.9000015258789,-880.500061035156,-0.54128926706244,-0.0698211599584442,0.155993127775586,DLL
307.266666666667,-0.477318078279495,-1.338045835495,9.11270809173584,-1.31098401546478,-0.861285984516144,-0.144817993044853,-883.500061035156,39.9000015258789,-870.900024414062,-0.541840680884781,-0.0541961690049537,0.149673141414926,DLL
307.3,-0.32239904999733,-1.65027642250061,7.9337682723999,-0.411587983369827,-0.525918006896973,0.792688012123108,-890.700012207031,38.1000022888184,-858.900024414062,-0.541770260643414,-0.0419870741771398,0.195085238998284,DLL
307.333333333333,-0.97557121515274,-1.47801125049591,7.92898321151733,0.0457319989800453,0.396344006061554,0.952749967575073,-895.500061035156,32.1000022888184,-858.900024414062,-0.544381932085977,-0.105340736312843,0.186315206906758,DLL
307.366666666667,-1.66283750534058,-1.50552582740784,9.36572265625,-0.259148001670837,0.182927995920181,1.18140995502472,-881.100036621094,29.7000007629395,-868.500061035156,-0.549864611566276,-0.160307668403861,0.164997721239679,DLL
307.4,-1.95413303375244,-1.54081630706787,10.2414035797119,-0.693601965904236,-0.846041977405548,1.10518991947174,-888.300048828125,35.7000007629395,-868.500061035156,-0.554920911681261,-0.180290904625071,0.153168081932765,DLL
307.433333333333,-2.4356381893158,-1.47741317749023,11.9084281921387,-0.922261953353882,-1.14329993724823,2.11891603469849,-885.900024414062,29.7000007629395,-873.300048828125,-0.564727673865556,-0.195066361618947,0.130128190150593,DLL
307.466666666667,-1.21123957633972,-0.977963745594025,10.1726179122925,-0.617381989955902,-2.69818782806396,4.29880809783936,-881.100036621094,33.3000030517578,-870.900024414062,-0.579846130669267,-0.130437687263486,0.102608907585029,DLL
307.5,-0.104076877236366,-1.23217451572418,7.27042770385742,0.0838419944047928,-2.88111591339111,6.09759998321533,-885.900024414062,30.3000011444092,-858.900024414062,-0.590306474074216,-0.0348507830427671,0.154105413578296,DLL
307.533333333333,-0.747678697109222,-0.912168025970459,7.80217695236206,0.144817993044853,-0.922261953353882,6.76071405410767,-897.900024414062,33.3000030517578,-866.100036621094,-0.6088114755696,-0.0841134917905607,0.122248736443215,DLL
307.566666666667,-0.644798099994659,-0.890036761760712,8.05578994750977,-0.411587983369827,-0.87652999162674,8.13267421722412,-885.900024414062,33.3000030517578,-866.100036621094,-0.630815698112716,-0.0802189098402546,0.111590030796945,DLL
307.6,-0.977365612983704,-0.991122901439667,9.0792121887207,-1.6768399477005,-2.08842802047729,9.9314661026001,-881.100036621094,30.9000015258789,-873.300048828125,-0.654431612538366,-0.0999164345977449,0.110314608116578,DLL
307.633333333333,-2.03009724617004,-1.28540921211243,10.0523910522461,-2.86587190628052,-1.85214591026306,11.722635269165,-883.500061035156,25.5000019073486,-873.300048828125,-0.680304310481001,-0.177311429584733,0.125133468405886,DLL
307.666666666667,-3.15221357345581,-1.28540921211243,12.6543130874634,-3.353679895401,-0.426831990480423,12.5458116531372,-878.700012207031,27.9000015258789,-861.300048828125,-0.715650649294916,-0.232566326957388,0.106406713677034,DLL
307.7,-0.0179442893713713,-2.52715396881104,10.0517930984497,-3.56709599494934,-1.76068198680878,12.3323955535889,-876.300048828125,27.9000015258789,-870.900024414062,-0.731369100560209,-0.0420092391401024,0.226571922744052,DLL
307.733333333333,0.951645493507385,-2.45537686347961,8.69340991973877,-3.03355598449707,-1.92836594581604,7.60675573348999,-878.700012207031,24.9000015258789,-878.100036621094,-0.751227393752442,0.0784623408006402,0.27136160583945,DLL
307.766666666667,0.145348742604256,-2.13656663894653,8.23882102966309,-1.20427596569061,-0.503051996231079,5.12960577011108,-878.700012207031,29.7000007629395,-882.900024414062,-0.763157909311932,0.0261685273585756,0.258735460742411,DLL
307.8,-0.86192399263382,-1.80340111255646,8.1544828414917,0.518296003341675,1.41769194602966,3.06404399871826,-881.100036621094,26.1000003814697,-885.300048828125,-0.770089667558917,-0.0796734193670529,0.22509816020734,DLL
307.833333333333,-1.66881883144379,-1.45109486579895,9.37409687042236,0.487807989120483,1.49391198158264,1.6844619512558,-866.700012207031,24.9000015258789,-868.500061035156,-0.78014654434247,-0.158731529577173,0.166370658947455,DLL
307.866666666667,-1.41281366348267,-1.32249414920807,8.92489147186279,-0.396344006061554,-1.2423859834671,0.754577994346619,-881.100036621094,22.5,-885.300048828125,-0.785080483871253,-0.154289760443407,0.150703501517901,DLL
307.9,-1.56952714920044,-1.5683308839798,9.82330226898193,-0.907018005847931,-1.47104597091675,0.358233988285065,-876.300048828125,18.9000015258789,-885.300048828125,-0.785613353890601,-0.154097505839739,0.157920458150026,DLL
307.933333333333,-0.774595141410828,-1.76212918758392,9.69828987121582,-1.49391198158264,-2.40855193138123,0.442075997591019,-890.700012207031,23.7000007629395,-878.100036621094,-0.785579230642094,-0.0904738208654096,0.177324048413667,DLL
307.966666666667,-0.37025049328804,-1.83330821990967,9.33402061462402,-1.06708002090454,-2.11891603469849,0.160062000155449,-881.100036621094,24.9000015258789,-873.300048828125,-0.78606165511434,-0.0451698335877448,0.192468655383605,DLL
308.0,0.308641761541367,-2.08632278442383,9.27540302276611,-1.02134799957275,-2.09605002403259,0.891773998737335,-888.300048828125,23.1000003814697,-878.100036621094,-0.789064911761073,0.0221195450839142,0.217908113333127,DLL
308.033333333333,0.410326063632965,-2.01933073997498,9.72101974487305,-0.716467976570129,-2.25611186027527,0.647870004177094,-897.900024414062,29.1000003814697,-878.100036621094,-0.791277695600182,0.040324748540902,0.20850823454435,DLL
308.066666666667,1.11852741241455,-2.30763554573059,8.28427982330322,0.243903994560242,-1.19665396213531,1.18140995502472,-888.300048828125,26.1000003814697,-875.700012207031,-0.798436336289875,0.112601108309336,0.258654213946024,DLL
308.1,0.396568775177002,-2.07794857025146,9.0373420715332,0.868907988071442,0.289635986089706,1.01372599601746,-878.700012207031,24.3000011444092,-882.900024414062,-0.798411335046207,0.056102755751895,0.231435510059135,DLL
308.133333333333,-1.07605922222137,-1.87278568744659,11.2887525558472,2.39330792427063,0.0609759986400604,1.33385002613068,-890.700012207031,26.1000003814697,-880.500061035156,-0.802008152751205,-0.0689641671884162,0.172190656661544,DLL
308.166666666667,-0.678294122219086,-1.52765715122223,9.72580432891846,2.9344699382782,-0.320124000310898,1.73781597614288,-881.100036621094,32.1000022888184,-885.300048828125,-0.806797144660786,-0.0687687533770454,0.154843710423037,DLL
308.2,-1.61737859249115,-0.736313998699188,10.154673576355,3.07166600227356,1.35671591758728,2.0655620098114,-873.900024414062,24.3000011444092,-878.100036621094,-0.817771462906951,-0.141840504858777,0.0845759276060434,DLL
308.233333333333,-1.59763991832733,-0.397166937589645,9.18986892700195,2.96495795249939,1.95885396003723,2.15702605247498,-883.500061035156,22.5,-870.900024414062,-0.827136185031382,-0.168807372956125,0.0469717638995867,DLL
308.266666666667,-1.58687329292297,-0.288903057575226,8.80526256561279,2.0579400062561,2.60672402381897,1.17378795146942,-869.100036621094,27.9000015258789,-875.700012207031,-0.831246271644345,-0.180006842519173,0.0325215139492171,DLL
308.3,-1.28361487388611,-0.302062213420868,8.24360656738281,0.655492007732391,1.50915598869324,0.0,-876.300048828125,22.5,-863.700012207031,-0.830469204612319,-0.161635663014226,0.0349022306365094,DLL
308.333333333333,-2.24542880058289,-0.320604622364044,9.1988410949707,-0.442075997591019,0.480185985565186,-0.160062000155449,-869.100036621094,20.1000003814697,-858.900024414062,-0.830145043695605,-0.224258624367718,0.035530868098235,DLL
308.366666666667,-2.1951847076416,-0.852353751659393,9.29813289642334,-1.17378795146942,-0.304879993200302,0.457319974899292,-861.900024414062,18.9000015258789,-863.700012207031,-0.82116627484242,-0.229443070791573,0.0835642287946849,DLL
308.4,-1.38649535179138,-0.908579170703888,8.16883850097656,-3.33081388473511,-2.72105383872986,0.92988395690918,-869.100036621094,20.7000007629395,-866.100036621094,-0.82013847528541,-0.176041459190091,0.109654956090583,DLL
308.433333333333,-1.96430146694183,-0.903794050216675,8.64077377319336,-3.18599581718445,-3.26983785629272,2.11891603469849,-881.100036621094,18.9000015258789,-873.300048828125,-0.827215769738531,-0.208803307657739,0.109081798662669,DLL
308.466666666667,-1.13407909870148,-1.59524726867676,8.29624271392822,-3.15550804138184,-3.00306797027588,3.48325395584106,-890.700012207031,28.5000019073486,-892.500061035156,-0.825763740367307,-0.142686350732535,0.180170862750849,DLL
308.5,-0.773398876190186,-1.84706544876099,9.45604228973389,-3.08691000938416,-2.42379593849182,3.52898597717285,-873.900024414062,20.1000003814697,-873.300048828125,-0.833941284133325,-0.0903332319148789,0.194073765261942,DLL
308.533333333333,-0.888840436935425,-2.57799625396729,10.8981647491455,-2.98782396316528,-2.5152599811554,2.70580983161926,-873.900024414062,30.9000015258789,-875.700012207031,-0.838906341216685,-0.0788509691933194,0.228373828421112,DLL
308.566666666667,-0.100488021969795,-2.88783431053162,10.5614109039307,-2.9116039276123,-2.75916385650635,1.21951997280121,-885.900024414062,27.3000011444092,-880.500061035156,-0.841789443536599,-0.0199404170032581,0.263111689929724,DLL
308.6,0.0622068680822849,-2.9063766002655,10.1289529800415,-2.11129403114319,-1.37958192825317,0.594515979290009,-890.700012207031,26.1000003814697,-887.700012207031,-0.843863004026891,0.002319055718275,0.279077108733709,DLL
308.633333333333,1.01983380317688,-3.07744550704956,9.0493049621582,-1.92836594581604,-1.76068198680878,0.419209986925125,-897.900024414062,23.7000007629395,-875.700012207031,-0.847656885104799,0.0874610218002945,0.320680678400479,DLL
308.666666666667,0.791343152523041,-2.60790324211121,6.94503784179688,-1.15092194080353,-2.0579400062561,0.914639949798584,-890.700012207031,19.5,-861.300048828125,-0.854068359971087,0.104756169597087,0.353245637157162,DLL
308.7,0.282921612262726,-2.55526685714722,7.80456972122192,-0.0228659994900227,0.434453994035721,1.84452390670776,-888.300048828125,26.7000007629395,-892.500061035156,-0.855510738188427,0.0472137652980965,0.323978411084623,DLL
308.733333333333,-1.16039741039276,-2.5738091468811,11.3862495422363,0.846041977405548,1.31860601902008,2.32470989227295,-893.100036621094,21.3000011444092,-890.100036621094,-0.860821823573218,-0.0721224279766673,0.241682244361864,DLL
308.766666666667,-0.865512907505035,-3.21920537948608,11.625506401062,0.365855991840363,-0.167683988809586,2.5152599811554,-885.900024414062,25.5000019073486,-878.100036621094,-0.864866591496923,-0.0723967668516008,0.263639776275026,DLL
308.8,-0.0311034340411425,-2.66771769523621,8.23642826080322,-0.83841997385025,-1.6920839548111,0.114329993724823,-885.900024414062,22.5,-887.700012207031,-0.864509179321854,-0.0152679145601401,0.304383277352582,DLL
308.833333333333,-0.988730311393738,-2.65874552726746,10.8862018585205,0.952749967575073,1.50915598869324,1.60824191570282,-883.500061035156,29.7000007629395,-880.500061035156,-0.869979987589144,-0.0792992921516287,0.248291877231478,DLL
308.866666666667,-0.887046039104462,-2.59474420547485,9.90225696563721,1.60824191570282,0.525918006896973,1.14329993724823,-869.100036621094,31.5000019073486,-882.900024414062,-0.871585932835302,-0.0861060336652871,0.252308165871715,DLL
308.9,-1.52646088600159,-1.95712375640869,8.33093547821045,2.12653803825378,0.92988395690918,0.579271972179413,-878.700012207031,23.1000003814697,-885.300048828125,-0.874233778507228,-0.159706138770374,0.232112286077021,DLL
308.933333333333,-2.67130661010742,-1.68915569782257,9.90883636474609,2.33995389938354,2.40855193138123,1.44055795669556,-876.300048828125,18.3000011444092,-863.700012207031,-0.886643321296164,-0.246783760242925,0.175981094289589,DLL
308.966666666667,-2.85074949264526,-1.85843026638031,10.9789142608643,1.74543797969818,1.85976791381836,1.90549993515015,-873.900024414062,23.1000003814697,-856.500061035156,-0.891838982221711,-0.253113454920124,0.165956810653537,DLL
309.0,0.116637878119946,-2.38180541992188,7.82071924209595,-1.15092194080353,-2.01982998847961,0.861285984516144,-871.500061035156,22.5,-873.300048828125,-0.879765244768209,-0.0315560411440765,0.274320309736472,DLL
309.033333333333,-0.941477060317993,-1.81177508831024,7.54437732696533,-1.02134799957275,-3.94057393074036,1.44817996025085,-876.300048828125,27.3000011444092,-863.700012207031,-0.887371038319557,-0.0979355638742649,0.24470800474312,DLL
309.066666666667,-0.53234726190567,-1.83450448513031,7.89130020141602,2.080806016922,-0.411587983369827,1.92836594581604,-878.700012207031,26.1000003814697,-870.900024414062,-0.89285919430203,-0.0721873989195886,0.228575586011733,DLL
309.1,-0.504234552383423,-1.63532292842865,7.83447647094727,2.62959003448486,-0.0685980021953583,0.92988395690918,-878.700012207031,24.3000011444092,-868.500061035156,-0.896357483815915,-0.0645673560779791,0.205411047191161,DLL
309.133333333333,-1.08921837806702,-1.59943425655365,9.64505577087402,0.655492007732391,-1.63872992992401,1.70732796192169,-859.500061035156,30.3000011444092,-878.100036621094,-0.903573232623247,-0.0997889095821265,0.171488561411885,DLL
309.166666666667,-0.201574176549911,-1.93917953968048,9.43271446228027,-1.46342396736145,-3.52898597717285,1.89025592803955,-888.300048828125,26.1000003814697,-878.100036621094,-0.908462176293944,-0.0288083239416412,0.199821802557088,DLL
309.2,-0.422288924455643,-2.04684519767761,11.2929391860962,-0.342989981174469,-3.3460578918457,3.50611996650696,-878.700012207031,18.3000011444092,-890.100036621094,-0.91836234565817,-0.0315065920870806,0.183745924423024,DLL
309.233333333333,1.14843451976776,-2.43085312843323,9.13483905792236,0.556405961513519,-2.80489587783813,2.62196803092957,-888.300048828125,26.1000003814697,-878.100036621094,-0.928460827073969,0.098308010087885,0.246587691028024,DLL
309.266666666667,0.762034118175507,-1.72803509235382,8.13235187530518,1.38720393180847,-0.92988395690918,0.975615978240967,-885.900024414062,32.1000022888184,-892.500061035156,-0.928413844503968,0.093767224312143,0.215086427663506,DLL
309.3,0.933103024959564,-1.94635725021362,6.8098578453064,0.754577994346619,-0.914639949798584,-0.106707997620106,-890.700012207031,18.9000015258789,-899.700012207031,-0.93457020330263,0.126098278697517,0.266628137488385,DLL
309.333333333333,-0.830222427845001,-1.52945160865784,8.74425220489502,0.510673999786377,0.533540010452271,-0.800309956073761,-895.500061035156,18.9000015258789,-899.700012207031,-0.929657075489194,-0.0492118917148627,0.191411086094282,DLL
309.366666666667,-0.435448080301285,-2.29866337776184,8.72271919250488,-0.823175966739655,0.480185985565186,-0.0304879993200302,-888.300048828125,16.5,-892.500061035156,-0.92678963902602,-0.0490840643852252,0.245452447973184,DLL
309.4,-0.996506214141846,-2.65515661239624,11.9867849349976,-2.27135586738586,0.419209986925125,0.800309956073761,-885.900024414062,23.7000007629395,-887.700012207031,-0.929847691365802,-0.0753871230454535,0.226636465961324,DLL
309.433333333333,1.07486295700073,-3.60082077980042,10.2808809280396,-1.61586391925812,-3.09453201293945,2.38568592071533,-900.300048828125,26.1000003814697,-885.300048828125,-0.937893791918342,0.0741107941065421,0.321854965568579,DLL
309.466666666667,0.38939106464386,-2.77598142623901,8.81363677978516,-0.442075997591019,-1.83690190315247,1.6920839548111,-890.700012207031,23.1000003814697,-882.900024414062,-0.942338826654426,0.0495912646591602,0.30891961420056,DLL
309.5,0.468345940113068,-2.38300156593323,8.52592945098877,1.21189796924591,1.01372599601746,1.07470202445984,-890.700012207031,27.3000011444092,-875.700012207031,-0.942637465182764,0.0504270215848421,0.278235432656646,DLL
309.533333333333,-0.747678697109222,-1.71547400951385,9.5924186706543,1.89787793159485,1.53202199935913,1.09756803512573,-893.100036621094,20.1000003814697,-890.100036621094,-0.944395402135792,-0.0533306836141761,0.194802668741008,DLL
309.566666666667,-0.794333875179291,-1.52526462078094,11.5537300109863,1.98171997070312,1.98934197425842,0.967993974685669,-893.100036621094,23.1000003814697,-880.500061035156,-0.948977628289963,-0.068470398897704,0.139703887998376,DLL
309.6,-0.120824880897999,-1.64010798931122,11.6679744720459,3.23934984207153,1.54726600646973,-0.190549999475479,-885.900024414062,29.7000007629395,-875.700012207031,-0.947818106844933,-0.0222078129085941,0.134978068637262,DLL
309.633333333333,-0.967795312404633,-1.11792922019958,10.3353128433228,4.30642986297607,1.92074394226074,-1.41006994247437,-890.700012207031,29.7000007629395,-882.900024414062,-0.944772523645658,-0.0827212640036707,0.106604203367233,DLL
309.666666666667,-0.731528878211975,-0.862522184848785,8.15209102630615,2.95733594894409,1.91312193870544,-1.47866797447205,-873.900024414062,20.1000003814697,-887.700012207031,-0.940772022291276,-0.0901765823899583,0.101735114715361,DLL
309.7,-1.23038005828857,-0.525169551372528,8.49183559417725,0.99848198890686,1.02134799957275,-0.0228659994900227,-878.700012207031,20.1000003814697,-878.100036621094,-0.94408437849086,-0.135538879288093,0.0675335297973269,DLL
309.733333333333,-1.11792922019958,-0.267369896173477,7.99238634109497,0.518296003341675,-0.160062000155449,1.03659200668335,-883.500061035156,15.3000001907349,-882.900024414062,-0.950506017052357,-0.138179747555653,0.0382035028128188,DLL
309.766666666667,-0.976767480373383,-0.369054228067398,7.83806562423706,0.37347799539566,-0.198172003030777,1.2347639799118,-883.500061035156,20.1000003814697,-887.700012207031,-0.952394305179146,-0.126531451392722,0.0445237990430702,DLL
309.8,-0.822446584701538,-0.443822085857391,8.87823581695557,-0.533540010452271,-0.724089980125427,0.846041977405548,-861.900024414062,17.7000007629395,-880.500061035156,-0.954047884197665,-0.0977964929876481,0.0495452224969711,DLL
309.833333333333,-1.17654716968536,-0.53234726190567,9.45006084442139,-1.03659200668335,-1.86738991737366,0.899396002292633,-876.300048828125,19.5,-885.300048828125,-0.955874960618867,-0.11592285546678,0.0562042466771172,DLL
309.866666666667,-0.617283523082733,-1.25370764732361,9.71503829956055,-2.24848985671997,-2.72867584228516,0.724089980125427,-878.700012207031,21.9000015258789,-885.300048828125,-0.952918478270251,-0.0699720835940957,0.116855252156098,DLL
309.9,-0.68965882062912,-1.61199533939362,9.94891166687012,-3.07166600227356,-2.65245604515076,0.640248000621796,-876.300048828125,24.3000011444092,-878.100036621094,-0.953040817231589,-0.0651318716134619,0.15598692499184,DLL
309.933333333333,0.274547636508942,-2.36685180664062,9.14381122589111,-4.19210004806519,-2.87349390983582,0.266770005226135,-893.100036621094,23.1000003814697,-885.300048828125,-0.95305237172182,0.0138476614456542,0.239459242038134,DLL
309.966666666667,-0.11484345048666,-2.50263023376465,9.58882999420166,-4.53508996963501,-3.65093803405762,-0.403965979814529,-888.300048828125,25.5000019073486,-885.300048828125,-0.954383951258257,-0.0020352700737112,0.259227904079953,DLL
310.0,0.333165645599365,-3.08402514457703,9.55473613739014,-3.31556987762451,-3.26983785629272,0.160062000155449,-890.700012207031,24.9000015258789,-882.900024414062,-0.957585617086097,0.0313018930953949,0.307522303893644,DLL
310.033333333333,1.84586918354034,-3.86878871917725,8.75322437286377,-3.42989993095398,-2.61434602737427,-1.15854394435883,-914.700012207031,31.5000019073486,-904.500061035156,-0.965253439905401,0.162324093593571,0.398515649989614,DLL
310.066666666667,1.34462535381317,-3.54758596420288,8.34230041503906,-2.46952795982361,-2.09605002403259,-2.02745199203491,-900.300048828125,26.1000003814697,-897.300048828125,-0.962587609382394,0.153632516646829,0.404911988237245,DLL
310.1,0.109460160136223,-3.12469887733459,9.03973484039307,-0.731711983680725,1.40244793891907,-1.59299790859222,-909.900024414062,30.3000011444092,-887.700012207031,-0.952046561668442,0.0358387435693757,0.346434235459755,DLL
310.133333333333,0.506627082824707,-3.70071053504944,9.93754768371582,-1.30336201190948,1.6844619512558,-1.12043392658234,-895.500061035156,24.3000011444092,-880.500061035156,-0.948334585147131,0.0439066780593305,0.356462362552551,DLL
310.166666666667,-0.236864611506462,-3.43154621124268,9.29334735870361,-1.33385002613068,1.04421401023865,-1.62348592281342,-902.700012207031,31.5000019073486,-878.100036621094,-0.943668883381163,-0.0123776996386432,0.356118452472867,DLL
310.2,-0.99590802192688,-3.67020535469055,11.5004949569702,1.57013201713562,4.16923379898071,-1.83690190315247,-888.300048828125,35.1000022888184,-885.300048828125,-0.937510578843719,-0.075467971554704,0.314839523152804,DLL
310.233333333333,0.339147061109543,-4.01114654541016,9.91063117980957,1.82927989959717,3.31556987762451,-4.43600368499756,-893.100036621094,30.9000015258789,-880.500061035156,-0.923357892684788,0.0078796561782428,0.368092597654134,DLL
310.266666666667,0.714182734489441,-3.9716694355011,8.19814777374268,1.79879200458527,2.080806016922,-6.88266563415527,-897.900024414062,24.9000015258789,-882.900024414062,-0.908066626825816,0.0677337868520593,0.433973226511827,DLL
310.3,0.553880393505096,-3.37591886520386,8.12218379974365,2.62959003448486,2.47714996337891,-10.7775077819824,-902.700012207031,33.9000015258789,-897.300048828125,-0.878654276083078,0.066577681010683,0.395718996439606,DLL
310.333333333333,0.0903195887804031,-3.07565116882324,8.21250343322754,4.32929611206055,3.64331603050232,-11.5854396820068,-912.300048828125,30.3000011444092,-892.500061035156,-0.849565223968061,0.0227065365044204,0.359200962330984,DLL
310.366666666667,0.37324121594429,-3.71147704124451,8.66051197052002,4.79423809051514,4.35216188430786,-13.5214281082153,-902.700012207031,34.5,-880.500061035156,-0.818090150305595,0.0375617502993114,0.388335249106289,DLL
310.4,-0.219518467783928,-3.45427560806274,8.28786945343018,5.23631381988525,5.25918006896973,-15.4421720504761,-907.500061035156,30.3000011444092,-875.700012207031,-0.780673526650329,-0.0106511859051804,0.386205020610115,DLL
310.433333333333,-1.04615211486816,-3.17613911628723,8.9236946105957,4.41313791275024,5.9375376701355,-13.9787473678589,-888.300048828125,34.5,-873.300048828125,-0.747239677129203,-0.0909562433113261,0.346179550927442,DLL
310.466666666667,-1.95652568340302,-1.94097399711609,9.85739612579346,4.06252574920654,4.42838191986084,-12.8811798095703,-895.500061035156,35.1000022888184,-868.500061035156,-0.731233569859085,-0.173538185015338,0.222575066172822,DLL
310.5,-2.71855974197388,-1.39128053188324,9.92737865447998,5.58692598342896,4.51984596252441,-8.0640754699707,-895.500061035156,33.3000030517578,-873.300048828125,-0.722495585802877,-0.254101439888629,0.148348598118427,DLL
310.533333333333,-1.51270353794098,-1.86740231513977,8.32555198669434,4.90094566345215,3.04879999160767,-3.42227792739868,-900.300048828125,36.9000015258789,-878.100036621094,-0.699542474324671,-0.194708552805388,0.200658417033286,DLL
310.566666666667,-1.90388906002045,-1.3841028213501,8.19575500488281,4.2302098274231,2.0579400062561,-2.65245604515076,-902.700012207031,32.7000007629395,-885.300048828125,-0.69732607883646,-0.221216696779146,0.169053947567063,DLL
310.6,-1.61378967761993,-0.703416109085083,9.30112361907959,4.2149658203125,1.35671591758728,-1.97409796714783,-893.100036621094,35.1000022888184,-885.300048828125,-0.706666542017093,-0.183039860969836,0.0888946753892936,DLL
310.633333333333,-1.79024195671082,-0.827829897403717,8.5546407699585,3.86435389518738,0.0914639979600906,0.609759986400604,-883.500061035156,30.3000011444092,-885.300048828125,-0.706230276197904,-0.201068222945415,0.0893813552071784,DLL
310.666666666667,-1.33565330505371,-1.13886415958405,9.37290000915527,2.01982998847961,-0.87652999162674,1.10518991947174,-883.500061035156,32.1000022888184,-878.100036621094,-0.704258360136514,-0.149603673499035,0.112460217856027,DLL
310.7,0.375035643577576,-1.28062415122986,8.92848014831543,-0.0152439996600151,-3.25459384918213,0.121951997280121,-897.900024414062,33.3000030517578,-878.100036621094,-0.703744108435909,0.0073710514828748,0.136450060287233,DLL
310.733333333333,0.409727931022644,-1.5563679933548,10.2593479156494,0.0304879993200302,-3.29270386695862,0.92988395690918,-902.700012207031,31.5000019073486,-878.100036621094,-0.707191370371466,0.0373487331126981,0.147723030451595,DLL
310.766666666667,0.745286166667938,-1.68556690216064,10.1080179214478,0.564027965068817,-1.40244793891907,1.34909391403198,-905.100036621094,28.5000019073486,-894.900024414062,-0.711888092948138,0.0683855493152032,0.161606179777262,DLL
310.8,-0.257201462984085,-0.965402781963348,9.52004337310791,2.08842802047729,0.426831990480423,2.11891603469849,-897.900024414062,28.5000019073486,-887.700012207031,-0.715206490856545,-0.0085991161232819,0.110390670846425,DLL
310.833333333333,-0.339147061109543,-0.497654944658279,8.69281196594238,2.97257995605469,1.50915598869324,2.58385801315308,-909.900024414062,28.5000019073486,-890.100036621094,-0.721705867698989,-0.035191386605855,0.0636819579555434,DLL
310.866666666667,-0.702817976474762,-0.108862020075321,8.34828186035156,3.59758400917053,1.99696397781372,2.75916385650635,-902.700012207031,25.5000019073486,-882.900024414062,-0.729955459881034,-0.0770474154119496,0.018019498666062,DLL
310.9,-2.54988360404968,0.138769164681435,11.4873361587524,4.58844375610352,3.26983785629272,3.88721990585327,-897.900024414062,25.5000019073486,-880.500061035156,-0.741608499532181,-0.19432019222706,-0.0131705971084979,DLL
310.933333333333,-1.80041038990021,0.410924226045609,11.9975519180298,4.10063600540161,1.06708002090454,3.72715783119202,-883.500061035156,28.5000019073486,-882.900024414062,-0.753109563627688,-0.158350747244006,-0.0372787247191475,DLL
310.966666666667,-0.24224790930748,0.946860313415527,9.54337120056152,2.88873791694641,-1.75305998325348,2.10367202758789,-883.500061035156,26.1000003814697,-894.900024414062,-0.763007402358927,-0.0448913944907074,-0.0930042546733836,DLL
311.0,0.583787560462952,0.797324597835541,8.14192199707031,1.79117000102997,-1.20427596569061,0.868907988071442,-900.300048828125,23.7000007629395,-880.500061035156,-0.764883980887297,0.0535654980519998,-0.09941584838128,DLL
311.033333333333,0.302062213420868,0.613096535205841,8.45176029205322,0.0152439996600151,0.0152439996600151,-1.31860601902008,-902.700012207031,29.7000007629395,-902.100036621094,-0.762859232155718,0.0390699550755909,-0.0779502698110818,ST
311.066666666667,0.358287632465363,0.423485219478607,7.87814092636108,-1.12805593013763,0.411587983369827,-2.20275783538818,-885.900024414062,29.7000007629395,-880.500061035156,-0.758186203839288,0.043530196611968,-0.0562646207886154,ST
311.1,-1.18551933765411,0.494664251804352,9.56191349029541,-1.32622802257538,1.85976791381836,-3.00306797027588,-890.700012207031,30.9000015258789,-887.700012207031,-0.750820019151272,-0.098047118266994,-0.0502753409985951,ST
311.133333333333,-2.32797241210938,0.326586067676544,12.8953647613525,-0.792688012123108,2.02745199203491,-2.62196803092957,-881.100036621094,21.9000015258789,-880.500061035156,-0.741992780980002,-0.167198903594631,-0.0281284159789964,ST
311.166666666667,-0.92771977186203,-0.543113827705383,11.5543279647827,-1.38720393180847,1.89787793159485,-3.58996200561523,-873.900024414062,33.3000030517578,-902.100036621094,-0.725506424816409,-0.0992149793579798,0.0354167170676122,ST
311.2,-0.819455862045288,-0.589768946170807,10.0912704467773,-1.90549993515015,2.34757590293884,-5.18296003341675,-881.100036621094,26.1000003814697,-873.300048828125,-0.711764039462482,-0.0874810169185526,0.0570887602560334,ST
311.233333333333,-1.73939979076385,-0.293688207864761,9.62651252746582,-1.86738991737366,2.86587190628052,-5.34302186965942,-885.900024414062,24.3000011444092,-870.900024414062,-0.701974637443399,-0.163946813422678,0.0396313247114074,ST
311.266666666667,-1.28899812698364,-0.645994424819946,7.88053369522095,-1.55488801002502,2.73629784584045,-4.32929611206055,-888.300048828125,28.5000019073486,-878.100036621094,-0.686325252941641,-0.16549672279459,0.0765187093324017,ST
311.3,-1.03538548946381,-0.773997008800507,7.07244253158569,-1.31098401546478,2.18751406669617,-3.45276594161987,-888.300048828125,33.3000030517578,-875.700012207031,-0.674014439941265,-0.151318296922121,0.105103403961536,ST
311.333333333333,-1.9589182138443,-1.19090270996094,8.74963569641113,-0.716467976570129,0.937505960464478,-3.07928800582886,-883.500061035156,38.1000022888184,-885.300048828125,-0.662530460961599,-0.205559264054039,0.130987416489577,ST
311.366666666667,-1.6084064245224,-1.5444051027298,9.67077541351318,-0.945127964019775,-0.655492007732391,-3.37654590606689,-888.300048828125,38.7000007629395,-870.900024414062,-0.651091310222652,-0.169804709559622,0.155020276604435,ST
311.4,-0.890036761760712,-1.70829629898071,9.76647853851318,-1.00610399246216,-2.78202986717224,-3.00306797027588,-876.300048828125,34.5,-878.100036621094,-0.643452599907625,-0.101177362493305,0.171364082533372,ST
311.433333333333,-0.942075192928314,-1.66104304790497,9.59780216217041,-0.213415995240211,-2.64483404159546,-2.59148001670837,-873.900024414062,37.5,-863.700012207031,-0.638623742419921,-0.0931268698252363,0.171944487355349,ST
311.466666666667,-1.58687329292297,-1.86680424213409,11.0142049789429,0.221037998795509,-0.78506600856781,-1.69970595836639,-888.300048828125,40.5,-873.300048828125,-0.635401150003856,-0.129952507900849,0.168668084916986,ST
311.5,-0.66633129119873,-2.33754277229309,9.87534046173096,-1.05945801734924,-1.34147191047668,-1.45580196380615,-881.100036621094,40.5,-878.100036621094,-0.627555612733397,-0.076333840664643,0.221247761475279,ST
311.533333333333,-0.507823407649994,-2.33754277229309,7.6149582862854,-1.50915598869324,0.914639949798584,-1.17378795146942,-900.300048828125,38.7000007629395,-868.500061035156,-0.619981923291073,-0.0669026583029885,0.285551309642026,ST
311.566666666667,-1.85723388195038,-2.27174711227417,9.03076267242432,-0.769822001457214,3.12502002716064,0.0304879993200302,-888.300048828125,37.5,-868.500061035156,-0.62193997318717,-0.174802268279641,0.255721733895653,ST
311.6,-2.52236890792847,-2.30643939971924,9.95309925079346,0.655492007732391,2.46952795982361,1.10518991947174,-900.300048828125,38.1000022888184,-868.500061035156,-0.627819145632534,-0.235346534506379,0.23106183491349,ST
311.633333333333,-2.26875638961792,-2.65754914283752,8.02827453613281,1.49391198158264,2.11129403114319,1.6692179441452,-881.100036621094,38.1000022888184,-868.500061035156,-0.611995315801436,-0.26135378311065,0.302127975179075,ST
311.666666666667,-3.62654089927673,-1.92841291427612,10.9854936599731,2.080806016922,1.22714197635651,1.58537602424622,-883.500061035156,46.5,-863.700012207031,-0.642966999651573,-0.306160634946393,0.196566385606173,ST
311.7,-3.36455416679382,-1.58448076248169,11.5561218261719,2.37806391716003,-1.30336201190948,3.06404399871826,-878.700012207031,35.7000007629395,-878.100036621094,-0.663923334410689,-0.284869368996789,0.143688183393105,ST
311.733333333333,-1.76511991024017,-1.88773918151855,9.56310939788818,1.69970595836639,-3.40703392028809,3.11739802360535,-876.300048828125,37.5,-878.100036621094,-0.662127033555739,-0.196563601945226,0.181284070804482,ST
311.766666666667,-0.687864422798157,-1.08622765541077,6.19735956192017,1.88263392448425,-3.62807202339172,2.90398192405701,-890.700012207031,35.7000007629395,-863.700012207031,-0.671144684446593,-0.121178554321531,0.171624714346522,ST
311.8,-1.46784281730652,-0.86790543794632,8.26454162597656,2.55336999893188,-2.08842802047729,4.64179801940918,-885.900024414062,39.3000030517578,-873.300048828125,-0.690971654780072,-0.163692506356614,0.111175165019518,ST
311.833333333333,-0.725547432899475,-0.727940022945404,8.9595832824707,1.6692179441452,-2.53812599182129,4.88570165634155,-883.500061035156,33.3000030517578,-882.900024414062,-0.70715748154382,-0.0905729113144054,0.0825202793363306,ST
311.866666666667,-0.0634031519293785,-0.802707850933075,8.512770652771,1.02134799957275,-3.47563195228577,4.82472610473633,-893.100036621094,33.3000030517578,-866.100036621094,-0.719063656103546,-0.0179258979482334,0.0902352858590793,ST
311.9,-1.88594484329224,-0.318810194730759,11.1033277511597,2.41617393493652,-1.85214591026306,4.03203773498535,-878.700012207031,32.1000022888184,-868.500061035156,-0.733316356481146,-0.140444682764809,0.0350705580253837,ST
311.933333333333,-0.169872596859932,-0.866111040115356,11.1870679855347,1.54726600646973,-2.05031800270081,3.12502002716064,-893.100036621094,27.9000015258789,-875.700012207031,-0.738225679645153,-0.0335118334998434,0.0676993070518438,ST
311.966666666667,1.30155909061432,-0.504832684993744,8.25796222686768,0.182927995920181,-3.24697184562683,1.03659200668335,-897.900024414062,31.5000019073486,-880.500061035156,-0.741027153092324,0.126560062558738,0.0621522622708802,ST
312.0,0.16568560898304,-0.137572884559631,9.06246376037598,1.11281192302704,0.92988395690918,1.28049600124359,-895.500061035156,29.1000003814697,-882.900024414062,-0.740865465606184,0.0387834519214791,0.0231586690763043,ST
312.033333333333,-0.403148353099823,-0.363670915365219,8.95599460601807,1.38720393180847,1.85976791381836,1.18140995502472,-885.900024414062,33.9000015258789,-885.300048828125,-0.743523991633134,-0.0306954917651882,0.0351144213668125,ST
312.066666666667,-1.00488018989563,-0.422887086868286,10.246787071228,1.02134799957275,0.967993974685669,1.09756803512573,-883.500061035156,30.9000015258789,-897.300048828125,-0.745632777146183,-0.0855648026906962,0.0384783286132628,ST
312.1,0.0586180128157139,-0.711192011833191,9.25865459442139,-0.152439996600151,-0.746955990791321,0.830797970294952,-895.500061035156,22.5,-887.700012207031,-0.746165486404876,-0.0112583274635584,0.0691541951696139,ST
312.133333333333,-1.52646088600159,-0.061608724296093,10.8808183670044,0.419209986925125,-0.3125019967556,0.922261953353882,-888.300048828125,27.9000015258789,-892.500061035156,-0.751443149956613,-0.113098494141679,0.017931589469779,ST
312.166666666667,-1.1657806634903,-0.381017059087753,9.60976505279541,0.663114011287689,0.358233988285065,1.05183601379395,-885.900024414062,30.9000015258789,-882.900024414062,-0.751804557033351,-0.11975467141327,0.0343950630557978,ST
312.2,-0.997104346752167,-0.145348742604256,7.81055068969727,-0.144817993044853,0.510673999786377,0.434453994035721,-888.300048828125,29.7000007629395,-880.500061035156,-0.754335837026228,-0.126231309594191,0.0219197916760415,ST
312.233333333333,-1.78126978874207,-0.144750595092773,8.72690582275391,-0.586893975734711,0.87652999162674,0.449698001146317,-890.700012207031,27.3000011444092,-897.300048828125,-0.756266478800094,-0.190764774148394,0.0181955070212126,ST
312.266666666667,-2.69702672958374,-0.245238617062569,11.0841875076294,-0.228659987449646,1.04421401023865,0.922261953353882,-893.100036621094,28.5000019073486,-875.700012207031,-0.757798938139329,-0.231035088471699,0.0214114055017969,ST
312.3,-2.912358045578,0.185424327850342,11.389838218689,0.685979962348938,0.533540010452271,1.6844619512558,-885.900024414062,33.3000030517578,-887.700012207031,-0.768885905774792,-0.247416419481487,-0.010652528425329,ST
312.333333333333,-1.65386533737183,-0.208751901984215,9.25147724151611,0.907018005847931,-0.175305992364883,1.6768399477005,-881.100036621094,29.1000003814697,-882.900024414062,-0.766908733082751,-0.188474857355725,0.015251464538566,ST
312.366666666667,-0.97258049249649,-0.0185424312949181,9.83107757568359,-0.0838419944047928,-1.69970595836639,0.0533539988100529,-878.700012207031,31.5000019073486,-885.300048828125,-0.768697685671346,-0.114348689009146,0.0046676230723569,ST
312.4,-0.227892473340034,-0.224901750683784,8.03246212005615,-1.02897000312805,-2.44666194915771,-0.228659987449646,-883.500061035156,35.1000022888184,-880.500061035156,-0.766846771865451,-0.0412133124129228,0.0250583177710053,ST
312.433333333333,-0.712388277053833,-0.0885251611471176,8.24360656738281,-0.746955990791321,-0.304879993200302,-0.685979962348938,-888.300048828125,28.5000019073486,-878.100036621094,-0.765960650286818,-0.0772118485811716,0.0145864674933984,ST
312.466666666667,-0.828428030014038,-0.601133704185486,8.96257400512695,-0.92988395690918,0.716467976570129,-0.853663980960846,-871.500061035156,30.3000011444092,-878.100036621094,-0.760288171433212,-0.090313825747916,0.0590521082904748,ST
312.5,-1.0455539226532,-0.705210566520691,9.78083419799805,-1.2423859834671,0.0,-1.41006994247437,-885.900024414062,35.7000007629395,-880.500061035156,-0.755836151561226,-0.103411817917879,0.0718160793609667,ST
312.533333333333,-0.265575468540192,-1.06290006637573,8.47329330444336,-1.95885396003723,-0.533540010452271,-1.6768399477005,-890.700012207031,29.7000007629395,-880.500061035156,-0.749101258339578,-0.0446997675941398,0.117015279932889,ST
312.566666666667,-1.55995690822601,-1.02641332149506,10.3897438049316,-1.93598794937134,-0.198172003030777,-1.81403601169586,-885.900024414062,25.5000019073486,-880.500061035156,-0.746317801401903,-0.128060489671284,0.105050247892157,ST
312.6,-0.996506214141846,-1.36197149753571,10.7396574020386,-1.99696397781372,-0.609759986400604,-1.89787793159485,-888.300048828125,33.9000015258789,-870.900024414062,-0.740433880133038,-0.0979413753499181,0.124959463383567,ST
312.633333333333,-0.455784946680069,-1.44750595092773,9.64684963226318,-1.52439999580383,-1.40244793891907,-1.70732796192169,-888.300048828125,38.7000007629395,-875.700012207031,-0.735614853779407,-0.054750398519895,0.146384425507694,ST
312.666666666667,-0.0478514358401299,-1.41460812091827,9.2520751953125,-0.533540010452271,-0.922261953353882,-1.52439999580383,-907.500061035156,33.3000030517578,-878.100036621094,-0.731942969227687,-0.0112523516615976,0.15171218416168,ST
312.7,-0.473729223012924,-1.40264523029327,9.71264553070068,0.0228659994900227,-1.37195992469788,-1.28049600124359,-893.100036621094,36.3000030517578,-866.100036621094,-0.729656856136745,-0.0386299115478698,0.145109682706462,ST
312.733333333333,0.21712589263916,-1.32488667964935,9.03435134887695,-0.167683988809586,-1.89787793159485,-1.18140995502472,-895.500061035156,33.9000015258789,-875.700012207031,-0.727530049757978,0.0148322881231303,0.145755652581459,ST
312.766666666667,0.28112718462944,-1.30813872814178,7.85840225219727,0.358233988285065,-0.762199997901917,-1.44817996025085,-890.700012207031,32.7000007629395,-885.300048828125,-0.724619065831306,0.033267998060122,0.161154226566602,ST
312.8,-1.61737859249115,-1.23516523838043,10.6242151260376,1.29574000835419,1.92836594581604,-1.08232402801514,-897.900024414062,32.1000022888184,-878.100036621094,-0.722954827930764,-0.115398708991236,0.123378139344971,ST
312.833333333333,-2.21851229667664,-1.58448076248169,11.1481885910034,0.891773998737335,1.18903195858002,-0.861285984516144,-888.300048828125,33.3000030517578,-870.900024414062,-0.718417655837115,-0.180036304286751,0.136544843628653,ST
312.866666666667,-1.68377244472504,-1.65207087993622,10.0673446655273,0.152439996600151,0.358233988285065,-2.05031800270081,-895.500061035156,41.1000022888184,-880.500061035156,-0.709982373592204,-0.166956612421994,0.157692549659128,ST
312.9,-1.62934148311615,-2.01933073997498,9.27659893035889,-0.228659987449646,1.18903195858002,-2.38568592071533,-902.700012207031,33.3000030517578,-878.100036621094,-0.696507667601804,-0.170392677349996,0.203843639948604,ST
312.933333333333,-1.7304276227951,-1.64190244674683,10.3173685073853,-0.350611984729767,0.37347799539566,-1.83690190315247,-907.500061035156,34.5,-878.100036621094,-0.698376337134091,-0.165489822847218,0.168006338714185,ST
312.966666666667,-1.40862667560577,-1.70231485366821,9.81253528594971,0.0381099991500378,-1.09756803512573,-0.800309956073761,-902.700012207031,36.3000030517578,-878.100036621094,-0.696512381223318,-0.143844114713037,0.171091934316266,ST
313.0,-0.209350034594536,-1.98942351341248,7.20702457427979,-0.221037998795509,-1.2576299905777,-0.426831990480423,-895.500061035156,33.9000015258789,-873.300048828125,-0.688571684059806,-0.0496250869689335,0.249938702627893,ST
313.033333333333,-0.929514169692993,-1.68795943260193,8.19156837463379,0.442075997591019,-0.0762199983000755,1.01372599601746,-902.700012207031,36.9000015258789,-873.300048828125,-0.693740841684809,-0.0993093940460388,0.211379930947394,ST
313.066666666667,-1.16817319393158,-1.63532292842865,8.93505954742432,0.922261953353882,-0.0762199983000755,1.62348592281342,-907.500061035156,40.5,-878.100036621094,-0.700035935490251,-0.122474109518205,0.185609393907925,ST
313.1,-1.00248765945435,-1.81596207618713,9.24370193481445,1.2347639799118,-1.2423859834671,2.14940404891968,-893.100036621094,34.5,-885.300048828125,-0.704980627750348,-0.107595497739268,0.190406678270546,ST
313.133333333333,-1.18910825252533,-1.73222208023071,10.0649518966675,1.41769194602966,-0.83841997385025,3.12502002716064,-902.700012207031,39.3000030517578,-885.300048828125,-0.71476385980984,-0.114112457767411,0.171201718495464,ST
313.166666666667,-1.54141438007355,-1.53423666954041,11.3575391769409,1.87501192092896,-0.777444005012512,3.56709599494934,-893.100036621094,32.7000007629395,-880.500061035156,-0.727430755836798,-0.130049931655397,0.137091933824344,ST
313.2,-0.625059425830841,-1.28301668167114,9.96805286407471,1.82165801525116,-1.10518991947174,3.20123982429504,-905.100036621094,34.5,-878.100036621094,-0.73634447234113,-0.0725199721579271,0.126466568260114,ST
313.233333333333,0.0185424312949181,-1.21722090244293,9.04033279418945,1.47104597091675,-1.45580196380615,3.17837381362915,-893.100036621094,31.5000019073486,-885.300048828125,-0.743729986293497,-0.0115619038849889,0.130174722932834,ST
313.266666666667,0.226098045706749,-0.673509001731873,8.00434970855713,1.15092194080353,-1.80641400814056,2.84300589561462,-893.100036621094,34.5,-882.900024414062,-0.750509799168894,0.0222388988946297,0.0917199185706775,ST
313.3,-0.0275145769119263,-0.857138872146606,8.38955307006836,1.50915598869324,-0.609759986400604,2.87349390983582,-897.900024414062,32.7000007629395,-899.700012207031,-0.757550982627966,0.0020485700617338,0.0977951454711963,ST
313.333333333333,-0.178844749927521,-0.711192011833191,8.2741117477417,1.12043392658234,-0.365855991840363,2.43141794204712,-893.100036621094,30.9000015258789,-887.700012207031,-0.763267808355802,-0.0165738011631086,0.0865734162847036,ST
313.366666666667,-0.586778283119202,-0.825437307357788,10.0302591323853,0.67835795879364,-0.777444005012512,2.59910202026367,-888.300048828125,22.5,-887.700012207031,-0.769481338776362,-0.0490556982169701,0.0819185163650166,ST
313.4,-0.437840640544891,-0.83560574054718,11.023775100708,-0.25152599811554,-1.6920839548111,2.46952795982361,-897.900024414062,29.1000003814697,-892.500061035156,-0.775877727925274,-0.0392699259310792,0.0770459865131611,ST
313.433333333333,-0.168676316738129,-0.913962483406067,10.6499357223511,0.0533539988100529,-1.2500079870224,2.72105383872986,-905.100036621094,30.3000011444092,-885.300048828125,-0.782544353296756,-0.0185089258327688,0.083906637604649,ST
313.466666666667,-0.422887086868286,-1.04316139221191,11.9257745742798,0.182927995920181,-0.358233988285065,2.04269599914551,-907.500061035156,30.9000015258789,-880.500061035156,-0.787659620053601,-0.0322252657082365,0.086336093271032,ST
313.5,0.655564725399017,-0.83859646320343,8.78492546081543,0.419209986925125,-1.30336201190948,0.907018005847931,-897.900024414062,26.1000003814697,-882.900024414062,-0.790325420964673,0.0580368867843254,0.093125727184498,ST
313.533333333333,0.0179442893713713,-0.730332553386688,8.47867679595947,1.21951997280121,0.609759986400604,0.99848198890686,-897.900024414062,32.1000022888184,-885.300048828125,-0.792328038107556,0.0124167246697665,0.0857092269763149,ST
313.566666666667,-0.44023323059082,-0.544908225536346,9.35316181182861,1.2423859834671,1.45580196380615,1.12043392658234,-907.500061035156,32.1000022888184,-890.100036621094,-0.794994293026386,-0.0378415817600414,0.0616324347068873,ST
313.6,-1.0276095867157,-0.492869794368744,8.57198715209961,1.34909391403198,1.73019397258759,1.65397393703461,-902.700012207031,33.3000030517578,-878.100036621094,-0.798718642242814,-0.10524794510658,0.0562209270548232,ST
313.633333333333,-1.8787670135498,0.0400755777955055,9.83107757568359,1.39482593536377,2.62959003448486,1.88263392448425,-890.700012207031,32.7000007629395,-894.900024414062,-0.809422545881467,-0.175696100159146,0.0058885909344731,ST
313.666666666667,-2.26636362075806,0.0035888578277081,11.593207359314,1.50915598869324,0.99848198890686,2.27897787094116,-888.300048828125,26.7000007629395,-887.700012207031,-0.815965869848271,-0.191786240419668,-0.0021861064201776,ST
313.7,-1.4881796836853,-0.354698777198792,10.9735307693481,0.685979962348938,-0.419209986925125,0.846041977405548,-893.100036621094,24.9000015258789,-885.300048828125,-0.81318268216629,-0.143724555440886,0.0253841111798957,ST
313.733333333333,-0.783567309379578,-0.279930919408798,8.69460582733154,-0.739333987236023,-0.609759986400604,-0.472563982009888,-890.700012207031,25.5000019073486,-887.700012207031,-0.811554636711706,-0.0998201027088265,0.0319249038775735,ST
313.766666666667,-1.34821426868439,-0.312230616807938,9.83526515960693,-1.04421401023865,0.0914639979600906,-0.960371971130371,-878.700012207031,24.9000015258789,-885.300048828125,-0.809397063302975,-0.129348492125601,0.0334167986063329,ST
313.8,-0.692051410675049,-0.383409649133682,8.07074356079102,-0.868907988071442,0.411587983369827,-1.27287399768829,-897.900024414062,28.5000019073486,-875.700012207031,-0.805257647023404,-0.0947865191347754,0.0460502593106232,ST
313.833333333333,-0.845176041126251,-0.638816714286804,8.07074356079102,-0.769822001457214,0.975615978240967,-0.945127964019775,-888.300048828125,21.9000015258789,-890.100036621094,-0.800307719336973,-0.103561017721031,0.0739668132364737,ST
313.866666666667,-1.49775004386902,-0.829026162624359,9.28916072845459,-0.518296003341675,1.49391198158264,-0.411587983369827,-895.500061035156,31.5000019073486,-885.300048828125,-0.797447747969003,-0.151997347341167,0.0873353021265726,ST
313.9,-2.06957459449768,-0.807493031024933,10.9848957061768,-0.160062000155449,1.06708002090454,-0.205793991684914,-895.500061035156,23.7000007629395,-875.700012207031,-0.798636571627194,-0.180390101353349,0.0764999447665753,ST
313.933333333333,-0.832016885280609,-1.03837621212006,10.2976293563843,-0.853663980960846,-0.853663980960846,-0.67835795879364,-883.500061035156,20.1000003814697,-873.300048828125,-0.794485842555361,-0.0957004554526301,0.0978642447407413,ST
313.966666666667,-0.13099330663681,-1.09878861904144,9.82390022277832,-1.50153398513794,-2.85062789916992,-0.510673999786377,-890.700012207031,34.5,-887.700012207031,-0.79340973369676,-0.0248140832496436,0.110967486532014,ST
314.0,0.297277063131332,-1.3841028213501,8.43441390991211,-1.10518991947174,-2.02745199203491,0.0152439996600151,-885.900024414062,29.7000007629395,-870.900024414062,-0.794149459865737,0.0269941339890876,0.15499905943392,ST
314.033333333333,0.37623193860054,-1.51748871803284,8.03006935119629,-0.472563982009888,-0.182927995920181,0.137196004390717,-888.300048828125,30.3000011444092,-878.100036621094,-0.795475110278744,0.0430441299616733,0.182130346798985,ST
314.066666666667,0.237462759017944,-1.55098474025726,7.96846055984497,-0.160062000155449,-0.190549999475479,-0.0228659994900227,-902.700012207031,35.7000007629395,-880.500061035156,-0.795802934167561,0.0322921276394707,0.190424487152379,ST
314.1,-1.04914271831512,-1.44391715526581,9.58225059509277,1.15092194080353,0.945127964019775,-0.518296003341675,-888.300048828125,36.3000030517578,-890.100036621094,-0.7949797230876,-0.085485039745508,0.154867040008017,DLR
314.133333333333,0.666929423809052,-3.27124381065369,11.3216505050659,1.86738991737366,2.46952795982361,-5.25155782699585,-905.100036621094,37.5,-880.500061035156,-0.777833868353365,0.0308433233063808,0.257236933213794,DLR
314.166666666667,-0.13099330663681,-3.27303838729858,11.9347467422485,4.25307607650757,3.14026403427124,-12.4238595962524,-900.300048828125,31.5000019073486,-885.300048828125,-0.745774932112718,-0.003441613619534,0.259637108650704,DLR
314.2,-0.996506214141846,-2.8381884098053,10.6553192138672,6.12046575546265,1.84452390670776,-21.5473937988281,-895.500061035156,26.1000003814697,-878.100036621094,-0.696365723756875,-0.067620402476716,0.253111520179247,DLR
314.233333333333,-2.09589290618896,-0.96958976984024,8.71374702453613,7.33998584747314,0.129574000835419,-24.024543762207,-902.700012207031,35.7000007629395,-875.700012207031,-0.651431106548355,-0.201320518180891,0.130454292283902,DLR
314.266666666667,-1.89252436161041,-0.869101762771606,7.17233228683472,8.26224803924561,0.670735955238342,-19.8781757354736,-921.900024414062,36.3000030517578,-885.300048828125,-0.6055060680886,-0.242742369901567,0.117557799291279,DLR
314.3,-2.73949480056763,0.52935653924942,7.55454587936401,7.94974565505981,2.34757590293884,-16.0595531463623,-929.100036621094,34.5,-899.700012207031,-0.606235629812419,-0.33359281038099,-0.0415131277888658,DLR
314.333333333333,-3.2586829662323,0.863718450069427,8.37400150299072,5.84607410430908,1.87501192092896,-8.18602752685547,-933.900024414062,36.3000030517578,-885.300048828125,-0.60192073760866,-0.36619886870974,-0.0950732507963216,DLR
314.366666666667,-2.66233444213867,1.00906717777252,9.97523021697998,3.20886182785034,-0.137196004390717,-5.16009378433228,-938.700012207031,36.3000030517578,-890.100036621094,-0.588961085673203,-0.276863396598345,-0.102295030494982,DLR
314.4,-1.96310520172119,0.773398876190186,11.6775455474854,1.96647596359253,-2.28659987449646,-1.56251001358032,-941.100036621094,37.5,-897.300048828125,-0.577822490191799,-0.185504116286569,-0.0754735560122539,DLR
314.433333333333,-0.294884473085403,1.13587355613708,7.68972587585449,0.830797970294952,-1.02897000312805,-0.442075997591019,-948.300048828125,33.3000030517578,-902.100036621094,-0.581513164752207,-0.0362556405489643,-0.148065477113682,DLR
314.466666666667,0.107665732502937,0.650181412696838,6.92709398269653,0.327746003866196,0.632625997066498,0.510673999786377,-933.900024414062,34.5,-890.100036621094,-0.58229485469163,0.005960672636911,-0.103206186994224,DLR
314.5,-1.17654716968536,0.766819298267365,9.48415470123291,0.0152439996600151,1.29574000835419,1.21189796924591,-938.700012207031,41.1000022888184,-906.900024414062,-0.584592041776048,-0.100160388362697,-0.0851526600936772,DLR
314.533333333333,-1.39427125453949,0.247033044695854,9.16414833068848,0.0914639979600906,0.846041977405548,2.18751406669617,-931.500061035156,36.3000030517578,-892.500061035156,-0.584327126763666,-0.143505255199746,-0.0373451260567462,DLR
314.566666666667,-2.36445927619934,0.2554070353508,12.366605758667,0.221037998795509,1.44817996025085,1.01372599601746,-936.300048828125,38.1000022888184,-902.100036621094,-0.584697515998912,-0.183321643180616,-0.0240593881522518,DLR
314.6,-0.700425446033478,1.3960657119751,11.9138116836548,0.213415995240211,-3.62807202339172,1.39482593536377,-948.300048828125,38.7000007629395,-899.700012207031,-0.597511513937173,-0.0740022682694318,-0.10169520353901,DLR
314.633333333333,0.626853823661804,1.19269704818726,9.5032958984375,1.55488801002502,-4.02441596984863,0.525918006896973,-943.500061035156,33.3000030517578,-902.100036621094,-0.597943649685329,0.0428390862809425,-0.122335888473879,DLR
314.666666666667,0.943869590759277,1.75794219970703,7.81114912033081,1.60061991214752,-2.04269599914551,-0.670735955238342,-955.500061035156,37.5,-911.700012207031,-0.589931477358056,0.104953693890345,-0.203600025718456,DLR
314.7,-0.326586067676544,1.263876080513,7.90266513824463,0.739333987236023,0.152439996600151,0.350611984729767,-953.100036621094,33.3000030517578,-897.300048828125,-0.592492172939336,-0.0115038233387657,-0.168691782948218,DLR
314.733333333333,-0.314025074243546,1.45588004589081,7.17173433303833,0.0457319989800453,0.739333987236023,1.02897000312805,-936.300048828125,32.1000022888184,-899.700012207031,-0.595745888252166,-0.0373044668525047,-0.19401618217687,DLR
314.766666666667,-0.970187902450562,0.35709136724472,9.01401424407959,-0.205793991684914,1.28049600124359,1.62348592281342,-938.700012207031,32.1000022888184,-894.900024414062,-0.591625105955597,-0.0963946476229186,-0.067264213977036,DLR
314.8,-2.62405323982239,1.03837621212006,13.107705116272,0.67835795879364,1.04421401023865,0.403965979814529,-941.100036621094,32.1000022888184,-918.900024414062,-0.593933608825605,-0.178066895573599,-0.077689130503892,DLR
314.833333333333,-1.24533367156982,1.18551933765411,11.3372020721436,0.663114011287689,-0.884151995182037,0.289635986089706,-938.700012207031,41.7000007629395,-887.700012207031,-0.597493888949124,-0.121517928397385,-0.0998476359432107,DLR
314.866666666667,-0.683079302310944,1.44571161270142,9.52363204956055,0.685979962348938,-1.05945801734924,-0.967993974685669,-950.700012207031,33.3000030517578,-892.500061035156,-0.599001834259894,-0.0797544266189065,-0.141258242918507,DLR
314.9,-1.1938933134079,1.71188521385193,9.06784725189209,0.213415995240211,-0.0228659994900227,-1.45580196380615,-931.500061035156,29.7000007629395,-890.100036621094,-0.599248728512296,-0.119120413731829,-0.177480664164211,DLR
314.933333333333,-1.28540921211243,1.55457353591919,8.96915340423584,-0.0304879993200302,-0.0762199983000755,-0.87652999162674,-943.500061035156,38.1000022888184,-892.500061035156,-0.596563143751204,-0.136375074058973,-0.172526528358738,DLR
314.966666666667,-1.38051402568817,1.3099330663681,8.11739826202393,-0.182927995920181,0.320124000310898,-0.952749967575073,-938.700012207031,39.9000015258789,-882.900024414062,-0.592809669281685,-0.162003484464868,-0.161636418549573,DLR
315.0,-2.06060242652893,0.628050148487091,8.71255016326904,-0.396344006061554,1.6692179441452,-1.32622802257538,-936.300048828125,30.9000015258789,-890.100036621094,-0.576124432072584,-0.221914226651852,-0.0872553107267459,DLR
315.033333333333,-2.89680647850037,0.522776961326599,10.4675016403198,-0.87652999162674,1.37958192825317,-1.6692179441452,-943.500061035156,36.9000015258789,-902.100036621094,-0.565122628989712,-0.263280251214163,-0.0547911181294102,DLR
315.066666666667,-2.02351760864258,0.468944102525711,10.51296043396,-1.21951997280121,-0.0762199983000755,-1.71494996547699,-933.900024414062,36.3000030517578,-909.300048828125,-0.55912501711642,-0.202259524976996,-0.043941946727456,DLR
315.1,-0.730930685997009,0.806296706199646,8.79210376739502,-0.815553963184357,-2.17989206314087,-1.56251001358032,-933.900024414062,32.7000007629395,-897.300048828125,-0.561142570524689,-0.10387891460743,-0.0805284451293905,DLR
315.133333333333,-0.528160214424133,0.458177506923676,9.13962459564209,-0.213415995240211,-0.426831990480423,-1.95123195648193,-938.700012207031,33.9000015258789,-885.300048828125,-0.549670881481451,-0.0577073433402658,-0.0499193806504755,DLR
315.166666666667,-0.135180309414864,0.922934591770172,8.92489147186279,-0.144817993044853,-1.73019397258759,-1.85214591026306,-943.500061035156,41.1000022888184,-909.300048828125,-0.546691534237508,-0.0209432558104671,-0.0926777050941924,DLR
315.2,0.112450875341892,0.750669419765472,9.05229568481445,-0.541162014007568,-2.64483404159546,-0.937505960464478,-955.500061035156,42.9000015258789,-887.700012207031,-0.543798947790473,0.0100940766469406,-0.0837382302312631,DLR
315.233333333333,0.644199967384338,0.28411790728569,8.06177139282227,-0.37347799539566,-1.60824191570282,-0.739333987236023,-957.900024414062,43.5,-911.700012207031,-0.543355161724789,0.0678418644903217,-0.0445791345233024,DLR
315.266666666667,-0.39537250995636,0.0586180128157139,9.44826602935791,-0.190549999475479,-0.0457319989800453,-1.15092194080353,-960.300048828125,32.1000022888184,-902.100036621094,-0.541254978906304,-0.0221891206731253,-0.0127947047522726,DLR
315.3,-1.27703523635864,0.141759887337685,11.7535095214844,-0.221037998795509,-0.388722002506256,-0.602137982845306,-960.300048828125,41.7000007629395,-897.300048828125,-0.539833727089162,-0.0903278210274475,-0.0118385704204287,DLR
315.333333333333,-0.416307508945465,0.339745193719864,11.1170854568481,0.701223969459534,-1.38720393180847,0.228659987449646,-957.900024414062,36.9000015258789,-909.300048828125,-0.541273233593348,-0.0461384964423718,-0.0277803606949219,DLR
315.366666666667,-0.0275145769119263,0.0927121639251709,10.9813070297241,0.945127964019775,-0.807931959629059,-0.106707997620106,-955.500061035156,27.9000015258789,-906.900024414062,-0.540485406750377,-0.0081954453509909,-0.0128732835464906,DLR
315.4,-0.896018147468567,0.0717771574854851,10.2886571884155,0.67835795879364,0.259148001670837,-1.65397393703461,-965.100036621094,34.5,-890.100036621094,-0.53622312561854,-0.0732057197070149,-0.0088729009277365,DLR
315.433333333333,-1.17654716968536,0.394774347543716,9.40460205078125,-0.320124000310898,0.731711983680725,-1.15854394435883,-960.300048828125,35.7000007629395,-902.100036621094,-0.536095259361486,-0.115107398242131,-0.0346393767184612,DLR
315.466666666667,-0.289501190185547,0.369054228067398,7.79260683059692,-0.6250039935112,0.335367977619171,-0.129574000835419,-965.100036621094,32.1000022888184,-894.900024414062,-0.536729202740563,-0.0532949378437418,-0.0438941501941056,DLR
315.5,-1.17295837402344,-0.523973226547241,9.7778434753418,0.388722002506256,1.52439999580383,0.0838419944047928,-962.700012207031,38.1000022888184,-897.300048828125,-0.528508391870933,-0.120969382710516,0.0515476017863406,DLR
315.533333333333,-1.9589182138443,-0.827231705188751,11.1033277511597,0.807931959629059,1.71494996547699,0.0609759986400604,-957.900024414062,36.9000015258789,-902.100036621094,-0.525707600774795,-0.165821103703182,0.0686188200909776,DLR
315.566666666667,-1.74897003173828,0.203368604183197,11.593207359314,0.853663980960846,-0.602137982845306,0.503051996231079,-948.300048828125,39.3000030517578,-899.700012207031,-0.537694737629359,-0.15221951712715,-0.0014971179776784,DLR
315.6,-0.887046039104462,0.158507883548737,10.7492275238037,1.6768399477005,-2.80489587783813,2.15702605247498,-950.700012207031,39.3000030517578,-899.700012207031,-0.544179080362136,-0.089942869724123,-0.0152912910062598,DLR
315.633333333333,0.0388792939484119,0.378026366233826,8.4236478805542,2.68294382095337,-1.92836594581604,1.31098401546478,-957.900024414062,32.1000022888184,-902.100036621094,-0.548402503726292,-0.0084056396707959,-0.0438398692928157,DLR
315.666666666667,-0.0819455906748772,0.548497080802917,6.59452629089355,2.5076379776001,-0.548784017562866,0.868907988071442,-955.500061035156,32.7000007629395,-904.500061035156,-0.550600602256059,-0.0107361641436744,-0.0785969746944464,DLR
315.7,-0.90977543592453,0.860129594802856,8.393141746521,1.48628997802734,0.510673999786377,1.37958192825317,-950.700012207031,36.9000015258789,-909.300048828125,-0.554738883193804,-0.0884251754111719,-0.0995537996598995,DLR
315.733333333333,-1.43973016738892,0.498851239681244,10.2778902053833,1.2347639799118,-0.243903994560242,1.48628997802734,-941.100036621094,35.7000007629395,-906.900024414062,-0.555847367621011,-0.13814376842088,-0.0513082733678669,DLR
315.766666666667,-1.80698990821838,0.69863098859787,12.4389810562134,1.87501192092896,-0.518296003341675,1.10518991947174,-962.700012207031,39.9000015258789,-890.100036621094,-0.558764969181554,-0.142152341697349,-0.0581560033346198,DLR
315.8,-0.611302137374878,1.66822075843811,10.6493377685547,1.90549993515015,-2.4923939704895,1.12805593013763,-957.900024414062,33.3000030517578,-909.300048828125,-0.569101011708644,-0.0682794907303075,-0.1409156775494,DLR
315.833333333333,1.15740668773651,1.98104953765869,7.95051622390747,1.18903195858002,-2.78965187072754,1.93598794937134,-957.900024414062,32.1000022888184,-902.100036621094,-0.570836164525506,0.109476400853124,-0.228132275199731,DLR
315.866666666667,1.12869584560394,1.39965450763702,8.5426778793335,0.960371971130371,-0.564027965068817,1.6920839548111,-957.900024414062,27.9000015258789,-894.900024414062,-0.581112679929455,0.127339496247008,-0.175260150119458,DLR
315.9,0.978561878204346,1.66343557834625,7.97862911224365,0.617381989955902,-0.419209986925125,1.13567793369293,-957.900024414062,33.9000015258789,-909.300048828125,-0.580570302500512,0.121961164877139,-0.200122815342533,DLR
315.933333333333,0.270958751440048,1.01863753795624,7.76688671112061,0.304879993200302,0.0304879993200302,0.967993974685669,-962.700012207031,32.1000022888184,-894.900024414062,-0.587660045292649,0.0523754783338262,-0.144726022410188,DLR
315.966666666667,-0.890634894371033,1.16338813304901,10.0739240646362,0.0152439996600151,0.487807989120483,0.853663980960846,-962.700012207031,30.3000011444092,-909.300048828125,-0.58966643495758,-0.0598600965726535,-0.121071679560446,DLR
316.0,-1.03299295902252,0.847568571567535,11.2576484680176,0.548784017562866,0.106707997620106,1.33385002613068,-960.300048828125,27.9000015258789,-906.900024414062,-0.590064111050745,-0.0849064460007362,-0.0853334921297293,DLR
316.033333333333,-1.23337078094482,0.873288750648499,11.4562320709229,0.777444005012512,-0.548784017562866,0.92988395690918,-960.300048828125,31.5000019073486,-909.300048828125,-0.591390845402895,-0.101878071434948,-0.0790623140362172,DLR
316.066666666667,-0.817063271999359,1.48638522624969,9.89807033538818,0.746955990791321,-1.00610399246216,0.320124000310898,-955.500061035156,36.3000030517578,-918.900024414062,-0.59715876195741,-0.0836500383987316,-0.137653995146883,DLR
316.1,-0.814072608947754,0.842185318470001,9.61694240570068,0.198172003030777,-0.221037998795509,0.0838419944047928,-957.900024414062,29.7000007629395,-916.500061035156,-0.593917009222886,-0.0837320961983919,-0.0977679825178882,DLR
316.133333333333,-0.940280735492706,1.04854464530945,9.31787109375,0.144817993044853,-0.114329993724823,-0.937505960464478,-953.100036621094,36.3000030517578,-904.500061035156,-0.590628078885386,-0.0997785111588485,-0.112015020376012,DLR
316.166666666667,-0.485692083835602,1.40563595294952,9.29454326629639,0.327746003866196,-0.884151995182037,-0.99848198890686,-965.100036621094,29.1000003814697,-911.700012207031,-0.590444317207786,-0.0597253950604883,-0.143237250697122,DLR
316.2,-0.424681514501572,1.09579789638519,9.449462890625,0.411587983369827,-0.67835795879364,-0.99848198890686,-965.100036621094,35.1000022888184,-914.100036621094,-0.586753843752333,-0.0469006093899196,-0.12154010751655,DLR
316.233333333333,-0.79672646522522,1.65266907215118,9.52961349487305,0.282013982534409,-0.419209986925125,-0.967993974685669,-969.900024414062,35.1000022888184,-897.300048828125,-0.586827331002305,-0.0747116054143627,-0.161870342477452,DLR
316.266666666667,-0.754856407642365,1.24294114112854,9.0014533996582,-0.0838419944047928,0.25152599811554,-0.495429992675781,-965.100036621094,36.9000015258789,-899.700012207031,-0.584144537547957,-0.0818878840122569,-0.141444050283416,DLR
316.3,-0.548497080802917,1.19030451774597,10.5099697113037,-0.960371971130371,0.182927995920181,-0.92988395690918,-962.700012207031,33.9000015258789,-906.900024414062,-0.580295624900143,-0.0572868950716222,-0.11609539026532,DLR
316.333333333333,-0.234472051262856,0.776389598846436,9.68393516540527,-0.899396002292633,-0.243903994560242,-1.16616594791412,-957.900024414062,32.1000022888184,-902.100036621094,-0.576054868786947,-0.0294989017596351,-0.0846788555421547,DLR
316.366666666667,-0.261986613273621,1.29617583751678,9.09177303314209,-0.937505960464478,-0.891773998737335,-0.487807989120483,-967.500061035156,31.5000019073486,-909.300048828125,-0.574885571444877,-0.0271171484453462,-0.139434005545509,DLR
316.4,-0.0155517170205712,0.583787560462952,9.04272556304932,-1.02134799957275,0.121951997280121,0.403965979814529,-969.900024414062,35.7000007629395,-909.300048828125,-0.574838341556511,-0.0069603784994097,-0.0781568638853053,DLR
316.433333333333,0.201574176549911,0.799717128276825,9.13065242767334,-0.777444005012512,0.0381099991500378,0.37347799539566,-977.100036621094,33.9000015258789,-909.300048828125,-0.575762111022707,0.017416568348379,-0.0847625506208596,DLR
316.466666666667,-0.302062213420868,0.101086162030697,8.99906063079834,0.259148001670837,1.12805593013763,-0.350611984729767,-960.300048828125,38.7000007629395,-906.900024414062,-0.57479296923058,-0.0260917791094439,-0.0247402038886203,DLR
316.5,-0.651975810527802,0.727940022945404,10.3155736923218,0.358233988285065,0.182927995920181,-1.07470202445984,-965.100036621094,32.1000022888184,-916.500061035156,-0.573818214705013,-0.0558685669993942,-0.0616484978707975,DLR
316.533333333333,-0.699229121208191,0.168078169226646,11.2732009887695,0.602137982845306,-0.92988395690918,-0.510673999786377,-957.900024414062,36.3000030517578,-899.700012207031,-0.570154383134804,-0.0596058816125689,-0.0235816100405919,DLR
316.566666666667,-0.189611315727234,0.425279647111893,8.512770652771,0.411587983369827,0.37347799539566,-1.49391198158264,-969.900024414062,29.1000003814697,-906.900024414062,-0.560770937149163,-0.0230251383308843,-0.0505754812492872,DLR
316.6,-1.3159145116806,0.125610023736954,10.6278047561646,-0.381099998950958,0.724089980125427,-0.716467976570129,-972.300048828125,41.1000022888184,-902.100036621094,-0.553150249527912,-0.124460060190221,-0.0109987549196764,DLR
316.633333333333,-0.541917502880096,0.538926839828491,11.0052328109741,0.983237981796265,-1.53202199935913,-0.403965979814529,-979.500061035156,40.5,-902.100036621094,-0.554061965875389,-0.0475478388932023,-0.0500759739054997,DLR
316.666666666667,-0.377428203821182,0.745286166667938,9.42972373962402,0.868907988071442,-1.89025592803955,0.815553963184357,-969.900024414062,33.9000015258789,-906.900024414062,-0.556741034816499,-0.0384680386757826,-0.0750160036315118,DLR
316.7,0.156713455915451,0.689060688018799,8.18738079071045,0.457319974899292,-0.541162014007568,2.37044191360474,-974.700012207031,33.9000015258789,-906.900024414062,-0.562668480975111,0.0104695457433532,-0.0831318762187391,DLR
316.733333333333,-0.102282449603081,0.231481328606606,7.88531875610352,0.480185985565186,1.61586391925812,3.12502002716064,-969.900024414062,35.7000007629395,-887.700012207031,-0.570090325897785,-0.0102618734009022,-0.0408830780987639,DLR
316.766666666667,-1.71128702163696,0.96360832452774,9.57866191864014,0.640248000621796,2.33233189582825,3.7881338596344,-962.700012207031,31.5000019073486,-899.700012207031,-0.582796323945305,-0.145204223994911,-0.0895362474021913,DLR
316.8,-1.94157207012177,1.27524077892303,11.4173526763916,-3.87959790229797,-1.21951997280121,14.7943019866943,-926.700012207031,32.7000007629395,-902.100036621094,-0.694296269401535,-0.162497558372807,-0.108636165900674,DLR
316.833333333333,0.277538329362869,-0.528160214424133,7.42295408248901,-5.51070594787598,-1.53202199935913,19.9239082336426,-933.900024414062,36.9000015258789,-902.100036621094,-0.767948564835564,0.0330423812939175,0.0767196111678307,DLR
316.866666666667,-0.0933103039860725,-0.915158748626709,7.82909345626831,-5.24393606185913,-0.518296003341675,20.846170425415,-924.300048828125,32.7000007629395,-892.500061035156,-0.819005441356087,-0.0062091194829736,0.116891089942002,DLR
316.9,0.212938904762268,-2.01514363288879,9.01820182800293,-5.16009378433228,-0.266770005226135,20.4650688171387,-907.500061035156,26.1000003814697,-882.900024414062,-0.865775112169824,0.0123635346785955,0.206326630115308,DLR
316.933333333333,0.79074501991272,-1.84885990619659,9.40340518951416,-4.32167387008667,-0.396344006061554,18.5900573730469,-917.100036621094,36.9000015258789,-890.100036621094,-0.907335326236818,0.0634489043218946,0.203884191797572,DLR
316.966666666667,0.297277063131332,-1.79682147502899,9.30411434173584,-2.99544596672058,-0.602137982845306,15.1220474243164,-897.900024414062,31.5000019073486,-880.500061035156,-0.94104151070293,0.0344831877576642,0.198481459641092,DLR
317.0,-0.206359326839447,-1.86500978469849,9.97164154052734,-2.5152599811554,-0.0914639979600906,12.5686779022217,-897.900024414062,33.9000015258789,-892.500061035156,-0.969292941732088,-0.0124947063262707,0.191164051948483,DLR
317.033333333333,-0.0376830063760281,-1.98942351341248,11.3078927993774,-2.18751406669617,-0.815553963184357,9.83237934112549,-888.300048828125,36.3000030517578,-892.500061035156,-0.992027068898693,-0.0065271350069823,0.180518810098308,DLR
317.066666666667,0.0418700091540813,-1.26447427272797,11.5238227844238,-0.381099998950958,-2.69056582450867,6.31101608276367,-890.700012207031,30.9000015258789,-882.900024414062,-1.00740733130636,0.0040523290352092,0.124204061179859,DLR
317.1,0.477916240692139,-1.05691862106323,9.25446796417236,1.03659200668335,-2.04269599914551,4.32929611206055,-890.700012207031,26.7000007629395,-880.500061035156,-1.01831777009983,0.0450088945062102,0.114325255986785,DLR
317.133333333333,-0.726145565509796,0.0071777156554162,10.2593479156494,2.38568592071533,1.34909391403198,2.46190595626831,-900.300048828125,21.3000011444092,-887.700012207031,-1.02466090461824,-0.0532910348105449,0.0151607185026609,DLR
317.166666666667,-0.0113647161051631,-0.101086162030697,8.61146450042725,1.20427596569061,0.594515979290009,1.80641400814056,-897.900024414062,29.1000003814697,-882.900024414062,-1.02885730822651,-0.0126579378502227,0.0106891657792281,DLR
317.2,-0.168078169226646,-0.0281127188354731,7.63170623779297,0.579271972179413,0.541162014007568,1.45580196380615,-895.500061035156,29.1000003814697,-887.700012207031,-1.03228637589085,-0.0208992866648543,0.0042513999139789,DLR
317.233333333333,-1.22320234775543,-0.260790348052979,7.92898321151733,-0.152439996600151,2.64483404159546,0.731711983680725,-883.500061035156,22.5,-894.900024414062,-1.03217071759605,-0.129982923031305,0.0271613205952871,DLR
317.266666666667,-2.4458065032959,-0.653770267963409,11.4275217056274,-0.0228659994900227,3.38416790962219,0.449698001146317,-885.900024414062,22.5,-880.500061035156,-1.02885567487523,-0.201915481456585,0.0520135449182139,DLR
317.3,-1.97925508022308,-0.290697485208511,10.9472122192383,-0.266770005226135,0.937505960464478,-0.365855991840363,-869.100036621094,26.7000007629395,-885.300048828125,-1.0319821063908,-0.183811469246514,0.0310472243418458,DLR
317.333333333333,-1.57730305194855,0.174657747149467,10.1421117782593,0.0457319989800453,-0.114329993724823,-0.0838419944047928,-895.500061035156,23.1000003814697,-887.700012207031,-1.03847031141874,-0.159737001789188,-0.0081386076967564,DLR
317.366666666667,-1.40264523029327,-0.193200185894966,8.74604606628418,0.510673999786377,-0.236281991004944,0.419209986925125,-881.100036621094,30.3000011444092,-873.300048828125,-1.03545322288291,-0.158783361955743,0.0161756701959934,DLR
317.4,-1.18851006031036,-0.305052906274796,7.79858827590942,0.0838419944047928,1.30336201190948,-0.37347799539566,-866.700012207031,20.1000003814697,-882.900024414062,-1.0314389073503,-0.154290132750378,0.0352295315047468,DLR
317.433333333333,-1.99540495872498,-0.144750595092773,8.59112739562988,0.0304879993200302,1.29574000835419,-0.945127964019775,-881.100036621094,19.5,-873.300048828125,-1.03177917868229,-0.217617861028025,0.0202297523065854,ST
317.466666666667,-2.50143384933472,-0.379820793867111,9.31966590881348,-0.320124000310898,1.31860601902008,-0.556405961513519,-864.300048828125,26.7000007629395,-875.700012207031,-1.02664523627904,-0.254878104671978,0.0372217311711192,ST
317.5,-2.09649109840393,-0.73751026391983,11.1099071502686,-1.2347639799118,-0.495429992675781,-0.67835795879364,-873.900024414062,18.3000011444092,-873.300048828125,-1.02014236873112,-0.199232395050979,0.0624283722802544,ST
317.533333333333,-0.51440292596817,-0.70162171125412,11.569281578064,-2.09605002403259,-3.40703392028809,-2.33995389938354,-881.100036621094,27.9000015258789,-878.100036621094,-1.0157075044593,-0.0706379635373412,0.064216350036496,ST
317.566666666667,0.698032855987549,-0.191405743360519,9.16235446929932,-1.16616594791412,-4.80185985565186,-3.01831197738647,-885.900024414062,23.7000007629395,-873.300048828125,-1.00959357598591,0.0532785642003716,0.0312247996402518,ST
317.6,0.237462759017944,-0.165087461471558,7.55215311050415,0.853663980960846,-1.84452390670776,-1.2347639799118,-890.700012207031,33.3000030517578,-882.900024414062,-1.00655606827861,0.0384410735835052,0.0224814437370764,ST
317.633333333333,0.0669920146465302,-0.174059599637985,8.05160236358643,1.31860601902008,0.320124000310898,-0.67835795879364,-881.100036621094,26.7000007629395,-875.700012207031,-1.00499151547653,0.0139613633486794,0.0199313830312108,ST
317.666666666667,-0.152526453137398,-0.0412718653678894,7.79619550704956,1.2500079870224,-0.342989981174469,-0.853663980960846,-881.100036621094,23.7000007629395,-882.900024414062,-1.0030269612487,-0.0123159758123258,0.0065070851499405,ST
317.7,-1.16039741039276,-0.11484345048666,7.93915176391602,0.472563982009888,-0.579271972179413,-1.60061991214752,-890.700012207031,35.7000007629395,-892.500061035156,-0.998907205793812,-0.117450925089629,0.0123813926708627,ST
317.733333333333,-3.33524513244629,-1.04615211486816,13.4905166625977,-0.190549999475479,1.19665396213531,-2.14940404891968,-888.300048828125,31.5000019073486,-873.300048828125,-0.985223066091599,-0.218115160462441,0.0648699405404779,ST
317.766666666667,-3.09000658988953,-1.30335354804993,15.2251310348511,-1.78354799747467,0.579271972179413,-2.46952795982361,-890.700012207031,32.1000022888184,-878.100036621094,-0.976325037353475,-0.203806686235221,0.0844988325184417,ST
317.8,0.633433401584625,-0.726743698120117,9.06246376037598,-2.21037983894348,-3.58234000205994,-4.74088382720947,-883.500061035156,31.5000019073486,-878.100036621094,-0.966608696084799,0.0196579250443834,0.0843928587034101,ST
317.833333333333,-0.211144462227821,-1.09819054603577,6.7201361656189,-0.846041977405548,0.0609759986400604,-3.3689239025116,-888.300048828125,30.3000011444092,-885.300048828125,-0.958109345289455,-0.0219251468688488,0.150229260991706,ST
317.866666666667,-0.178246602416039,-0.636424124240875,8.99427604675293,-0.83841997385025,1.40244793891907,-2.75154185295105,-900.300048828125,32.7000007629395,-880.500061035156,-0.952651919703779,-0.0217461435993873,0.0870093103727544,ST
317.9,0.263781040906906,-1.30036282539368,7.85720586776733,-0.411587983369827,0.419209986925125,-1.96647596359253,-893.100036621094,34.5,-866.100036621094,-0.948040845860567,0.0218285553014252,0.149014527937158,ST
317.933333333333,0.403148353099823,-1.11075150966644,7.23214673995972,-0.830797970294952,0.579271972179413,-2.20275783538818,-895.500061035156,36.9000015258789,-870.900024414062,-0.94272941204076,0.0484038307485903,0.152797085206012,ST
317.966666666667,-1.96071267127991,-1.57909739017487,8.97393894195557,0.365855991840363,1.82165801525116,0.0228659994900227,-900.300048828125,28.5000019073486,-882.900024414062,-0.94098625999205,-0.167428303742067,0.169805097418693,ST
318.0,-3.93458437919617,-1.9308055639267,14.6006698608398,0.990859985351562,3.39178991317749,0.213415995240211,-881.100036621094,31.5000019073486,-863.700012207031,-0.946344474753964,-0.246876614658381,0.138074417090206,ST
318.033333333333,0.254808902740479,-0.952243626117706,9.73358058929443,-1.53964400291443,-3.10977602005005,-0.472563982009888,-881.100036621094,40.5,-887.700012207031,-0.950723591246858,-0.0248981886041341,0.107899409337958,ST
318.066666666667,1.12570512294769,-1.80340111255646,7.71903514862061,-0.129574000835419,-5.98326969146729,1.2500079870224,-893.100036621094,36.3000030517578,-873.300048828125,-0.960765044469774,0.119411876071992,0.2078619409925,ST
318.1,-1.54859220981598,-1.19209897518158,11.0536823272705,2.05031800270081,-0.106707997620106,1.33385002613068,-897.900024414062,37.5,-885.300048828125,-0.963118238414497,-0.0947600171520658,0.121545386922259,ST
318.133333333333,-1.66941702365875,-1.04076874256134,9.65283107757568,2.75916385650635,1.46342396736145,1.72257196903229,-895.500061035156,30.3000011444092,-892.500061035156,-0.96801522047661,-0.159129872400335,0.105682770376582,ST
318.166666666667,-1.27225005626678,-0.733921408653259,7.69271659851074,3.39941191673279,1.89787793159485,1.10518991947174,-902.700012207031,33.9000015258789,-882.900024414062,-0.970985276710392,-0.16513859208161,0.0922985065961643,ST
318.2,-1.39068245887756,-0.742893576622009,7.89488887786865,1.80641400814056,0.945127964019775,1.91312193870544,-890.700012207031,32.1000022888184,-868.500061035156,-0.974706821133719,-0.173456131000029,0.0905588497700498,ST
318.233333333333,-1.55457353591919,-0.802707850933075,9.63668155670166,0.259148001670837,0.0914639979600906,1.46342396736145,-878.700012207031,35.1000022888184,-875.700012207031,-0.979237099029224,-0.162217986202491,0.0837156287839036,ST
318.266666666667,-2.57620167732239,-1.04375946521759,10.780330657959,0.792688012123108,1.29574000835419,1.45580196380615,-881.100036621094,27.3000011444092,-880.500061035156,-0.98035570089558,-0.222799528203761,0.0926711849763286,ST
318.3,-1.65386533737183,-0.563450694084167,10.2216653823853,1.41006994247437,1.05183601379395,2.30184388160706,-885.900024414062,30.9000015258789,-870.900024414062,-0.99180503678668,-0.172440407854928,0.0586710627689589,ST
318.333333333333,-0.827829897403717,-0.862522184848785,9.62172794342041,1.32622802257538,-1.2347639799118,2.82013988494873,-885.900024414062,33.9000015258789,-880.500061035156,-0.995281127540292,-0.099570033374546,0.0815750878511733,ST
318.366666666667,0.260790348052979,-0.616087257862091,8.80885124206543,0.487807989120483,-4.1311240196228,1.91312193870544,-869.100036621094,36.3000030517578,-882.900024414062,-1.00111155911278,0.012142353276181,0.0711802691270589,ST
318.4,0.315221339464188,0.498851239681244,10.11878490448,1.64635193347931,-5.38113164901733,1.60061991214752,-900.300048828125,32.7000007629395,-882.900024414062,-1.00297466504456,0.0354609745069817,-0.030002492883447,ST
318.433333333333,0.382213354110718,0.842185318470001,9.98001575469971,3.88721990585327,-4.1311240196228,2.66007804870605,-895.500061035156,27.3000011444092,-892.500061035156,-1.0070098280593,0.043590266440001,-0.0785368179827822,ST
318.466666666667,0.817063271999359,0.611302137374878,7.50310564041138,2.17227005958557,-3.59758400917053,0.967993974685669,-902.700012207031,36.9000015258789,-882.900024414062,-1.00854388275399,0.100199877275897,-0.0836919699868865,ST
318.5,-1.11434030532837,1.13288283348083,7.97803115844727,0.0533539988100529,-2.12653803825378,0.480185985565186,-902.700012207031,26.1000003814697,-897.300048828125,-1.00878899543663,-0.0861324063558754,-0.129425959798762,ST
318.533333333333,-1.8907299041748,0.148937597870827,9.87892913818359,-1.40244793891907,1.05183601379395,0.914639949798584,-902.700012207031,18.3000011444092,-890.100036621094,-0.999628934033121,-0.169818128290753,-0.0367108910318013,ST
318.566666666667,-1.13348090648651,-0.769211888313293,9.77604866027832,-2.16464805603027,0.960371971130371,-0.6250039935112,-895.500061035156,29.1000003814697,-880.500061035156,-0.984785570249327,-0.127580508781515,0.0585741302345747,ST
318.6,-1.83091568946838,-0.296678900718689,9.54277324676514,-0.78506600856781,1.71494996547699,-1.92836594581604,-900.300048828125,26.7000007629395,-897.300048828125,-0.983522052545499,-0.180030667471764,0.0379357775963265,ST
318.633333333333,-2.155109167099,0.0538328662514687,10.0488023757935,0.525918006896973,1.79879200458527,-1.78354799747467,-885.900024414062,30.3000011444092,-899.700012207031,-0.9857777777311,-0.208628627942974,0.0017178207219849,ST
318.666666666667,-0.745286166667938,-0.080151155591011,7.95948839187622,-0.548784017562866,0.0228659994900227,-2.15702605247498,-895.500061035156,25.5000019073486,-878.100036621094,-0.97932507928997,-0.112701446481397,0.0099373951079611,ST
318.7,-0.101086162030697,-0.305651068687439,7.76389598846436,-1.85214591026306,-0.739333987236023,-1.85976791381836,-900.300048828125,27.9000015258789,-890.100036621094,-0.973365364567569,-0.03081615857472,0.0365550826516788,ST
318.733333333333,0.186620607972145,-0.355296939611435,7.9397497177124,-1.96647596359253,-0.952749967575073,-1.93598794937134,-905.100036621094,30.3000011444092,-882.900024414062,-0.968695894798437,0.0152723944751828,0.0460758892464551,ST
318.766666666667,-0.60651695728302,-0.99889874458313,8.94044303894043,-1.36433792114258,0.327746003866196,-1.70732796192169,-905.100036621094,38.7000007629395,-885.300048828125,-0.963341012231126,-0.0536971335775798,0.10235840367871,ST
318.8,-0.741099119186401,-1.3159145116806,10.6158418655396,-1.40244793891907,1.18903195858002,-1.6692179441452,-900.300048828125,35.7000007629395,-880.500061035156,-0.958275343951445,-0.067430249929179,0.121214462632319,ST
318.833333333333,-0.77579140663147,-1.29497957229614,11.5459537506104,-1.85976791381836,-0.922261953353882,-2.14178204536438,-902.700012207031,39.3000030517578,-866.100036621094,-0.953857155776373,-0.0651063808552207,0.116183571671895,ST
318.866666666667,-0.315221339464188,-1.16637873649597,11.047700881958,-1.60824191570282,-1.55488801002502,-1.53202199935913,-902.700012207031,40.5,-873.300048828125,-0.951257326783849,-0.0333759224184015,0.109721980838119,ST
318.9,-0.619077980518341,-1.14604198932648,9.4967155456543,-0.0685980021953583,0.442075997591019,-0.487807989120483,-907.500061035156,38.7000007629395,-878.100036621094,-0.949469454045699,-0.0602659756300581,0.118603742270615,ST
318.933333333333,-1.14125680923462,-0.805100440979004,8.45056343078613,0.907018005847931,1.99696397781372,-0.487807989120483,-895.500061035156,33.9000015258789,-880.500061035156,-0.949445758693601,-0.123304065696447,0.098041348526625,ST
318.966666666667,-1.37154185771942,-0.598142981529236,9.68453311920166,1.09756803512573,1.60824191570282,-0.221037998795509,-885.900024414062,36.3000030517578,-880.500061035156,-0.95232590765175,-0.139429730758236,0.0671089908707865,ST
319.0,-0.825437307357788,-0.537132382392883,9.86517238616943,0.449698001146317,-0.792688012123108,-0.533540010452271,-900.300048828125,39.9000015258789,-870.900024414062,-0.952298728595911,-0.0921803938338073,0.0560851914633056,ST
319.033333333333,-0.486290246248245,-0.699229121208191,9.44886493682861,0.282013982534409,-2.24086785316467,-0.78506600856781,-905.100036621094,31.5000019073486,-882.900024414062,-0.949631512276432,-0.0553003206455324,0.0703569326330053,ST
319.066666666667,-0.849363029003143,-1.03897428512573,10.3155736923218,0.0990860015153885,-0.282013982534409,-1.04421401023865,-905.100036621094,32.7000007629395,-875.700012207031,-0.945418371237676,-0.0767646118583969,0.0952952750380557,ST
319.1,-0.473131090402603,-0.978561878204346,9.60318565368652,0.106707997620106,0.137196004390717,-1.75305998325348,-919.500061035156,37.5,-887.700012207031,-0.940650734804964,-0.0535810760276693,0.100500421418651,ST
319.133333333333,-0.596946656703949,-0.816465139389038,9.90046215057373,0.228659987449646,0.175305992364883,-2.14178204536438,-912.300048828125,33.9000015258789,-892.500061035156,-0.936501957300296,-0.0586983949649813,0.0858046503596264,ST
319.166666666667,-0.282921612262726,-0.334361910820007,9.59481143951416,0.221037998795509,-0.685979962348938,-1.97409796714783,-907.500061035156,35.7000007629395,-878.100036621094,-0.933947418524841,-0.0342462720011259,0.0448969693257623,ST
319.2,-0.485692083835602,-0.971982300281525,9.28856182098389,0.426831990480423,-0.0304879993200302,-1.38720393180847,-914.700012207031,36.3000030517578,-882.900024414062,-0.928793109668238,-0.0482051717069039,0.0917767751559424,ST
319.233333333333,-1.06110560894012,-1.61678040027618,9.7180290222168,-0.525918006896973,1.85976791381836,-1.94360995292664,-912.300048828125,42.9000015258789,-878.100036621094,-0.919613756935926,-0.0975989827055203,0.151043597348085,ST
319.266666666667,-1.15860295295715,-1.79981219768524,8.92668533325195,-1.42531394958496,1.94360995292664,-2.59910202026367,-914.700012207031,41.7000007629395,-885.300048828125,-0.908353491935193,-0.123458423474406,0.192909900035732,ST
319.3,-0.756650865077972,-1.71547400951385,9.6522331237793,-2.14178204536438,-0.190549999475479,-1.72257196903229,-907.500061035156,38.1000022888184,-882.900024414062,-0.905886273321106,-0.0840802902682761,0.182074801957122,ST
319.333333333333,0.229088753461838,-2.36984252929688,7.74056816101074,-1.37195992469788,-1.39482593536377,-1.01372599601746,-919.500061035156,40.5,-873.300048828125,-0.900881490004204,0.0077745361581954,0.275784798679851,ST
319.366666666667,-0.83560574054718,-2.26636362075806,8.40630149841309,-0.282013982534409,0.37347799539566,-0.411587983369827,-919.500061035156,47.7000007629395,-873.300048828125,-0.900050951806923,-0.0763563823311565,0.266166584451157,ST
319.4,-1.50552582740784,-1.93020737171173,10.2222633361816,0.663114011287689,1.02897000312805,0.0533539988100529,-902.700012207031,42.3000030517578,-878.100036621094,-0.906142600202186,-0.131600875701684,0.201878016439418,ST
319.433333333333,-1.3398402929306,-1.88175773620605,10.6493377685547,0.891773998737335,-1.63872992992401,0.891773998737335,-926.700012207031,45.3000030517578,-878.100036621094,-0.911739726258382,-0.12268361661603,0.17821915458059,ST
319.466666666667,0.156713455915451,-1.9146556854248,8.60548305511475,1.04421401023865,-3.23172783851624,1.56251001358032,-912.300048828125,40.5,-878.100036621094,-0.914675293832737,-0.0049057296736154,0.209648158571767,ST
319.5,-0.592161536216736,-2.18441820144653,9.07083797454834,2.23324584960938,-0.0228659994900227,3.13264203071594,-902.700012207031,36.9000015258789,-878.100036621094,-0.921057828038855,-0.0525054793729807,0.227648804861173,ST
319.533333333333,-1.19748222827911,-1.47262799739838,9.95848274230957,2.27135586738586,1.92074394226074,2.98020195960999,-912.300048828125,42.9000015258789,-868.500061035156,-0.93197014202455,-0.108509390058334,0.159700894748478,ST
319.566666666667,-1.78844749927521,-1.31112945079803,9.86696624755859,2.65245604515076,1.09756803512573,3.84148788452148,-914.700012207031,38.7000007629395,-873.300048828125,-0.94305281207011,-0.166061057537727,0.133260931578123,ST
319.6,-1.67300593852997,-0.916355013847351,9.89268684387207,2.53812599182129,0.198172003030777,3.87959790229797,-900.300048828125,39.3000030517578,-878.100036621094,-0.956940107780541,-0.167541196658216,0.0961750760195854,ST
319.633333333333,-1.03598368167877,-0.930112302303314,8.20592308044434,2.9268479347229,-0.449698001146317,3.93295192718506,-905.100036621094,41.1000022888184,-887.700012207031,-0.964131696419113,-0.132370537166467,0.104900682659945,ST
319.666666666667,-1.02043187618256,-0.664536833763123,8.58335208892822,2.63721203804016,-0.0457319989800453,3.64331603050232,-900.300048828125,33.9000015258789,-873.300048828125,-0.974997299473448,-0.121258697018532,0.0785247394614996,ST
319.7,0.0143554313108325,-0.345726639032364,8.61744594573975,1.52439999580383,-2.83538389205933,3.26221585273743,-902.700012207031,35.1000022888184,-887.700012207031,-0.985929812076463,-0.0138293768525104,0.043704157126401,ST
319.733333333333,-0.37025049328804,0.0275145769119263,9.78681564331055,2.43903994560242,-4.12350177764893,4.01679372787476,-893.100036621094,32.1000022888184,-902.100036621094,-0.996708204916591,-0.027695905847219,0.0018741231696657,ST
319.766666666667,0.60950767993927,-0.0526365824043751,9.07741737365723,1.76068198680878,-3.08691000938416,4.00917196273804,-905.100036621094,32.1000022888184,-892.500061035156,-1.00630187636919,0.0533753446841292,0.0027320184889104,ST
319.8,0.256603330373764,0.224303618073463,10.5326995849609,1.265251994133,-2.05031800270081,3.803377866745,-895.500061035156,30.3000011444092,-885.300048828125,-1.01501548379044,0.0322784826523551,-0.0188903205141327,ST
319.833333333333,0.550291538238525,0.216527760028839,9.41656494140625,0.899396002292633,-2.08842802047729,2.9116039276123,-909.900024414062,29.1000003814697,-880.500061035156,-1.02191038462271,0.0567821550576592,-0.0233414075737702,ST
319.866666666667,0.223705470561981,0.409727931022644,8.85909557342529,0.807931959629059,-1.06708002090454,1.85214591026306,-914.700012207031,30.3000011444092,-892.500061035156,-1.02530605041768,0.0331661572806675,-0.0426339484605273,ST
319.9,-0.757847130298615,0.506028950214386,10.1522808074951,1.03659200668335,0.335367977619171,1.02134799957275,-926.700012207031,28.5000019073486,-897.300048828125,-1.02781664234783,-0.0543705747765442,-0.0499491725395493,ST
319.933333333333,-1.29497957229614,0.346324771642685,9.6462516784668,1.15854394435883,1.6920839548111,0.327746003866196,-907.500061035156,36.9000015258789,-894.900024414062,-1.02768347153681,-0.119764178322743,-0.040413665133529,ST
319.966666666667,-1.66762256622314,0.406139075756073,10.3891448974609,0.228659987449646,1.73781597614288,-0.228659987449646,-902.700012207031,33.3000030517578,-890.100036621094,-1.02714259712684,-0.153552950955463,-0.0396294638846771,ST
320.0,-1.11733102798462,0.340343356132507,9.30949687957764,-0.67835795879364,0.693601965904236,-0.495429992675781,-912.300048828125,35.1000022888184,-887.700012207031,-1.02580214969728,-0.127248623783162,-0.0361275826639676,ST
320.033333333333,-1.09400343894958,0.189611315727234,9.87892913818359,-0.762199997901917,0.480185985565186,-0.815553963184357,-905.100036621094,23.7000007629395,-902.100036621094,-1.02240585581854,-0.114392396708941,-0.0214020218236203,ST
320.066666666667,-0.295482635498047,-0.430064797401428,8.9117317199707,-1.63872992992401,-0.342989981174469,-1.52439999580383,-897.900024414062,37.5,-892.500061035156,-1.01447373982365,-0.0490045187045964,0.0366772005622256,ST
320.1,-0.0711790099740028,-0.391185492277145,8.73169136047363,-2.41617393493652,-1.41006994247437,-2.12653803825378,-912.300048828125,28.5000019073486,-892.500061035156,-1.00943524994178,-0.0137691239159961,0.0467238850524765,ST
320.133333333333,0.244640469551086,-0.356493204832077,8.00853633880615,-1.92836594581604,-1.32622802257538,-2.14940404891968,-900.300048828125,39.3000030517578,-890.100036621094,-1.00431845246244,0.0246527682102807,0.0476086701094388,ST
320.166666666667,-0.264977335929871,-0.594554126262665,8.60368824005127,-1.50153398513794,-0.419209986925125,-1.91312193870544,-914.700012207031,34.5,-885.300048828125,-0.999746992939291,-0.0200591731592797,0.0673501689893971,ST
320.2,-1.54978847503662,-1.1316864490509,11.1326370239258,-0.617381989955902,1.06708002090454,-1.36433792114258,-909.900024414062,31.5000019073486,-885.300048828125,-0.994617319807656,-0.11518300659861,0.0954405319507793,ST
320.233333333333,-0.980954468250275,-1.08204066753387,11.1673288345337,-1.37958192825317,-0.0228659994900227,-1.64635193347931,-907.500061035156,33.3000030517578,-882.900024414062,-0.990877802358055,-0.0925886754088247,0.0985100431785024,ST
320.266666666667,-0.279930919408798,-0.78476357460022,9.83646106719971,-1.53964400291443,-1.57775402069092,-2.17227005958557,-914.700012207031,32.7000007629395,-875.700012207031,-0.987310159619636,-0.0388366963956531,0.0857122209699565,ST
320.3,-0.327782362699509,-0.990524768829346,9.51824951171875,-0.975615978240967,-1.12805593013763,-1.2423859834671,-917.100036621094,39.3000030517578,-875.700012207031,-0.984215887229444,-0.0334335683062987,0.101484798912698,ST
320.333333333333,0.279930919408798,-1.20824885368347,9.72819709777832,-1.2347639799118,-0.891773998737335,-1.21951997280121,-900.300048828125,38.7000007629395,-882.900024414062,-0.98137243697861,0.01895403035744,0.121389255996465,ST
320.366666666667,0.754856407642365,-1.50253510475159,9.40460205078125,-0.815553963184357,-1.81403601169586,-1.44055795669556,-914.700012207031,38.1000022888184,-894.900024414062,-0.979823790666453,0.0712275994372328,0.152867152398438,ST
320.4,0.891831159591675,-1.61079907417297,7.27700757980347,-0.403965979814529,-1.21951997280121,-1.95885396003723,-914.700012207031,35.7000007629395,-890.100036621094,-0.980468942195891,0.113366668296189,0.207211141714019,ST
320.433333333333,-0.32538977265358,-1.30813872814178,9.59421348571777,-0.525918006896973,0.266770005226135,-1.37195992469788,-931.500061035156,41.1000022888184,-887.700012207031,-0.974091680657693,-0.0039264395560805,0.150616719024679,ST
320.466666666667,-0.116637878119946,-1.50253510475159,10.6947965621948,-0.457319974899292,-1.01372599601746,-0.708845973014832,-943.500061035156,39.9000015258789,-902.100036621094,-0.972871580781613,-0.0078741958578016,0.142445176685388,ST
320.5,0.716575264930725,-1.78007352352142,9.98240852355957,-0.602137982845306,-2.11891603469849,-0.198172003030777,-931.500061035156,44.7000007629395,-880.500061035156,-0.973843715121451,0.0576927395573969,0.170434853490333,ST
320.533333333333,0.818857729434967,-1.7166702747345,10.6080656051636,0.472563982009888,-1.31860601902008,0.556405961513519,-936.300048828125,32.7000007629395,-887.700012207031,-0.975114355961315,0.0740403206670574,0.161868439345148,ST
320.566666666667,0.462962657213211,-1.51031100749969,11.8025569915771,1.12043392658234,-0.87652999162674,0.983237981796265,-912.300048828125,41.7000007629395,-892.500061035156,-0.97616443620562,0.0462180240786124,0.131916852271248,ST
320.6,1.32608294487,-0.96958976984024,9.58344650268555,1.74543797969818,-1.2576299905777,1.41769194602966,-938.700012207031,36.9000015258789,-880.500061035156,-0.97797536423291,0.122186293559849,0.104150334578706,ST
320.633333333333,0.885251581668854,-0.637022256851196,7.62572479248047,2.31708788871765,-0.137196004390717,1.60824191570282,-917.100036621094,36.9000015258789,-894.900024414062,-0.980068452901746,0.116496081371908,0.084283256725665,ST
320.666666666667,-0.320006489753723,-0.570030272006989,9.0612678527832,2.13416004180908,1.87501192092896,1.51677799224854,-931.500061035156,38.1000022888184,-882.900024414062,-0.982405882124498,-0.0073108908801503,0.0642220814941478,ST
320.7,-1.01504862308502,-0.639414846897125,10.6200284957886,1.78354799747467,1.87501192092896,1.06708002090454,-929.100036621094,31.5000019073486,-887.700012207031,-0.984668483662378,-0.080090280984884,0.0584013256468294,ST
320.733333333333,-1.13288283348083,-0.422288924455643,10.7013759613037,1.76830399036407,1.50153398513794,0.564027965068817,-931.500061035156,32.1000022888184,-885.300048828125,-0.987125563986988,-0.103059970975622,0.0402281986605856,ST
320.766666666667,-1.31770896911621,-0.292491912841797,9.90943431854248,1.53964400291443,1.34147191047668,0.670735955238342,-924.300048828125,29.7000007629395,-890.100036621094,-0.989390101885401,-0.128178659276617,0.029422891448513,ST
320.8,-1.07725548744202,-0.150732025504112,11.2702102661133,1.04421401023865,0.914639949798584,1.08994603157043,-921.900024414062,34.5,-885.300048828125,-0.993403015174742,-0.102500172959649,0.0145660008004239,ST
320.833333333333,1.42657101154327,-0.203368604183197,8.00434970855713,-0.106707997620106,-2.43903994560242,0.632625997066498,-914.700012207031,33.3000030517578,-887.700012207031,-0.995240424778184,0.13249471299982,0.0237785660288057,ST
320.866666666667,1.64848208427429,0.0053832866251468,6.61366701126099,-0.106707997620106,-2.20275783538818,0.320124000310898,-917.100036621094,35.1000022888184,-902.100036621094,-0.992481164266314,0.227412635104195,0.0039085983643146,ST
320.9,1.04316139221191,-0.195592746138573,7.24650192260742,0.228659987449646,0.434453994035721,0.899396002292633,-917.100036621094,35.7000007629395,-890.100036621094,-0.998140720663379,0.159329500912361,0.0222852477260762,ST
320.933333333333,-0.506028950214386,-0.231481328606606,9.35914325714111,1.02897000312805,2.080806016922,1.05945801734924,-902.700012207031,35.1000022888184,-873.300048828125,-1.00068676641293,-0.0137025357331076,0.0228204700614005,ST
320.966666666667,-1.22140789031982,-0.30325847864151,11.9359426498413,0.967993974685669,1.74543797969818,1.04421401023865,-902.700012207031,38.7000007629395,-885.300048828125,-1.00298146031132,-0.0886981278965358,0.0234537512670206,ST
321.0,-0.665134966373444,-0.119030453264713,11.6793394088745,0.556405961513519,-0.0457319989800453,0.190549999475479,-909.900024414062,32.1000022888184,-878.100036621094,-1.00423008072847,-0.0625031402145631,0.0117385042198028,ST
321.033333333333,-0.568235814571381,-0.0520384386181831,10.4722871780396,0.609759986400604,0.388722002506256,-0.160062000155449,-919.500061035156,39.3000030517578,-880.500061035156,-1.00414168743914,-0.0564189608211034,0.0054961360553681,ST
321.066666666667,0.0137572884559631,-0.284716039896011,8.54925727844238,0.0685980021953583,1.11281192302704,-0.945127964019775,-912.300048828125,30.9000015258789,-885.300048828125,-1.00116429419373,-0.0116118383978524,0.0276336358062627,ST
321.1,-0.103478737175465,-0.32838049530983,8.49841499328613,-0.434453994035721,1.29574000835419,-2.0579400062561,-905.100036621094,29.7000007629395,-880.500061035156,-0.996221624099933,-0.0137614347983189,0.0370519814664846,ST
321.133333333333,-0.45937380194664,-0.424083352088928,9.19345760345459,-0.442075997591019,0.434453994035721,-2.35519790649414,-909.900024414062,32.1000022888184,-892.500061035156,-0.990393503795318,-0.0434938520563184,0.0451224462719071,ST
321.166666666667,-0.128600731492043,-0.593357801437378,8.48585414886475,-0.0609759986400604,0.236281991004944,-2.00458598136902,-902.700012207031,35.7000007629395,-887.700012207031,-0.984677451932994,-0.0200438269315874,0.0658380033888023,ST
321.2,-0.384605944156647,-0.565245091915131,8.1485013961792,-0.190549999475479,0.609759986400604,-1.77592599391937,-912.300048828125,41.7000007629395,-892.500061035156,-0.980163699542702,-0.0429305220454418,0.0690154304613245,ST
321.233333333333,-1.17236018180847,-0.635227859020233,9.92977142333984,0.541162014007568,1.75305998325348,-1.37958192825317,-907.500061035156,39.9000015258789,-887.700012207031,-0.976783766328872,-0.106375533942474,0.0642252361575223,ST
321.266666666667,-0.826035439968109,-0.815867006778717,11.5465517044067,-0.487807989120483,-0.365855991840363,-1.41006994247437,-909.900024414062,44.1000022888184,-875.700012207031,-0.973172974813282,-0.0776748687820728,0.0701192070457339,ST
321.3,0.593955993652344,-0.887644171714783,9.32086181640625,-0.899396002292633,-2.65245604515076,-1.08232402801514,-905.100036621094,35.1000022888184,-880.500061035156,-0.970804514492862,0.0386851787785389,0.0911896191588637,ST
321.333333333333,-0.537132382392883,-0.671714544296265,9.87055492401123,-0.640248000621796,-0.548784017562866,-0.510673999786377,-917.100036621094,39.3000030517578,-882.900024414062,-0.969674737497861,-0.0357528446488961,0.0732861388675725,ST
321.366666666667,-0.562852561473846,-1.23038005828857,10.5374851226807,-0.0,0.945127964019775,0.6250039935112,-921.900024414062,40.5,-873.300048828125,-0.969462705138947,-0.0515677451469633,0.10898381015662,ST
321.4,0.304454773664474,-1.23396897315979,9.5864372253418,-0.670735955238342,-1.12043392658234,-0.144817993044853,-909.900024414062,28.5000019073486,-875.700012207031,-0.969180775472185,0.0182716779653627,0.1255826809526,ST
321.433333333333,1.26626861095428,-0.925925314426422,6.89479398727417,-0.823175966739655,-2.05031800270081,-0.37347799539566,-914.700012207031,37.5,-878.100036621094,-0.969403390101342,0.150223847085397,0.133005954434012,ST
321.466666666667,-0.250621914863586,-1.17116391658783,8.40630149841309,0.198172003030777,0.762199997901917,1.47866797447205,-914.700012207031,44.1000022888184,-885.300048828125,-0.972895320942954,0.0055441273009208,0.137145699369402,ST
321.5,-1.4540855884552,-1.28540921211243,10.9310626983643,0.0990860015153885,1.97409796714783,1.76830399036407,-909.900024414062,40.5,-887.700012207031,-0.977542698190763,-0.111446368109585,0.120163492835402,ST
321.533333333333,-1.61678040027618,-1.13108837604523,10.868257522583,0.518296003341675,0.670735955238342,1.93598794937134,-909.900024414062,39.9000015258789,-899.700012207031,-0.983400536147746,-0.14097390976636,0.105967596993058,ST
321.566666666667,-1.06589078903198,-0.979758203029633,10.3520603179932,0.541162014007568,0.457319974899292,2.20275783538818,-909.900024414062,33.9000015258789,-878.100036621094,-0.990093238544656,-0.109252304230839,0.0950189076047557,ST
321.6,-1.24712812900543,-0.681882977485657,9.73896408081055,1.13567793369293,0.541162014007568,2.63721203804016,-905.100036621094,39.3000030517578,-878.100036621094,-0.998267269244428,-0.12451247698696,0.0729578575284904,ST
321.633333333333,-1.26028728485107,-0.421092659235001,10.82399559021,1.21951997280121,0.739333987236023,2.85062789916992,-902.700012207031,36.3000030517578,-878.100036621094,-1.00789921816182,-0.118822171836219,0.0435758799531364,ST
321.666666666667,-0.111254595220089,-0.14355431497097,9.4315185546875,1.2500079870224,-0.617381989955902,2.62196803092957,-917.100036621094,40.5,-887.700012207031,-1.01560997714668,-0.0326311254345162,0.0189735898628396,ST
321.7,0.0149535741657019,-0.0167480036616325,7.26085758209229,1.265251994133,-0.640248000621796,2.11129403114319,-902.700012207031,38.1000022888184,-875.700012207031,-1.02100764295287,-0.0032430083517635,0.0034349774308697,ST
321.733333333333,-0.847568571567535,-0.0472532957792282,8.61804389953613,1.2347639799118,1.18903195858002,1.79117000102997,-914.700012207031,36.9000015258789,-890.100036621094,-1.02536893898943,-0.0838281358237565,0.0031820291488997,ST
321.766666666667,-0.507823407649994,-0.1214230209589,11.3348093032837,0.388722002506256,-0.754577994346619,0.594515979290009,-895.500061035156,32.1000022888184,-878.100036621094,-1.02631797289025,-0.0515960675139974,0.0086057817480618,ST
321.8,0.507225215435028,-0.239855334162712,9.88191986083984,-0.0609759986400604,-2.78965187072754,-0.365855991840363,-909.900024414062,37.5,-882.900024414062,-1.02543236774392,0.0368910096356946,0.0215503933869332,TR
321.833333333333,-0.137572884559631,0.102282449603081,8.59471607208252,0.396344006061554,-0.289635986089706,-0.708845973014832,-909.900024414062,28.5000019073486,-882.900024414062,-1.02328877107819,-0.0061418591515439,-0.0065033316011284,TR
321.866666666667,-0.797324597835541,-0.41152235865593,11.773247718811,-0.419209986925125,0.823175966739655,-0.556405961513519,-912.300048828125,36.9000015258789,-870.900024414062,-1.02096559291788,-0.056327896286066,0.0271834472354236,TR
321.9,0.41451308131218,-0.312828779220581,8.9296760559082,-0.426831990480423,-1.03659200668335,-1.60824191570282,-917.100036621094,39.3000030517578,-897.300048828125,-1.01692455940788,0.0306960472584469,0.0343093793491077,TR
321.933333333333,0.0783567279577255,-0.0843381583690643,7.48575925827026,-0.518296003341675,0.335367977619171,-1.79117000102997,-912.300048828125,36.9000015258789,-880.500061035156,-1.01222561060953,0.0138843934654336,0.0163206694113841,TR
321.966666666667,-1.12450873851776,-0.05742172524333,9.08878231048584,-0.114329993724823,1.70732796192169,-1.63872992992401,-919.500061035156,41.1000022888184,-890.100036621094,-1.00863124853906,-0.0994222236662177,0.0085609700497359,TR
322.0,-2.39855337142944,-0.276342064142227,11.4179515838623,0.541162014007568,1.85976791381836,-1.2500079870224,-905.100036621094,41.1000022888184,-880.500061035156,-1.00382734327222,-0.187830078371967,0.0205448864378064,TR
322.033333333333,-2.27473783493042,-0.265575468540192,11.5202331542969,0.221037998795509,0.78506600856781,-1.44055795669556,-907.500061035156,42.3000030517578,-878.100036621094,-1.00003760895005,-0.194523483788353,0.0226321050222747,TR
322.066666666667,-0.301464051008224,-0.261986613273621,9.45843505859375,-1.13567793369293,-0.960371971130371,-1.76830399036407,-909.900024414062,38.1000022888184,-882.900024414062,-0.995507353206733,-0.061338738195633,0.0286256704096685,TR
322.1,0.0053832866251468,-0.310436189174652,8.59770679473877,-1.34147191047668,-1.2347639799118,-2.14178204536438,-907.500061035156,39.3000030517578,-873.300048828125,-0.990497684906694,-0.0100361965158399,0.0365333055308486,TR
322.133333333333,0.244042336940765,-0.399559497833252,8.55703353881836,-1.73781597614288,-0.594515979290009,-2.5152599811554,-926.700012207031,39.3000030517578,-885.300048828125,-0.984801321882636,0.0217040876335657,0.0469986369788356,TR
322.166666666667,0.180639177560806,0.0143554313108325,8.3458890914917,-1.06708002090454,0.419209986925125,-2.62959003448486,-919.500061035156,45.9000015258789,-878.100036621094,-0.977663220369089,0.0211382363534184,0.0089497486548577,TR
322.2,-0.585581958293915,0.519786238670349,8.15268898010254,0.175305992364883,1.57013201713562,-2.0731840133667,-902.700012207031,40.5,-868.500061035156,-0.973938996239763,-0.0551442203759053,-0.049127346452836,TR
322.233333333333,-1.37513065338135,-0.113049022853374,10.4627170562744,-0.0762199983000755,2.28659987449646,-1.37195992469788,-902.700012207031,50.7000007629395,-882.900024414062,-0.966762568787187,-0.1186818356038,-0.0010596544713106,TR
322.266666666667,-1.28241848945618,0.0227294322103262,11.5381774902344,-0.289635986089706,1.02897000312805,-2.34757590293884,-912.300048828125,36.9000015258789,-870.900024414062,-0.961462564303988,-0.11373798964452,-0.0010049513509418,TR
322.3,-1.38470101356506,-0.0137572884559631,10.5913171768188,0.3125019967556,0.701223969459534,-3.53660798072815,-909.900024414062,44.1000022888184,-885.300048828125,-0.952034951436069,-0.128470226179451,0.0011282465942072,TR
322.333333333333,-1.41460812091827,-0.450401663780212,10.5189418792725,-0.0990860015153885,1.38720393180847,-3.7805118560791,-919.500061035156,53.7000007629395,-870.900024414062,-0.938897596589549,-0.134351104177584,0.0352477011407695,TR
322.366666666667,-0.397166937589645,-0.510215938091278,10.0822982788086,-0.830797970294952,-0.724089980125427,-4.74850606918335,-933.900024414062,48.3000030517578,-875.700012207031,-0.92625357081923,-0.0549239937895933,0.0495641642779608,TR
322.4,0.602329969406128,-0.13099330663681,8.89917087554932,-0.190549999475479,-1.61586391925812,-5.60979175567627,-929.100036621094,47.1000022888184,-875.700012207031,-0.913589047484675,0.0453621051621076,0.0219011379049722,TR
322.433333333333,0.985739588737488,0.0974973067641258,8.04203224182129,0.861285984516144,-0.800309956073761,-5.45735168457031,-919.500061035156,42.3000030517578,-878.100036621094,-0.898989734026732,0.107651991254241,-0.0071188470849489,TR
322.466666666667,-0.416905641555786,0.53533798456192,8.40929222106934,2.88873791694641,2.23324584960938,-4.74088382720947,-921.900024414062,44.1000022888184,-880.500061035156,-0.886383835777289,-0.021096533237433,-0.0563404806421241,TR
322.5,-1.46664655208588,0.115441590547562,10.5500459671021,3.11739802360535,3.14788603782654,-4.52746772766113,-938.700012207031,45.3000030517578,-873.300048828125,-0.872330529644743,-0.123259129344578,-0.0225491642457682,TR
322.533333333333,-1.40324342250824,1.30694234371185,10.5494480133057,2.94971394538879,1.86738991737366,-6.17382001876831,-941.100036621094,42.3000030517578,-878.100036621094,-0.868315488535608,-0.133040455238824,-0.105950922840075,TR
322.566666666667,-1.26028728485107,1.78246605396271,10.027268409729,2.88873791694641,0.571649968624115,-5.99851369857788,-936.300048828125,48.9000015258789,-892.500061035156,-0.860377618518611,-0.126894043930281,-0.168051123116822,TR
322.6,-2.61866998672485,1.01564681529999,11.3988103866577,2.56861400604248,1.89787793159485,-5.22106981277466,-926.700012207031,42.9000015258789,-880.500061035156,-0.838060581442336,-0.208815744979176,-0.107358697914657,TR
322.633333333333,-1.9708811044693,1.15920102596283,11.3294258117676,0.228659987449646,1.13567793369293,-6.22717380523682,-941.100036621094,47.7000007629395,-870.900024414062,-0.822694418578308,-0.180961326344966,-0.101661856275616,TR
322.666666666667,-0.677097856998444,1.49236667156219,7.9313759803772,-0.967993974685669,-0.617381989955902,-5.77747583389282,-943.500061035156,44.1000022888184,-878.100036621094,-0.818411490144995,-0.101535177597229,-0.168646913521146,TR
322.7,-0.159106031060219,0.317015767097473,7.25367975234985,-1.78354799747467,0.167683988809586,-5.38875389099121,-938.700012207031,52.5000038146973,-868.500061035156,-0.797936262591793,-0.0362838645817469,-0.0615480784604666,TR
322.733333333333,-0.695042133331299,0.107067592442036,8.560622215271,-1.93598794937134,0.617381989955902,-5.28966808319092,-957.900024414062,56.1000022888184,-870.900024414062,-0.782547154927649,-0.0746377362410656,-0.0174356339188788,TR
322.766666666667,-1.11673295497894,-0.053234726190567,9.12526893615723,-1.43293595314026,0.609759986400604,-4.6494197845459,-950.700012207031,48.3000030517578,-873.300048828125,-0.770206101787015,-0.113142185824284,0.0037942934185658,TR
322.8,-1.4941611289978,-0.445018380880356,10.4866428375244,-0.975615978240967,1.2347639799118,-3.86435389518738,-960.300048828125,55.5000038146973,-868.500061035156,-0.757158842661065,-0.137647319010751,0.0371732739299208,TR
322.833333333333,-1.75136256217957,-0.238060906529427,10.7300863265991,-0.800309956073761,0.975615978240967,-3.31556987762451,-965.100036621094,54.3000030517578,-866.100036621094,-0.751100470688903,-0.158424413185689,0.0268962519945269,TR
322.866666666667,-3.44051837921143,-0.463560789823532,13.5808362960815,1.13567793369293,2.61434602737427,-2.56099200248718,-957.900024414062,51.3000030517578,-878.100036621094,-0.743025424086953,-0.236597441897147,0.0320891167216864,TR
322.9,-2.575603723526,0.808689296245575,10.82399559021,1.2500079870224,1.72257196903229,-3.49849796295166,-953.100036621094,54.3000030517578,-863.700012207031,-0.754701659661165,-0.236459893149048,-0.0549225979364689,TR
322.933333333333,-1.06648886203766,0.608311414718628,8.09885597229004,1.52439999580383,-0.106707997620106,-2.69818782806396,-967.500061035156,56.1000022888184,-858.900024414062,-0.751302837253409,-0.152008854752303,-0.0724307304743863,TR
322.966666666667,-1.39965450763702,0.835007607936859,8.18857765197754,1.50915598869324,0.0838419944047928,-2.78202986717224,-972.300048828125,51.3000030517578,-873.300048828125,-0.748083259100394,-0.165994751249757,-0.0979140847433131,TR
323.0,-1.20406174659729,0.934299349784851,7.80755996704102,0.83841997385025,0.541162014007568,-3.03355598449707,-948.300048828125,57.9000015258789,-873.300048828125,-0.743666029090404,-0.155849936178275,-0.115606435061198,TR
323.033333333333,-1.6383136510849,0.355296939611435,9.97762298583984,0.0076219998300075,-0.213415995240211,-2.62196803092957,-969.900024414062,51.9000015258789,-861.300048828125,-0.726187612862973,-0.161582309821601,-0.047586333798974,TR
323.066666666667,0.181237325072289,0.556272983551025,10.0559797286987,-1.62348592281342,-3.01831197738647,-3.30794787406921,-965.100036621094,47.1000022888184,-870.900024414062,-0.718905845315697,-0.0143194766156547,-0.0511732978939155,TR
323.1,0.0346922911703587,-0.151330173015594,9.41237735748291,-0.800309956073761,-2.56099200248718,-3.61282801628113,-965.100036621094,57.9000015258789,-878.100036621094,-0.710153910814687,0.0035662630958438,0.0036513291675668,TR
323.133333333333,-0.0705808699131012,-0.375633776187897,11.3521556854248,-0.670735955238342,-0.0762199983000755,-4.55033397674561,-989.100036621094,54.9000015258789,-873.300048828125,-0.699346212634431,-0.004112119470855,0.0284594567490942,TR
323.166666666667,-0.0167480036616325,0.434849947690964,9.05827713012695,0.548784017562866,-0.0228659994900227,-4.30642986297607,-991.500061035156,57.3000030517578,-863.700012207031,-0.6896156317584,-0.0023687637931237,-0.033315207575475,TR
323.2,-0.465355217456818,0.134582161903381,8.93147087097168,1.47104597091675,0.945127964019775,-3.65093803405762,-993.900024414062,50.1000022888184,-863.700012207031,-0.680897249891756,-0.0434825460500107,-0.0206372650776648,TR
323.233333333333,-1.55218100547791,-0.159704178571701,10.2240581512451,1.12043392658234,0.754577994346619,-3.62045001983643,-998.700012207031,51.9000015258789,-856.500061035156,-0.66995815946596,-0.13007981446789,0.0072091562705373,TR
323.266666666667,-2.4356381893158,-0.409129798412323,11.9179983139038,1.46342396736145,1.78354799747467,-4.06252574920654,-977.100036621094,57.3000030517578,-868.500061035156,-0.656843302104124,-0.189443364993245,0.0277562880662602,TR
323.3,-1.26507234573364,-0.183629885315895,10.0781106948853,-0.0152439996600151,0.0381099991500378,-4.94667768478394,-991.500061035156,50.7000007629395,-868.500061035156,-0.646664025801901,-0.137748106847427,0.0212035599463988,TR
323.333333333333,-1.68257617950439,-0.221312895417213,11.1822824478149,-0.121951997280121,-0.762199997901917,-4.45124769210815,-998.700012207031,54.9000015258789,-870.900024414062,-0.636596755689134,-0.145795307498044,0.021137987321109,TR
323.366666666667,-0.139367312192917,-0.231481328606606,9.11270809173584,-0.67835795879364,-1.12043392658234,-4.43600368499756,-1003.50006103516,52.5000038146973,-854.100036621094,-0.626171505816578,-0.0398839080439678,0.0259262505151259,TR
323.4,0.0257201474159956,-0.467747807502747,8.48525619506836,-0.0,-0.0533539988100529,-4.19210004806519,-1017.90002441406,54.3000030517578,-861.300048828125,-0.614819946601052,-0.0033774688668794,0.0505596574907916,TR
323.433333333333,-0.69264954328537,-0.441429525613785,9.98659515380859,0.617381989955902,0.792688012123108,-3.42989993095398,-1013.10003662109,48.9000015258789,-870.900024414062,-0.60697219149326,-0.0567983793027034,0.0448062266404617,TR
323.466666666667,-0.87687760591507,-0.622666835784912,9.80535793304443,1.04421401023865,0.640248000621796,-3.20886182785034,-1008.30004882812,57.3000030517578,-878.100036621094,-0.598401338446704,-0.0831700591013141,0.0585479991673298,TR
323.5,-0.491075366735458,-0.241649761795998,9.70427131652832,0.586893975734711,0.167683988809586,-2.72105383872986,-1013.10003662109,60.9000015258789,-856.500061035156,-0.59362552946471,-0.0564633956650124,0.0302972543388446,TR
323.533333333333,-0.748875021934509,-0.295482635498047,10.3394994735718,1.29574000835419,0.320124000310898,-1.50915598869324,-1025.10009765625,56.7000007629395,-870.900024414062,-0.59003073774164,-0.0696662374942312,0.0272075461102849,TR
323.566666666667,-0.955832481384277,-0.235668331384659,8.49841499328613,1.99696397781372,1.47104597091675,-0.647870004177094,-1029.90002441406,54.3000030517578,-866.100036621094,-0.588137929970608,-0.106490071088502,0.0248624122571256,TR
323.6,-1.89790761470795,-0.166881889104843,10.2300395965576,1.79117000102997,2.57623600959778,-0.304879993200302,-1022.70001220703,57.3000030517578,-875.700012207031,-0.587989760721408,-0.173341174857723,0.0153651899576545,TR
323.633333333333,-1.62336003780365,-0.169872596859932,10.0882797241211,1.63872992992401,0.731711983680725,0.106707997620106,-1020.30004882812,57.3000030517578,-878.100036621094,-0.5877353877067,-0.162908228048614,0.0141884529164047,ST
323.666666666667,-1.51569426059723,-0.0269164331257343,9.13723182678223,1.6615959405899,-0.198172003030777,0.0457319989800453,-1025.10009765625,53.1000022888184,-875.700012207031,-0.589058922882911,-0.163811426552008,0.002885386961568,ST
323.7,-1.22021162509918,0.22011661529541,9.06485652923584,1.89025592803955,-0.228659987449646,-0.243903994560242,-1017.90002441406,51.3000030517578,-870.900024414062,-0.591545068348269,-0.138484236498233,-0.0224281663445606,ST
323.733333333333,-0.983945190906525,0.412718653678894,9.32564735412598,2.37044191360474,-0.663114011287689,-0.175305992364883,-1017.90002441406,56.1000022888184,-875.700012207031,-0.592988060897895,-0.110850090246255,-0.0431158834086985,ST
323.766666666667,-1.20824885368347,0.728538155555725,9.66539192199707,2.24848985671997,-0.640248000621796,0.213415995240211,-1013.10003662109,56.1000022888184,-875.700012207031,-0.596117139372877,-0.120459109059955,-0.0719117982847623,ST
323.8,-0.947458446025848,0.859531462192535,9.23652362823486,2.080806016922,-0.350611984729767,0.571649968624115,-1013.10003662109,48.3000030517578,-880.500061035156,-0.599027558628719,-0.104994856505789,-0.0915700003545218,ST
323.833333333333,-0.797324597835541,0.86491471529007,9.78621673583984,1.41769194602966,-0.419209986925125,0.685979962348938,-1027.5,49.5000038146973,-882.900024414062,-0.600132395474866,-0.085151145718033,-0.0908958189842503,ST
323.866666666667,-0.573020994663239,0.952841758728027,10.6529264450073,1.54726600646973,-0.92988395690918,0.800309956073761,-1027.5,50.1000022888184,-880.500061035156,-0.601575199837711,-0.0585063653970107,-0.0917672532891444,ST
323.9,0.236864611506462,0.954038023948669,10.0476055145264,1.45580196380615,-1.36433792114258,0.0152439996600151,-1032.30004882812,53.1000022888184,-892.500061035156,-0.601338995292959,0.0088251661716409,-0.0961105859687702,ST
323.933333333333,0.410924226045609,1.05632042884827,8.59471607208252,1.34147191047668,-1.13567793369293,-0.884151995182037,-1025.10009765625,53.1000022888184,-897.300048828125,-0.598541538283009,0.0410717079585436,-0.118922809859177,ST
323.966666666667,-0.398961365222931,0.958823204040527,8.92190074920654,1.37195992469788,0.442075997591019,-1.55488801002502,-1029.90002441406,50.7000007629395,-890.100036621094,-0.595057934676638,-0.0290723217688525,-0.111233773539455,ST
324.0,-0.692051410675049,0.87388688325882,10.5757656097412,0.396344006061554,0.0685980021953583,-1.34147191047668,-1022.70001220703,51.3000030517578,-878.100036621094,-0.590978651801088,-0.0581359452360395,-0.0887130705268222,ST
324.033333333333,-0.226696193218231,0.815268874168396,9.1868782043457,0.25152599811554,-0.823175966739655,-1.93598794937134,-1022.70001220703,51.3000030517578,-897.300048828125,-0.586349671326209,-0.0304324510813677,-0.0887956782564796,ST
324.066666666667,-0.0508421510457993,0.607713282108307,9.19525146484375,-0.403965979814529,-0.137196004390717,-2.25611186027527,-1029.90002441406,45.3000030517578,-875.700012207031,-0.580776245291509,-0.0105822366089524,-0.0699717080629163,ST
324.1,-0.433055520057678,0.379222631454468,9.73298263549805,-0.358233988285065,0.289635986089706,-3.08691000938416,-1032.30004882812,53.7000007629395,-880.500061035156,-0.572658117656122,-0.0390324031165963,-0.0438313455405164,ST
324.133333333333,-0.800913453102112,0.299669623374939,10.6708707809448,-0.282013982534409,0.0914639979600906,-2.97257995605469,-1044.30004882812,59.7000007629395,-880.500061035156,-0.564939217542814,-0.0683576904510879,-0.0304162854949193,ST
324.166666666667,-0.708201289176941,0.267968058586121,10.2085056304932,-0.121951997280121,-0.320124000310898,-2.88111591339111,-1041.90002441406,56.7000007629395,-870.900024414062,-0.558057759223207,-0.0687265825271351,-0.0266373008930771,ST
324.2,-0.183629885315895,0.221911042928696,8.62522125244141,0.0304879993200302,0.144817993044853,-3.17075204849243,-1037.10009765625,50.7000007629395,-875.700012207031,-0.550280879906605,-0.0300712330938516,-0.0257464130232221,ST
324.233333333333,-0.86192399263382,0.183031752705574,10.1684303283691,0.297257989645004,0.25152599811554,-2.99544596672058,-1039.5,49.5000038146973,-890.100036621094,-0.542404477668289,-0.0758649172405464,-0.0194536726301417,ST
324.266666666667,-0.993515491485596,0.286510497331619,10.6409635543823,0.198172003030777,0.0609759986400604,-3.03355598449707,-1051.5,48.3000030517578,-887.700012207031,-0.535482223614423,-0.0901863385624257,-0.0254922248592685,ST
324.3,-0.386998504400253,0.265575468540192,9.84363842010498,-0.457319974899292,-0.739333987236023,-2.9268479347229,-1051.5,51.3000030517578,-873.300048828125,-0.52819559832018,-0.0468521206812754,-0.0258129500842725,ST
324.333333333333,0.245836764574051,0.328978627920151,9.13842868804932,-1.2576299905777,-1.6692179441452,-2.45428395271301,-1061.10009765625,55.5000038146973,-902.100036621094,-0.522583388233089,0.0142364211886286,-0.0321716436307315,ST
324.366666666667,0.126806303858757,0.0370848625898361,8.91950798034668,-0.746955990791321,-0.868907988071442,-2.46952795982361,-1061.10009765625,53.1000022888184,-875.700012207031,-0.517005162087276,0.015397396408302,-0.008467989926287,ST
324.4,-0.129198879003525,-0.273949474096298,10.1995344161987,-0.670735955238342,0.259148001670837,-2.25611186027527,-1053.90002441406,53.1000022888184,-878.100036621094,-0.511914143546614,-0.0073291910109151,0.020673352890579,ST
324.433333333333,0.080151155591011,-0.250023752450943,9.69230842590332,-0.564027965068817,-0.442075997591019,-2.54574799537659,-1065.90002441406,53.1000022888184,-890.100036621094,-0.506070538143647,0.0058267286735861,0.0255378266379441,ST
324.466666666667,0.165087461471558,0.0454588644206524,9.5565299987793,-0.358233988285065,-0.457319974899292,-2.21037983894348,-1063.5,54.9000015258789,-873.300048828125,-0.500568952460297,0.0157738978428031,0.0014566161652575,ST
324.5,0.0903195887804031,0.0299071483314037,9.76946926116943,0.335367977619171,0.0381099991500378,-1.35671591758728,-1068.30004882812,56.7000007629395,-882.900024414062,-0.497399645365446,0.0105042559044743,-0.0026410825266288,ST
324.533333333333,-0.973178625106812,-0.199181616306305,10.1881694793701,1.39482593536377,1.6920839548111,-1.50915598869324,-1068.30004882812,48.3000030517578,-873.300048828125,-0.493278102589951,-0.0762155582713294,0.0132155268765902,ST
324.566666666667,-1.13527536392212,-0.0047851437702775,10.940034866333,0.960371971130371,1.85976791381836,-1.55488801002502,-1056.30004882812,51.9000015258789,-873.300048828125,-0.490285299050445,-0.10120585721175,0.0015587341016428,ST
324.6,-0.492869794368744,0.134582161903381,10.0906715393066,0.708845973014832,0.182927995920181,-1.38720393180847,-1077.90002441406,47.7000007629395,-873.300048828125,-0.487994063416019,-0.0596304909018316,-0.0111931714301079,ST
324.633333333333,-0.279332756996155,0.0436644367873669,9.48236083984375,0.388722002506256,-0.167683988809586,-1.82927989959717,-1070.70007324219,57.3000030517578,-885.300048828125,-0.483508585522334,-0.0353157091729751,-0.0063650872078469,ST
324.666666666667,0.307445496320724,0.0460570082068443,9.51346397399902,0.114329993724823,-0.266770005226135,-1.48628997802734,-1073.10009765625,54.3000030517578,-882.900024414062,-0.480069427673905,0.0190337119050083,-0.0053161931000458,ST
324.7,0.200377896428108,-0.080151155591011,8.80526256561279,0.67835795879364,0.0533539988100529,-2.31708788871765,-1070.70007324219,54.3000030517578,-890.100036621094,-0.474978643267648,0.0219362542359158,0.0051836908643874,ST
324.733333333333,-0.0436644367873669,0.0293090064078569,9.39921855926514,0.510673999786377,0.754577994346619,-2.5152599811554,-1073.10009765625,45.9000015258789,-878.100036621094,-0.469113771743905,-0.0003425915864077,-0.0021778712106694,ST
324.766666666667,-0.399559497833252,-0.0735715851187706,10.1714210510254,1.00610399246216,0.449698001146317,-2.24848985671997,-1065.90002441406,50.1000022888184,-894.900024414062,-0.463795252211714,-0.0320386290914188,0.004006160190596,ST
324.8,-0.808689296245575,-0.091515876352787,10.378378868103,1.17378795146942,0.495429992675781,-2.42379593849182,-1065.90002441406,46.5,-892.500061035156,-0.457953919779448,-0.0692164281467461,0.0064095174327088,ST
324.833333333333,-0.294286340475082,-0.147143170237541,9.94053840637207,0.800309956073761,0.106707997620106,-2.56099200248718,-1070.70007324219,44.1000022888184,-885.300048828125,-0.451652069998408,-0.0376862572277848,0.0121638292352607,ST
324.866666666667,-0.537132382392883,-0.205163031816483,9.93276214599609,0.716467976570129,0.129574000835419,-2.71343183517456,-1085.10009765625,50.7000007629395,-878.100036621094,-0.444869246169797,-0.0510353892905038,0.018210130892701,ST
324.9,-0.669920146465302,-0.249425619840622,9.7598991394043,0.762199997901917,0.777444005012512,-2.5076379776001,-1087.5,52.5000038146973,-890.100036621094,-0.438669592439023,-0.0659966458383665,0.0232261965506252,ST
324.933333333333,-0.448009073734283,-0.226696193218231,9.40819072723389,0.609759986400604,0.861285984516144,-2.26373386383057,-1073.10009765625,50.1000022888184,-878.100036621094,-0.433171888804915,-0.0522079980583478,0.0232454817242375,ST
324.966666666667,-0.300267785787582,-0.178844749927521,9.14201736450195,0.556405961513519,0.0533539988100529,-1.70732796192169,-1077.90002441406,53.1000022888184,-887.700012207031,-0.428987533682123,-0.0361042153682109,0.0194696458916052,ST
325.0,-0.569432079792023,-0.196190893650055,9.90046215057373,0.6250039935112,-0.0381099991500378,-1.62348592281342,-1070.70007324219,50.1000022888184,-894.900024414062,-0.425210795361014,-0.0530453431089547,0.0189828040532458,ST
325.033333333333,0.0687864422798157,-0.354698777198792,9.66359806060791,0.609759986400604,-0.78506600856781,-1.64635193347931,-1085.10009765625,50.7000007629395,-885.300048828125,-0.4208176383816,-0.0024336384727875,0.0326919258608687,ST
325.066666666667,-0.222509190440178,-0.336754500865936,9.81612396240234,0.754577994346619,-0.861285984516144,-1.95123195648193,-1092.30004882812,50.7000007629395,-882.900024414062,-0.415964745858314,-0.017915665565986,0.032967273175486,ST
325.1,0.278136491775513,-0.482103228569031,9.48953819274902,0.289635986089706,-0.503051996231079,-2.0731840133667,-1092.30004882812,49.5000038146973,-890.100036621094,-0.410840883246654,0.0222093179053418,0.0473161784261737,ST
325.133333333333,0.276940196752548,-0.35410064458847,9.36990928649902,-0.0152439996600151,-0.396344006061554,-1.88263392448425,-1085.10009765625,45.9000015258789,-870.900024414062,-0.406352121746652,0.0287140474888523,0.0396473291065596,ST
325.166666666667,-0.431859225034714,-0.445616513490677,9.86876106262207,0.259148001670837,0.205793991684914,-1.2500079870224,-1097.10009765625,49.5000038146973,-882.900024414062,-0.403453485780194,-0.0293007052485308,0.0436808781860178,ST
325.2,-0.313426911830902,-0.693845868110657,9.48714542388916,0.0914639979600906,0.365855991840363,-0.556405961513519,-1097.10009765625,44.7000007629395,-892.500061035156,-0.401347180733355,-0.0327172506207734,0.0673361945272643,ST
325.233333333333,-0.235070183873177,-0.979160070419312,9.54755783081055,-0.106707997620106,0.37347799539566,-0.282013982534409,-1089.90002441406,56.1000022888184,-875.700012207031,-0.399710083247723,-0.0263747046054023,0.0965163040603316,ST
325.266666666667,-0.337950766086578,-0.925327181816101,9.38247108459473,0.129574000835419,0.289635986089706,-0.282013982534409,-1092.30004882812,39.3000030517578,-890.100036621094,-0.398951745295195,-0.0342881866361194,0.0977777948050054,ST
325.3,-0.656760990619659,-1.01325416564941,9.35615253448486,0.777444005012512,0.746955990791321,0.0533539988100529,-1094.70007324219,48.9000015258789,-899.700012207031,-0.398437279810244,-0.0648219329234723,0.105052425966429,ST
325.333333333333,-0.930710434913635,-0.814072608947754,9.74733829498291,1.18903195858002,0.92988395690918,0.259148001670837,-1092.30004882812,47.7000007629395,-885.300048828125,-0.400086247381987,-0.0901364994570264,0.0860341176392046,ST
325.366666666667,-1.19628596305847,-0.607115089893341,9.61933517456055,1.49391198158264,0.365855991840363,1.03659200668335,-1087.5,41.7000007629395,-885.300048828125,-0.40426131322635,-0.117775963936717,0.0651385500375728,ST
325.4,-0.523973226547241,-0.885849714279175,9.17790603637695,0.92988395690918,-0.327746003866196,1.44055795669556,-1094.70007324219,42.3000030517578,-885.300048828125,-0.405235043297524,-0.0687812535006161,0.0885196548593009,ST
325.433333333333,-0.718369722366333,-0.762632310390472,9.06665134429932,0.907018005847931,-0.487807989120483,1.59299790859222,-1080.30004882812,45.9000015258789,-892.500061035156,-0.409196531633108,-0.0762832883624517,0.0834118183648859,ST
325.466666666667,-0.386998504400253,-0.92173832654953,9.45604228973389,0.586893975734711,-0.708845973014832,1.6844619512558,-1092.30004882812,51.3000030517578,-887.700012207031,-0.412496125043065,-0.0471102470489967,0.0934495361813439,ST
325.5,-0.192003890872002,-0.690855145454407,9.57925987243652,1.2576299905777,-1.05183601379395,1.46342396736145,-1077.90002441406,53.7000007629395,-894.900024414062,-0.416852015070159,-0.0234929861657823,0.073954581050558,ST
325.533333333333,-0.072973445057869,-0.769810020923615,9.71264553070068,1.62348592281342,-1.07470202445984,1.34147191047668,-1089.90002441406,43.5,-899.700012207031,-0.420026929540864,-0.0093622050273254,0.075769232364131,ST
325.566666666667,-0.116039738059044,-0.770408153533936,10.0045394897461,1.59299790859222,-1.12805593013763,1.42531394958496,-1089.90002441406,43.5,-892.500061035156,-0.423578200779849,-0.0097059074650918,0.0743751130735202,ST
325.6,-0.180639177560806,-0.307445496320724,9.27958965301514,1.53202199935913,-1.2500079870224,1.73019397258759,-1092.30004882812,46.5,-904.500061035156,-0.428125698778756,-0.0158676075706378,0.0392653283824344,ST
325.633333333333,0.212938904762268,-0.387596637010574,9.11629676818848,0.853663980960846,-0.853663980960846,2.17227005958557,-1087.5,42.9000015258789,-882.900024414062,-0.433205216970251,0.0164966905299465,0.0406747406194592,ST
325.666666666667,0.620274245738983,-0.547300815582275,9.5684928894043,0.739333987236023,-1.02897000312805,2.53812599182129,-1080.30004882812,48.3000030517578,-899.700012207031,-0.439852897029501,0.0567631934354776,0.0531268039258161,ST
325.7,0.503636360168457,-0.565245091915131,9.5326042175293,0.724089980125427,-0.754577994346619,2.33995389938354,-1085.10009765625,44.1000022888184,-904.500061035156,-0.446154182437698,0.0542781585060851,0.0573413667339996,ST
325.733333333333,-0.428868502378464,-0.632237136363983,9.99676322937012,0.967993974685669,0.434453994035721,2.08842802047729,-1092.30004882812,42.3000030517578,-887.700012207031,-0.450982718722573,-0.0239764636984333,0.0606279783391307,ST
325.766666666667,-0.142956167459488,-0.56763768196106,10.3634252548218,0.602137982845306,-0.0685980021953583,1.69970595836639,-1075.5,50.1000022888184,-906.900024414062,-0.45498398114123,-0.0158677253815811,0.0550274155902337,ST
325.8,0.438438802957535,-0.374437510967255,9.69290637969971,0.510673999786377,-1.22714197635651,1.36433792114258,-1087.5,45.9000015258789,-894.900024414062,-0.458234982555008,0.0352273400043954,0.0410523804161168,ST
325.833333333333,0.705210566520691,-0.447410941123962,9.30770301818848,0.495429992675781,-1.00610399246216,1.01372599601746,-1089.90002441406,45.3000030517578,-899.700012207031,-0.461063910094436,0.0692397044670394,0.0460932857052728,ST
325.866666666667,0.409129798412323,-0.20097604393959,9.35794639587402,0.983237981796265,-0.0990860015153885,1.265251994133,-1077.90002441406,44.1000022888184,-909.300048828125,-0.46287784743102,0.0489189938649308,0.0251554955729619,ST
325.9,0.205761179327965,-0.111254595220089,9.59421348571777,1.27287399768829,0.0304879993200302,1.15092194080353,-1085.10009765625,39.9000015258789,-899.700012207031,-0.465161430411762,0.0269117380656324,0.0126054611607909,ST
325.933333333333,0.313426911830902,-0.0789548754692078,9.57567119598389,0.907018005847931,-0.0076219998300075,1.01372599601746,-1092.30004882812,38.1000022888184,-897.300048828125,-0.467419375976054,0.0315461015689965,0.0079028144469952,ST
325.966666666667,0.510814070701599,0.01914057508111,9.72819709777832,0.37347799539566,-0.396344006061554,0.815553963184357,-1073.10009765625,44.7000007629395,-899.700012207031,-0.468999213068311,0.0487953674260925,-0.000447094133772,ST
326.0,0.747678697109222,0.0269164331257343,9.2161865234375,0.3125019967556,-0.46494197845459,0.388722002506256,-1087.5,46.5,-897.300048828125,-0.469814727216332,0.0755042201413496,-0.0028550336968857,ST
326.033333333333,0.556871116161346,0.0041870009154081,9.29155254364014,0.0838419944047928,0.144817993044853,-0.236281991004944,-1089.90002441406,48.3000030517578,-878.100036621094,-0.469350617986518,0.0621119077123137,-0.0009750755134172,ST
326.066666666667,0.278136491775513,-0.128600731492043,10.14271068573,-0.175305992364883,0.160062000155449,-0.6250039935112,-1082.70007324219,41.1000022888184,-892.500061035156,-0.468426031263277,0.0341888624323881,0.0101378050603937,ST
326.1,0.0113647161051631,-0.240453481674194,10.3634252548218,-0.0,0.144817993044853,-0.746955990791321,-1085.10009765625,51.9000015258789,-906.900024414062,-0.466918007615763,0.0075819821617669,0.0205514764222789,ST
326.133333333333,0.386998504400253,-0.228490620851517,9.61574649810791,-0.541162014007568,-0.0685980021953583,-1.09756803512573,-1075.5,40.5,-902.100036621094,-0.464207681269765,0.0348748338738034,0.0239608429701916,ST
326.166666666667,0.472532957792282,-0.431261092424393,9.24130916595459,-0.503051996231079,0.434453994035721,-1.48628997802734,-1082.70007324219,49.5000038146973,-899.700012207031,-0.461288184593284,0.0476090268422525,0.0432088094698019,ST
326.2,0.565245091915131,-0.486290246248245,9.55892276763916,-0.663114011287689,0.403965979814529,-1.50153398513794,-1085.10009765625,42.3000030517578,-887.700012207031,-0.457866504163685,0.0564828307125637,0.0503009171182021,ST
326.233333333333,0.660947978496552,-0.583189368247986,9.57268047332764,-0.480185985565186,0.121951997280121,-1.27287399768829,-1082.70007324219,46.5,-902.100036621094,-0.455162686552632,0.0666702956637053,0.0596549042683983,ST
326.266666666667,0.380418926477432,-0.579600512981415,9.521240234375,-0.0,0.586893975734711,-0.685979962348938,-1085.10009765625,48.9000015258789,-885.300048828125,-0.453504762307573,0.0441764720469048,0.0605312933229974,ST
326.3,0.35709136724472,-0.70760315656662,10.1516828536987,0.304879993200302,0.457319974899292,-0.419209986925125,-1087.5,38.7000007629395,-885.300048828125,-0.452775786923843,0.0363124446464626,0.0673165359977556,ST
326.333333333333,0.614292860031128,-0.675303399562836,9.84662914276123,0.571649968624115,0.0304879993200302,-0.411587983369827,-1080.30004882812,38.7000007629395,-902.100036621094,-0.451891837822824,0.0569468299962024,0.0674147090752681,ST
326.366666666667,0.79074501991272,-0.620872378349304,9.78801155090332,0.533540010452271,0.205793991684914,0.0152439996600151,-1089.90002441406,47.1000022888184,-887.700012207031,-0.451713145578874,0.0754263997282257,0.0634242620295684,ST
326.4,0.817063271999359,-0.571824669837952,9.16235446929932,0.701223969459534,0.533540010452271,0.259148001670837,-1089.90002441406,51.3000030517578,-899.700012207031,-0.452213592091764,0.0853155198979163,0.0615987687957281,ST
326.433333333333,0.619077980518341,-0.562254369258881,9.23114013671875,0.579271972179413,0.861285984516144,0.449698001146317,-1077.90002441406,42.3000030517578,-890.100036621094,-0.453150114749928,0.0690915446953487,0.0602005013540813,ST
326.466666666667,0.099889874458313,-0.592759668827057,9.70726203918457,0.67835795879364,0.769822001457214,0.640248000621796,-1085.10009765625,37.5,-904.500061035156,-0.454700323649333,0.0189712056470189,0.0598973567245992,ST
326.5,-0.263781040906906,-0.70461243391037,10.0607643127441,0.815553963184357,0.693601965904236,0.594515979290009,-1080.30004882812,42.3000030517578,-890.100036621094,-0.456041498995688,-0.0191382983231695,0.0669541228151271,ST
326.533333333333,-0.372044920921326,-0.648985147476196,9.85320949554443,0.914639949798584,0.289635986089706,0.6250039935112,-1068.30004882812,54.3000030517578,-887.700012207031,-0.457520113283068,-0.0348253407935837,0.0646436402825688,ST
326.566666666667,-0.145946890115738,-0.463560789823532,9.63010215759277,0.891773998737335,-0.144817993044853,0.724089980125427,-1061.10009765625,49.5000038146973,-904.500061035156,-0.459538060460178,-0.0189574857043956,0.0501659157775079,ST
326.6,0.1214230209589,-0.345128506422043,9.54576396942139,0.762199997901917,-0.449698001146317,0.990859985351562,-1077.90002441406,45.9000015258789,-894.900024414062,-0.461927408918573,0.0068977123493324,0.0379041168666451,ST
326.633333333333,0.403148353099823,-0.346324771642685,9.20542049407959,0.655492007732391,-0.724089980125427,1.2500079870224,-1068.30004882812,48.9000015258789,-885.300048828125,-0.464965417451852,0.0377007217129854,0.036787184868087,ST
326.666666666667,0.25839775800705,-0.260192185640335,9.50987529754639,0.472563982009888,-0.289635986089706,1.37195992469788,-1073.10009765625,42.3000030517578,-894.900024414062,-0.468095056142917,0.0293926414638079,0.0284220808089116,ST
326.7,0.168676316738129,-0.375035643577576,10.3694067001343,0.731711983680725,-0.152439996600151,1.21189796924591,-1065.90002441406,48.3000030517578,-899.700012207031,-0.471236830990941,0.0187627092145158,0.0337604737178087,ST
326.733333333333,0.756650865077972,-0.330773055553436,9.79100227355957,0.586893975734711,-0.868907988071442,0.967993974685669,-1073.10009765625,36.3000030517578,-892.500061035156,-0.473556322520135,0.0664871049526809,0.0330239284714394,ST
326.766666666667,0.544908225536346,-0.115441590547562,9.11988544464111,0.693601965904236,-0.716467976570129,0.457319974899292,-1082.70007324219,44.1000022888184,-904.500061035156,-0.473646649783308,0.0620338985097207,0.0158351150571055,ST
326.8,0.432457357645035,-0.491673529148102,9.31547832489014,0.556405961513519,0.365855991840363,0.571649968624115,-1077.90002441406,48.3000030517578,-887.700012207031,-0.476600496935744,0.0489597704982687,0.044563882946798,ST
326.833333333333,0.293688207864761,-0.226696193218231,9.22097206115723,0.609759986400604,0.205793991684914,0.274392008781433,-1075.5,46.5,-892.500061035156,-0.476568887405884,0.0349837558473746,0.0277694091767848,ST
326.866666666667,-0.117236025631428,-0.178844749927521,9.24848651885986,0.731711983680725,0.647870004177094,0.266770005226135,-1073.10009765625,45.9000015258789,-916.500061035156,-0.477090258181967,-0.0051005724436809,0.0197934977096681,ST
326.9,-0.447410941123962,-0.199181616306305,9.91721057891846,0.731711983680725,0.792688012123108,0.46494197845459,-1073.10009765625,42.9000015258789,-904.500061035156,-0.478106820883085,-0.038133603624965,0.0189855137917925,ST
326.933333333333,-0.17525589466095,-0.174657747149467,10.2156839370728,0.6250039935112,-0.266770005226135,0.282013982534409,-1061.10009765625,44.7000007629395,-902.100036621094,-0.478795082569206,-0.0210146843357744,0.0165949659139186,ST
326.966666666667,0.192003890872002,-0.233275756239891,9.69350528717041,0.167683988809586,-1.04421401023865,0.381099998950958,-1073.10009765625,48.9000015258789,-906.900024414062,-0.479695132942551,0.0130164861412727,0.0223240488859045,ST
327.0,0.488682806491852,-0.178246602416039,9.64086818695068,-0.0990860015153885,-0.823175966739655,0.144817993044853,-1073.10009765625,46.5,-894.900024414062,-0.479978217428269,0.044196514718505,0.0194069004421671,ST
327.033333333333,0.400157660245895,-0.28710862994194,9.7240104675293,0.175305992364883,-0.236281991004944,0.106707997620106,-1077.90002441406,41.7000007629395,-899.700012207031,-0.480591651039719,0.0420581530658639,0.0272423674000313,ST
327.066666666667,-0.0334960073232651,-0.401353925466537,10.0242776870728,0.457319974899292,0.129574000835419,0.182927995920181,-1075.5,48.3000030517578,-909.300048828125,-0.481256681254349,0.0056230224444019,0.0368096848291876,ST
327.1,0.43425178527832,-0.363670915365219,9.26044940948486,0.282013982534409,-0.0914639979600906,-0.160062000155449,-1065.90002441406,43.5,-897.300048828125,-0.48093540508917,0.0391409030101738,0.0383816532953442,ST
327.133333333333,0.444420218467712,-0.314623206853867,9.10493278503418,0.0685980021953583,-0.0914639979600906,-0.0914639979600906,-1061.10009765625,44.1000022888184,-906.900024414062,-0.480603291134064,0.0469402038121441,0.0352144906894951,ST
327.166666666667,0.318212062120438,-0.235668331384659,9.1031379699707,-0.0228659994900227,-0.0838419944047928,0.365855991840363,-1068.30004882812,43.5,-902.100036621094,-0.481136729474714,0.0374524118891019,0.0278149923469083,ST
327.2,0.0317015759646893,-0.356493204832077,9.79399299621582,0.480185985565186,0.213415995240211,0.769822001457214,-1068.30004882812,40.5,-894.900024414062,-0.48306629731083,0.0097998329484342,0.0340061519513103,ST
327.233333333333,-0.107067592442036,-0.398961365222931,9.92378997802734,0.945127964019775,0.144817993044853,0.655492007732391,-1075.5,38.1000022888184,-902.100036621094,-0.484572127306946,-0.0068672194669684,0.0376171148442557,ST
327.266666666667,-0.113647162914276,-0.381017059087753,10.1157941818237,0.655492007732391,-0.396344006061554,0.449698001146317,-1075.5,40.5,-906.900024414062,-0.485636196011564,-0.00981894820475,0.0367222520777696,ST
327.3,0.0502440109848976,-0.340941488742828,9.73477649688721,0.411587983369827,-0.632625997066498,0.480185985565186,-1073.10009765625,45.9000015258789,-887.700012207031,-0.486832175626661,0.0031861430386228,0.0347516707400969,ST
327.333333333333,0.185424327850342,-0.311632484197617,9.6163444519043,0.37347799539566,-0.0990860015153885,0.37347799539566,-1056.30004882812,48.9000015258789,-906.900024414062,-0.487763186448074,0.0166970925185358,0.032255443428607,ST
327.366666666667,-0.215331465005875,-0.251220047473907,9.97104358673096,0.655492007732391,0.205793991684914,0.602137982845306,-1058.70007324219,41.1000022888184,-892.500061035156,-0.489215006257181,-0.0150681503351222,0.0255057747203494,ST
327.4,0.0526365824043751,-0.252416342496872,9.21977615356445,0.487807989120483,0.0076219998300075,0.731711983680725,-1073.10009765625,42.9000015258789,-904.500061035156,-0.490988559165669,0.0019595330405307,0.0263359732902847,ST
327.433333333333,0.0029907147400081,-0.276940196752548,9.14141941070557,0.213415995240211,0.0762199983000755,0.663114011287689,-1065.90002441406,45.3000030517578,-894.900024414062,-0.492514888783867,0.0005235898124974,0.0291932438832182,ST
327.466666666667,-0.0669920146465302,-0.313426911830902,9.50987529754639,0.0457319989800453,-0.228659987449646,0.579271972179413,-1073.10009765625,42.3000030517578,-899.700012207031,-0.493857751300082,-0.0052228933132932,0.0321230665268736,ST
327.5,-0.0011962859425693,-0.446214646100998,9.64864444732666,-0.0609759986400604,-0.46494197845459,0.693601965904236,-1073.10009765625,38.7000007629395,-906.900024414062,-0.495462597088582,-0.0005431345130723,0.0434567624987965,ST
327.533333333333,0.0705808699131012,-0.342137783765793,9.82150745391846,0.0609759986400604,-0.716467976570129,0.792688012123108,-1056.30004882812,42.9000015258789,-882.900024414062,-0.497558782532243,0.0069734098217443,0.0360985384392839,ST
327.566666666667,-0.0879270136356354,-0.433653652667999,9.86995697021484,0.510673999786377,-0.365855991840363,0.983237981796265,-1070.70007324219,44.1000022888184,-906.900024414062,-0.499998773308574,-0.0055982812692683,0.0417784713064229,ST
327.6,-0.250023752450943,-0.419896364212036,10.039231300354,0.602137982845306,0.0381099991500378,1.03659200668335,-1063.5,44.1000022888184,-890.100036621094,-0.502516930309778,-0.0215510931981714,0.0409079640472967,ST
327.633333333333,0.231481328606606,-0.386400371789932,9.36572265625,0.350611984729767,-0.350611984729767,1.05945801734924,-1065.90002441406,50.1000022888184,-887.700012207031,-0.504986839760046,0.0157962271431918,0.0406876926253616,ST
327.666666666667,0.298473328351974,-0.208751901984215,9.11450290679932,0.190549999475479,-0.411587983369827,1.04421401023865,-1058.70007324219,38.1000022888184,-885.300048828125,-0.507103004622025,0.0298445212436439,0.0262584374939637,ST
327.7,0.387596637010574,-0.369652360677719,9.54157638549805,0.236281991004944,0.205793991684914,1.265251994133,-1063.5,48.3000030517578,-885.300048828125,-0.510627612080995,0.0384088433954104,0.0363524287452187,ST
327.733333333333,0.161498606204987,-0.369054228067398,9.70845890045166,0.556405961513519,0.144817993044853,1.21189796924591,-1068.30004882812,44.1000022888184,-902.100036621094,-0.513714809465854,0.020002543709207,0.0369548166025522,ST
327.766666666667,-0.0717771574854851,-0.407335370779037,10.2390117645264,0.358233988285065,-0.144817993044853,1.2500079870224,-1065.90002441406,40.5,-890.100036621094,-0.516891442466661,-0.0023312970168305,0.0387763572652342,ST
327.8,0.0550291538238525,-0.299071490764618,10.314377784729,0.228659987449646,-0.525918006896973,1.32622802257538,-1063.5,42.3000030517578,-892.500061035156,-0.519978778913103,0.0044600100261113,0.0306466159582938,ST
327.833333333333,0.360680222511292,-0.226696193218231,9.14441013336182,0.46494197845459,-0.205793991684914,1.31860601902008,-1051.5,44.7000007629395,-897.300048828125,-0.522949867278685,0.0326021372778403,0.0253657789959432,ST
327.866666666667,-0.126208171248436,-0.29009935259819,9.09416580200195,0.640248000621796,0.777444005012512,1.49391198158264,-1063.5,44.7000007629395,-892.500061035156,-0.526419017850343,-0.0056430037903862,0.0296914516884556,ST
327.9,-0.37623193860054,-0.272753208875656,9.13364315032959,0.609759986400604,1.08994603157043,1.60824191570282,-1061.10009765625,43.5,-894.900024414062,-0.530035045582277,-0.0355752143019485,0.0289110476466193,ST
327.933333333333,-0.549693405628204,-0.120226740837097,9.5984001159668,0.381099998950958,0.525918006896973,1.6615959405899,-1056.30004882812,42.9000015258789,-890.100036621094,-0.534528479227842,-0.0538852629084702,0.0149846914983499,ST
327.966666666667,-0.56165623664856,-0.141161739826202,9.27958965301514,0.708845973014832,0.114329993724823,2.03507399559021,-1049.10009765625,42.9000015258789,-904.500061035156,-0.539446196433714,-0.0594792893305419,0.0139848157714565,ST
328.0,-0.56763768196106,-0.187218755483627,10.2814798355103,0.457319974899292,-0.0990860015153885,2.16464805603027,-1053.90002441406,33.9000015258789,-904.500061035156,-0.544218523837009,-0.0559282100554916,0.0165471513759981,ST
328.033333333333,-0.203966751694679,-0.0269164331257343,10.1134014129639,0.792688012123108,-1.16616594791412,1.79117000102997,-1049.10009765625,40.5,-904.500061035156,-0.548796026495257,-0.0257682347812643,0.0042682445182418,ST
328.066666666667,0.499449372291565,-0.12441373616457,9.60677433013916,0.335367977619171,-1.85214591026306,1.79879200458527,-1058.70007324219,37.5,-906.900024414062,-0.553544410192285,0.0423791356363569,0.0111540408656757,ST
328.1,0.32239904999733,0.0568235814571381,9.24489784240723,0.541162014007568,-1.2347639799118,1.54726600646973,-1058.70007324219,42.3000030517578,-897.300048828125,-0.55688908108477,0.0379149984701916,-0.0039421333496372,ST
328.133333333333,0.0400755777955055,0.0173461455851793,9.86876106262207,0.92988395690918,0.0304879993200302,1.42531394958496,-1056.30004882812,45.9000015258789,-902.100036621094,-0.560537502397587,0.0097057214668727,-0.00343993303102,ST
328.166666666667,-0.16269488632679,0.0011962859425693,9.94412708282471,1.04421401023865,0.266770005226135,0.990859985351562,-1070.70007324219,38.7000007629395,-902.100036621094,-0.562955663169664,-0.0120842656805768,-0.0022194323578751,ST
328.2,-0.337352633476257,0.0927121639251709,10.063157081604,0.571649968624115,0.0990860015153885,0.868907988071442,-1061.10009765625,44.7000007629395,-887.700012207031,-0.565188315281582,-0.0298172619502347,-0.0088145896066331,ST
328.233333333333,-0.163891181349754,0.147741317749023,9.48236083984375,0.121951997280121,-0.365855991840363,0.807931959629059,-1053.90002441406,36.9000015258789,-902.100036621094,-0.567284360190098,-0.0189787272716644,-0.0145718360105666,ST
328.266666666667,0.449803501367569,0.068188302218914,8.75442028045654,-0.0838419944047928,-0.792688012123108,0.320124000310898,-1039.5,36.9000015258789,-909.300048828125,-0.568051853698139,0.0382627330829155,-0.0090319732392385,ST
328.3,0.294884473085403,0.0502440109848976,9.0373420715332,-0.175305992364883,-0.472563982009888,0.0457319989800453,-1044.30004882812,40.5,-899.700012207031,-0.56824394867628,0.0344140832450702,-0.0060127507112564,ST
328.333333333333,0.148937597870827,0.0011962859425693,9.34359169006348,0.167683988809586,-0.228659987449646,-0.221037998795509,-1049.10009765625,36.3000030517578,-899.700012207031,-0.567850751148615,0.0197668602734143,-0.0014888085634398,ST
328.366666666667,-0.107665732502937,0.0825437307357788,9.8316764831543,0.442075997591019,-0.3125019967556,-0.259148001670837,-1049.10009765625,40.5,-890.100036621094,-0.567211095301354,-0.00432639525049,-0.0076206680742717,ST
328.4,-0.447410941123962,0.154320880770683,10.0697364807129,0.693601965904236,-0.25152599811554,-0.0228659994900227,-1063.5,48.9000015258789,-897.300048828125,-0.567263412512495,-0.0359697722852326,-0.0147355802815586,ST
328.433333333333,-0.171667039394379,0.149535745382309,10.122971534729,0.746955990791321,-0.411587983369827,-0.114329993724823,-1053.90002441406,44.1000022888184,-894.900024414062,-0.5669671124511,-0.0202153282232439,-0.0158004662518059,ST
328.466666666667,-0.336754500865936,0.147143170237541,10.0811014175415,0.510673999786377,-0.472563982009888,-0.396344006061554,-1051.5,40.5,-904.500061035156,-0.566001101112693,-0.0300841754522318,-0.0155342613967267,ST
328.5,-0.344530344009399,0.211144462227821,9.73896408081055,0.114329993724823,-0.266770005226135,-0.381099998950958,-1051.5,38.7000007629395,-904.500061035156,-0.565191243226015,-0.0340928794948081,-0.020793775535475,ST
328.533333333333,-0.14355431497097,0.107067592442036,9.30471229553223,0.129574000835419,0.0533539988100529,-0.503051996231079,-1051.5,46.5,-909.300048828125,-0.563833420188013,-0.0192726624300868,-0.0135412116094473,ST
328.566666666667,0.0807493031024933,0.164489313960075,8.9954719543457,0.0762199983000755,0.0,-0.861285984516144,-1053.90002441406,42.9000015258789,-909.300048828125,-0.561879010697598,0.0032631784896372,-0.0174308196221277,ST
328.6,-0.1722651720047,0.0651975870132446,9.27719783782959,0.282013982534409,0.0381099991500378,-0.777444005012512,-1065.90002441406,38.7000007629395,-906.900024414062,-0.560042159504121,-0.0142333173607559,-0.0095071184376505,ST
328.633333333333,-0.44322395324707,0.177050322294235,9.7479362487793,0.0685980021953583,-0.289635986089706,-0.67835795879364,-1058.70007324219,39.9000015258789,-902.100036621094,-0.558651870610171,-0.0387528873973245,-0.0164804019697537,ST
328.666666666667,-0.348717361688614,0.106469452381134,10.0021467208862,0.198172003030777,-0.381099998950958,-0.327746003866196,-1063.5,33.3000030517578,-909.300048828125,-0.557627869180184,-0.0349560150178425,-0.011893700338591,ST
328.7,-0.37324121594429,0.110058307647705,10.0374374389648,0.411587983369827,-0.350611984729767,-0.0685980021953583,-1065.90002441406,42.3000030517578,-902.100036621094,-0.557420546114076,-0.0362328557122032,-0.0117216098353419,ST
328.733333333333,-0.343932211399078,0.189611315727234,9.93814563751221,0.388722002506256,-0.259148001670837,-0.0838419944047928,-1058.70007324219,37.5,-914.100036621094,-0.557413805928448,-0.0345597443280733,-0.0181321439372071,ST
328.766666666667,-0.291893780231476,0.23925718665123,9.47159385681152,0.503051996231079,-0.129574000835419,-0.144817993044853,-1065.90002441406,41.7000007629395,-906.900024414062,-0.55724623293282,-0.0313803900749993,-0.0245143150591082,ST
328.8,-0.425279647111893,0.0454588644206524,9.27719783782959,0.358233988285065,0.358233988285065,-0.304879993200302,-1061.10009765625,36.9000015258789,-899.700012207031,-0.555960177926206,-0.0434074811192497,-0.0093369365394586,ST
328.833333333333,-0.544908225536346,0.239855334162712,9.1988410949707,-0.190549999475479,-0.0533539988100529,-0.114329993724823,-1051.5,37.5,-897.300048828125,-0.55637287517223,-0.0562651461130635,-0.022797185832863,ST
328.866666666667,-0.640611112117767,0.07656230032444,9.71264553070068,-0.503051996231079,-0.282013982534409,0.175305992364883,-1058.70007324219,38.7000007629395,-892.500061035156,-0.556080657549562,-0.0635302214634071,-0.010203324092679,ST
328.9,-0.167480036616325,0.01914057508111,9.5146598815918,-0.472563982009888,-0.975615978240967,0.205793991684914,-1063.5,46.5,-909.300048828125,-0.556268047056866,-0.0254961233989144,-0.0030115320223272,ST
328.933333333333,-0.160302311182022,-0.0484495796263218,9.77604866027832,-0.106707997620106,-0.815553963184357,0.358233988285065,-1058.70007324219,39.3000030517578,-914.100036621094,-0.556960362280093,-0.0170940820327907,0.0034894933250383,ST
328.966666666667,-0.0358885787427425,0.0011962859425693,9.83705902099609,-0.114329993724823,-1.04421401023865,0.198172003030777,-1065.90002441406,38.7000007629395,-892.500061035156,-0.557497346765579,-0.0043878900334216,0.0006480822077969,ST
329.0,-0.230883181095123,-0.101684302091599,9.79339504241943,0.0152439996600151,-1.06708002090454,0.304879993200302,-1061.10009765625,37.5,-902.100036621094,-0.558162292129222,-0.0186182159404421,0.0086156379435605,ST
329.033333333333,0.0071777156554162,-0.151928320527077,9.36213397979736,0.0838419944047928,-0.67835795879364,0.167683988809586,-1075.5,38.1000022888184,-911.700012207031,-0.558526934185848,-0.001724642450448,0.0147462597239793,ST
329.066666666667,-0.186620607972145,0.07656230032444,9.93395805358887,0.411587983369827,-0.274392008781433,0.221037998795509,-1068.30004882812,37.5,-897.300048828125,-0.559186240262075,-0.0149637787124959,-0.0037580715095494,ST
329.1,-0.218920320272446,-0.0897214487195015,9.3956298828125,0.541162014007568,-0.175305992364883,0.129574000835419,-1065.90002441406,42.9000015258789,-894.900024414062,-0.559283290362076,-0.0213726512717449,0.0061091625931106,ST
329.133333333333,-0.446214646100998,0.13398402929306,9.88311672210693,0.609759986400604,0.167683988809586,0.0609759986400604,-1073.10009765625,44.7000007629395,-897.300048828125,-0.559893668243151,-0.0405633555409853,-0.0104426232623748,ST
329.166666666667,-0.236864611506462,0.132189601659775,9.33342266082764,0.548784017562866,-0.144817993044853,-0.137196004390717,-1073.10009765625,40.5,-892.500061035156,-0.559620758093747,-0.0275532029508509,-0.0143769576773762,ST
329.2,-0.324193477630615,0.072973445057869,10.0081281661987,0.121951997280121,-0.480185985565186,-0.350611984729767,-1075.5,38.1000022888184,-906.900024414062,-0.558631934083813,-0.0307440925561482,-0.0088744247439002,ST
329.233333333333,-0.0939084440469742,0.0663938671350479,9.61335372924805,0.0609759986400604,-0.945127964019775,-0.411587983369827,-1075.5,42.3000030517578,-906.900024414062,-0.557630631490553,-0.0126820375266926,-0.0073773809830018,ST
329.266666666667,-0.0921140164136887,0.0544310100376606,9.42852783203125,-0.213415995240211,-0.815553963184357,-0.609759986400604,-1068.30004882812,45.3000030517578,-892.500061035156,-0.556158531862932,-0.0091738959315581,-0.0057667440992041,ST
329.3,0.227892473340034,-0.13398402929306,9.33820819854736,-0.403965979814529,-0.274392008781433,-0.6250039935112,-1073.10009765625,44.7000007629395,-911.700012207031,-0.554750151372494,0.018420276394097,0.0110904150608196,ST
329.333333333333,-0.144750595092773,-0.068188302218914,9.39503192901611,-0.403965979814529,-0.236281991004944,-0.663114011287689,-1063.5,44.7000007629395,-892.500061035156,-0.553164528710847,-0.0086440341427521,0.0085576730516493,ST
329.366666666667,-0.135180309414864,-0.249425619840622,9.49312686920166,-0.541162014007568,0.0457319989800453,-0.3125019967556,-1077.90002441406,41.1000022888184,-897.300048828125,-0.55229411136446,-0.0131630051131615,0.0234585177003478,ST
329.4,-0.339745193719864,-0.431859225034714,9.81911468505859,-0.449698001146317,0.137196004390717,0.0381099991500378,-1063.5,36.9000015258789,-906.900024414062,-0.552023956453247,-0.0304354790419585,0.0404461840935572,ST
329.433333333333,-0.267369896173477,-0.565245091915131,9.93216419219971,-0.579271972179413,-0.0762199983000755,0.144817993044853,-1068.30004882812,39.3000030517578,-899.700012207031,-0.552001533136717,-0.0274928770148027,0.0543451305680891,ST
329.466666666667,-0.149535745382309,-0.57361912727356,9.66000938415527,-0.327746003866196,-0.571649968624115,0.274392008781433,-1080.30004882812,47.1000022888184,-906.900024414062,-0.5526877992377,-0.0166658764966684,0.0589455005358979,ST
329.5,-0.2613884806633,-0.583787560462952,9.81492805480957,-0.198172003030777,-0.46494197845459,0.647870004177094,-1063.5,41.7000007629395,-882.900024414062,-0.554284462808089,-0.0240953671602423,0.0595806606174271,ST
329.533333333333,-0.104675017297268,-0.725547432899475,9.30411434173584,0.243903994560242,-0.449698001146317,1.02897000312805,-1065.90002441406,38.7000007629395,-904.500061035156,-0.556655264643297,-0.0128317330460786,0.0743842582876163,ST
329.566666666667,-0.394774347543716,-0.55567479133606,9.59600734710693,0.426831990480423,-0.480185985565186,1.2347639799118,-1065.90002441406,35.7000007629395,-899.700012207031,-0.560155520684636,-0.0357302445221541,0.0599457082167583,ST
329.6,-0.377428203821182,-0.331969350576401,9.64924240112305,0.792688012123108,-0.556405961513519,1.60061991214752,-1075.5,48.3000030517578,-902.100036621094,-0.564992383636367,-0.0378051872549831,0.0374401309186908,ST
329.633333333333,-0.16568560898304,-0.420494496822357,9.66060733795166,0.724089980125427,-0.663114011287689,2.01220798492432,-1080.30004882812,46.5,-911.700012207031,-0.569803727311163,-0.019990599506063,0.0413078310908895,ST
329.666666666667,-0.178246602416039,-0.186620607972145,9.341796875,0.830797970294952,-0.983237981796265,2.11891603469849,-1077.90002441406,36.3000030517578,-892.500061035156,-0.57537075152918,-0.0179126904167973,0.0225360465913893,ST
329.7,0.0657957270741463,-0.340343356132507,9.62053108215332,0.289635986089706,-1.05183601379395,1.80641400814056,-1070.70007324219,42.9000015258789,-887.700012207031,-0.579519569256676,0.0032363976495624,0.0323663893863013,ST
329.733333333333,0.301464051008224,-0.515001118183136,9.37589073181152,0.137196004390717,-0.92988395690918,1.6615959405899,-1080.30004882812,41.1000022888184,-897.300048828125,-0.58371008346827,0.0274661137988024,0.0501911896544245,ST
329.766666666667,-0.190209463238716,-0.186620607972145,9.76647853851318,0.746955990791321,-0.868907988071442,1.60824191570282,-1080.30004882812,41.1000022888184,-899.700012207031,-0.587731370966575,-0.0108635020962803,0.0229043909258694,ST
329.8,0.0233275759965181,-0.291295617818832,9.81014251708984,0.807931959629059,-0.952749967575073,1.56251001358032,-1070.70007324219,40.5,-892.500061035156,-0.591353990811706,0.0009786650248148,0.0271870228883692,ST
329.833333333333,0.193200185894966,-0.283519774675369,10.035044670105,1.01372599601746,-1.12043392658234,1.53964400291443,-1080.30004882812,45.3000030517578,-911.700012207031,-0.594984723047691,0.0170643944813405,0.0266469356118618,ST
329.866666666667,0.334361910820007,-0.0945065915584564,9.93395805358887,0.815553963184357,-1.31098401546478,1.42531394958496,-1070.70007324219,44.7000007629395,-906.900024414062,-0.598008173217673,0.0320977784162998,0.0118876166164126,ST
329.9,0.771604418754578,-0.18183545768261,9.48236083984375,0.701223969459534,-0.87652999162674,1.52439999580383,-1082.70007324219,39.9000015258789,-885.300048828125,-0.601887088594495,0.0724692145006171,0.0168541123891416,ST
329.933333333333,0.625657558441162,-0.173461467027664,9.49551963806152,0.647870004177094,-0.586893975734711,1.34147191047668,-1065.90002441406,40.5,-909.300048828125,-0.605316872511328,0.0677858057086185,0.0172189157752035,ST
329.966666666667,0.501243829727173,-0.10527316480875,9.62112998962402,0.846041977405548,-0.922261953353882,1.43293595314026,-1070.70007324219,45.3000030517578,-909.300048828125,-0.608583556862696,0.0561543655107465,0.0109712115733486,ST
330.0,0.714780867099762,-0.0735715851187706,9.28258037567139,0.861285984516144,-1.2500079870224,1.2423859834671,-1077.90002441406,44.7000007629395,-904.500061035156,-0.611365988242413,0.0744039027402621,0.0074607909790778,ST
330.033333333333,0.55866551399231,0.18183545768261,9.60318565368652,1.30336201190948,-1.18903195858002,1.41006994247437,-1073.10009765625,43.5,-899.700012207031,-0.613239165092251,0.063063455131497,-0.0153046380720474,ST
330.066666666667,0.886447906494141,0.395970642566681,9.51645469665527,1.19665396213531,-1.55488801002502,1.72257196903229,-1082.70007324219,48.3000030517578,-916.500061035156,-0.615603039660537,0.0890488322029729,-0.0377536780844433,ST
330.1,1.1496307849884,0.47552365064621,9.32744121551514,0.975615978240967,-1.49391198158264,2.08842802047729,-1087.5,38.7000007629395,-894.900024414062,-0.619398047576059,0.118375197243388,-0.0494911328219496,ST
330.133333333333,1.36017715930939,0.114245310425758,9.63668155670166,0.533540010452271,-1.10518991947174,2.21037983894348,-1080.30004882812,39.9000015258789,-899.700012207031,-0.628300004471704,0.137447466747088,-0.0198020952965669,ST
330.166666666667,1.63173401355743,-0.0807493031024933,9.50389385223389,-0.114329993724823,-1.41769194602966,1.51677799224854,-1077.90002441406,35.7000007629395,-892.500061035156,-0.635165516695531,0.165447608585413,0.0032598106500854,ST
330.2,1.42537474632263,0.0813474431633949,9.82390022277832,-0.0228659994900227,-1.18903195858002,0.960371971130371,-1075.5,40.5,-904.500061035156,-0.636020632307374,0.149607313118912,-0.0059821080303438,ST
330.233333333333,1.1615936756134,0.269164323806763,9.40101337432861,0.815553963184357,-0.602137982845306,1.6615959405899,-1075.5,39.9000015258789,-904.500061035156,-0.637684669253595,0.128299912297834,-0.025698975180041,ST
330.266666666667,1.20944511890411,0.0783567279577255,10.082896232605,0.983237981796265,-0.480185985565186,2.11891603469849,-1073.10009765625,41.7000007629395,-897.300048828125,-0.644805066131182,0.121708874074975,-0.0120032557686223,ST
330.3,1.18851006031036,0.634629666805267,9.59002590179443,1.43293595314026,-1.07470202445984,1.82927989959717,-1080.30004882812,44.7000007629395,-902.100036621094,-0.643851905933994,0.124444659283118,-0.0575253817295258,ST
330.333333333333,1.08144247531891,0.650181412696838,9.90345287322998,1.31098401546478,-0.967993974685669,2.23324584960938,-1063.5,42.3000030517578,-899.700012207031,-0.648237246997878,0.113285818943545,-0.0654146510590807,ST
330.366666666667,1.48339462280273,0.698032855987549,9.34897422790527,0.365855991840363,-1.41006994247437,2.12653803825378,-1070.70007324219,40.5,-892.500061035156,-0.652381858292728,0.151857309412348,-0.0731015059345404,ST
330.4,1.49176859855652,0.468944102525711,8.90515232086182,-0.358233988285065,-0.0533539988100529,2.35519790649414,-1080.30004882812,41.7000007629395,-892.500061035156,-0.660714118875163,0.163551958583169,-0.0552194893140899,ST
330.433333333333,0.997104346752167,-0.337352633476257,9.37230205535889,-1.02134799957275,0.830797970294952,2.27897787094116,-1065.90002441406,42.3000030517578,-909.300048828125,-0.67605763277346,0.116474243577416,0.0195147273642899,ST
330.466666666667,0.82962429523468,-0.881662726402283,9.84124660491943,-1.85976791381836,0.282013982534409,1.44055795669556,-1080.30004882812,42.3000030517578,-894.900024414062,-0.684914378740578,0.0898861460785527,0.0780777099452034,ST
330.5,0.681284844875336,-1.30036282539368,10.1953468322754,-2.26373386383057,-0.152439996600151,1.07470202445984,-1063.5,45.3000030517578,-899.700012207031,-0.690378158120819,0.071032123874758,0.120303042785164,ST
330.533333333333,1.09280717372894,-1.52047944068909,9.13962459564209,-1.91312193870544,0.350611984729767,0.472563982009888,-1073.10009765625,45.3000030517578,-894.900024414062,-0.694435488108815,0.108018109582165,0.159116252895557,ST
330.566666666667,0.701023578643799,-1.54619956016541,10.4848480224609,-1.65397393703461,0.411587983369827,-0.0685980021953583,-1065.90002441406,42.9000015258789,-887.700012207031,-0.693046675607833,0.0734532904856285,0.15113914565521,ST
330.6,0.349315494298935,-1.3039516210556,10.6786460876465,-0.899396002292633,-0.350611984729767,-0.3125019967556,-1065.90002441406,39.9000015258789,-885.300048828125,-0.691042320328415,0.0412665489061338,0.128701118436889,ST
330.633333333333,1.77229762077332,-1.50971281528473,10.4166603088379,-1.00610399246216,-1.12805593013763,-0.868907988071442,-1070.70007324219,44.7000007629395,-906.900024414062,-0.690441386013108,0.143172627174445,0.14210577583945,ST
330.666666666667,2.29507446289062,-0.848764896392822,10.2940406799316,-0.0914639979600906,-2.15702605247498,-1.59299790859222,-1063.5,41.7000007629395,-887.700012207031,-0.678574568578937,0.208525109903715,0.0928315904039209,ST
330.7,3.51169729232788,-0.0807493031024933,8.29743957519531,0.807931959629059,-1.77592599391937,-0.0990860015153885,-1080.30004882812,50.7000007629395,-882.900024414062,-0.659615250798149,0.368443776523557,0.0242780690763052,ST
330.733333333333,3.27004766464233,-0.0496458671987057,9.32863807678223,0.586893975734711,-1.06708002090454,1.31098401546478,-1082.70007324219,47.1000022888184,-902.100036621094,-0.657660496603122,0.344248053025239,0.00852003909041,ST
330.766666666667,3.73061776161194,0.182433605194092,9.46561241149902,0.525918006896973,-1.58537602424622,2.080806016922,-1085.10009765625,44.7000007629395,-899.700012207031,-0.65497350767547,0.371736097615791,-0.0135737262075503,ST
330.8,3.9818377494812,0.153722748160362,9.16953182220459,0.777444005012512,-0.922261953353882,2.67532205581665,-1077.90002441406,43.5,-880.500061035156,-0.660538777144212,0.403315868149475,-0.0156525127623961,ST
330.833333333333,3.52784729003906,0.56464695930481,10.0488023757935,1.2576299905777,-0.480185985565186,2.60672402381897,-1077.90002441406,42.9000015258789,-878.100036621094,-0.655037228619739,0.351318443733108,-0.0485335265811861,ST
330.866666666667,3.70071053504944,0.635227859020233,9.63189601898193,1.87501192092896,-0.0457319989800453,2.5152599811554,-1087.5,35.1000022888184,-897.300048828125,-0.65667515789381,0.363394837503931,-0.063644700603433,ST
330.9,3.28380489349365,0.836203873157501,9.48774337768555,1.77592599391937,0.381099998950958,2.23324584960938,-1077.90002441406,39.3000030517578,-904.500061035156,-0.655826718774348,0.338062429900707,-0.0844086226431301,ST
330.933333333333,2.67250275611877,1.03239476680756,9.81552600860596,1.56251001358032,0.663114011287689,2.31708788871765,-1075.5,45.3000030517578,-906.900024414062,-0.656798835739006,0.278664521890138,-0.101943017527034,ST
330.966666666667,2.46614336967468,1.08682572841644,9.87115383148193,1.49391198158264,0.891773998737335,2.62196803092957,-1089.90002441406,39.9000015258789,-904.500061035156,-0.661809966241182,0.249668045160179,-0.109205849021937,ST
331.0,2.69104528427124,1.06290006637573,9.69769191741943,1.2347639799118,0.670735955238342,2.18751406669617,-1056.30004882812,43.5,-894.900024414062,-0.667321018570867,0.264624257347884,-0.110062643710401,ST
331.033333333333,1.65266907215118,1.21303391456604,9.59062480926514,1.12805593013763,1.51677799224854,1.88263392448425,-1070.70007324219,41.7000007629395,-911.700012207031,-0.669452856078983,0.186737084530269,-0.123670948865178,ST
331.066666666667,0.738706588745117,1.46186137199402,9.31248760223389,1.08994603157043,2.5000159740448,2.40855193138123,-1063.5,37.5,-887.700012207031,-0.672247243769671,0.0971309890216545,-0.150376010872434,ST
331.1,0.0460570082068443,0.819455862045288,9.87294769287109,0.37347799539566,2.80489587783813,3.65093803405762,-1037.10009765625,41.1000022888184,-906.900024414062,-0.684576618785712,0.0199932405117312,-0.0967023000246207,ST
331.133333333333,-0.271556913852692,0.708799421787262,10.3747901916504,-0.221037998795509,1.33385002613068,3.29270386695862,-1051.5,35.7000007629395,-906.900024414062,-0.693106003677543,-0.0199230863314829,-0.0727259054843507,ST
331.166666666667,-0.381615221500397,0.324193477630615,11.1057205200195,-0.510673999786377,-0.259148001670837,2.5152599811554,-1053.90002441406,38.1000022888184,-904.500061035156,-0.697987576444444,-0.0309072667507681,-0.0373506015683751,ST
331.2,-0.272753208875656,0.247631192207336,10.7300863265991,-0.495429992675781,-1.94360995292664,1.02897000312805,-1063.5,39.3000030517578,-892.500061035156,-0.69991724392129,-0.023767612999587,-0.0252957316495339,ST
331.233333333333,0.283519774675369,-0.148339450359344,10.3299293518066,-1.08232402801514,-3.91770792007446,-0.853663980960846,-1056.30004882812,38.1000022888184,-899.700012207031,-0.697852308292541,0.0225738309789001,0.0078613712063907,ST
331.266666666667,0.826035439968109,-0.494664251804352,9.10493278503418,-1.50915598869324,-6.67687177658081,-3.3613018989563,-1056.30004882812,45.3000030517578,-897.300048828125,-0.692460115198788,0.086155712664048,0.0466958644048744,ST
331.3,1.06469452381134,-0.619676113128662,8.49961185455322,-1.77592599391937,-6.98937368392944,-4.54271173477173,-1063.5,49.5000038146973,-885.300048828125,-0.68496655816345,0.126729876175652,0.0693235570950977,ST
331.333333333333,1.41879510879517,-0.944467723369598,8.8878059387207,-1.36433792114258,-4.984787940979,-4.35216188430786,-1080.30004882812,48.3000030517578,-894.900024414062,-0.679889910222306,0.15872463185583,0.0995676385181328,ST
331.366666666667,1.05392789840698,-1.00188946723938,8.9476203918457,-0.182927995920181,-3.23934984207153,-4.26069784164429,-1089.90002441406,40.5,-899.700012207031,-0.672234734946999,0.130145830849309,0.108617113509224,ST
331.4,0.535936117172241,-1.29378318786621,8.77655220031738,-0.0304879993200302,-2.31708788871765,-3.25459384918213,-1092.30004882812,47.1000022888184,-894.900024414062,-0.668583331099771,0.078215268847399,0.138454116898983,ST
331.433333333333,0.575413525104523,-1.98404026031494,8.64496040344238,-1.2347639799118,-1.2500079870224,-2.62196803092957,-1097.10009765625,41.1000022888184,-882.900024414062,-0.668196980949826,0.0699450441797263,0.209499261211549,ST
331.466666666667,0.855942606925964,-2.43145108222961,9.07801628112793,-3.11739802360535,-0.396344006061554,-3.3689239025116,-1099.5,47.7000007629395,-894.900024414062,-0.663374282869225,0.0890806849329506,0.257055892567429,ST
331.5,0.797324597835541,-2.35488891601562,9.80416107177734,-3.33081388473511,-0.182927995920181,-4.55795574188232,-1089.90002441406,48.3000030517578,-887.700012207031,-0.65055288013317,0.082497119114497,0.243599414659869,ST
331.533333333333,0.856540739536285,-2.48348951339722,9.86457347869873,-2.9268479347229,-0.320124000310898,-4.87045812606812,-1109.10009765625,48.9000015258789,-875.700012207031,-0.638819017195334,0.0859406772050646,0.249801120332821,ST
331.566666666667,0.654966533184052,-2.29627084732056,9.80296516418457,-2.20275783538818,0.304879993200302,-4.79423809051514,-1130.70007324219,47.7000007629395,-880.500061035156,-0.62653272001464,0.0703646214384209,0.236631710300996,ST
331.6,0.75545459985733,-1.45468366146088,9.84004974365234,-0.960371971130371,-0.419209986925125,-3.91770792007446,-1116.30004882812,44.1000022888184,-890.100036621094,-0.612536908363971,0.0763486992763857,0.165805252489768,ST
331.633333333333,1.15321969985962,-0.943271458148956,9.65582180023193,-0.0,-1.95885396003723,-3.12502002716064,-1125.90002441406,44.7000007629395,-866.100036621094,-0.600843618735822,0.113156975800202,0.110795936887648,ST
331.666666666667,1.41161739826202,-0.508421540260315,8.94522857666016,1.04421401023865,-2.79727387428284,-2.26373386383057,-1133.10009765625,40.5,-885.300048828125,-0.590635691985942,0.151743300006593,0.0658480705349601,ST
331.7,1.48997414112091,0.0209350045770407,8.82799243927002,1.92074394226074,-1.72257196903229,-1.41769194602966,-1130.70007324219,39.9000015258789,-885.300048828125,-0.578328169482948,0.167384937826341,0.0052321866231297,ST
331.733333333333,1.92003893852234,0.374437510967255,9.22396278381348,1.93598794937134,-1.59299790859222,-0.914639949798584,-1135.5,47.7000007629395,-878.100036621094,-0.569813333385835,0.199678056079267,-0.0342439297502408,ST
331.766666666667,1.87996339797974,0.634629666805267,8.84952545166016,1.52439999580383,-1.41769194602966,-0.243903994560242,-1145.10009765625,50.7000007629395,-897.300048828125,-0.563033572959284,0.209322500383266,-0.0676303452098296,ST
331.8,1.8566358089447,0.397166937589645,9.19046688079834,1.10518991947174,0.205793991684914,0.480185985565186,-1133.10009765625,39.9000015258789,-882.900024414062,-0.56835355399383,0.200963741984418,-0.0495044613063891,ST
331.833333333333,1.70052051544189,0.0795530155301094,9.84961986541748,0.46494197845459,0.602137982845306,0.350611984729767,-1142.70007324219,45.3000030517578,-878.100036621094,-0.575830811879809,0.175150191321894,-0.0155740206571699,ST
331.866666666667,1.66044485569,0.16269488632679,9.66957950592041,0.602137982845306,1.02897000312805,0.289635986089706,-1133.10009765625,44.7000007629395,-894.900024414062,-0.576509997036488,0.169480973231437,-0.0173881998642535,ST
331.9,1.96190893650055,0.337950766086578,9.66898155212402,0.922261953353882,0.602137982845306,0.0685980021953583,-1128.30004882812,39.3000030517578,-880.500061035156,-0.5742829375944,0.193749051866328,-0.0330884829278318,ST
331.933333333333,2.17245531082153,0.373839348554611,9.42912578582764,1.08232402801514,0.114329993724823,-0.297257989645004,-1140.30004882812,42.3000030517578,-875.700012207031,-0.572710712925919,0.219920797814336,-0.0400013834772522,ST
331.966666666667,2.18621253967285,0.102880589663982,8.98649978637695,0.769822001457214,0.442075997591019,-0.541162014007568,-1125.90002441406,44.7000007629395,-892.500061035156,-0.576771217574789,0.234237891064372,-0.0184740126360685,ST
332.0,1.74478304386139,0.190807610750198,9.26344013214111,0.190549999475479,1.10518991947174,-0.99848198890686,-1142.70007324219,40.5,-882.900024414062,-0.574187175873762,0.194249559737449,-0.0207221264387714,ST
332.033333333333,1.37632691860199,0.0933103039860725,9.63548469543457,0.0914639979600906,1.53202199935913,-0.365855991840363,-1140.30004882812,42.3000030517578,-894.900024414062,-0.5749200159926,0.149013645030216,-0.011853678434979,ST
332.066666666667,1.2178190946579,0.0771604403853416,9.65522384643555,0.0228659994900227,1.47866797447205,-0.25152599811554,-1125.90002441406,45.9000015258789,-882.900024414062,-0.574804076734838,0.128144108863037,-0.0088445983461893,ST
332.1,1.06110560894012,0.0927121639251709,9.46860313415527,0.137196004390717,1.73019397258759,-0.0990860015153885,-1128.30004882812,41.1000022888184,-878.100036621094,-0.574536943790169,0.112516405932779,-0.0098056657706575,ST
332.133333333333,0.980356335639954,-0.0741697251796722,9.59182071685791,0.175305992364883,1.31860601902008,0.0685980021953583,-1125.90002441406,43.5,-894.900024414062,-0.576221959492722,0.102164946215261,0.0039665260929023,ST
332.166666666667,0.850559294223785,-0.0442625805735588,9.50748252868652,0.259148001670837,1.02897000312805,0.297257989645004,-1121.10009765625,36.9000015258789,-892.500061035156,-0.576973320801707,0.0903955618133905,0.0041939423505711,ST
332.2,0.849363029003143,-0.0699827298521996,9.57686710357666,0.533540010452271,1.08994603157043,0.708845973014832,-1128.30004882812,36.9000015258789,-894.900024414062,-0.578858487328993,0.0873220104072271,0.0060229221439138,ST
332.233333333333,0.925925314426422,-0.0663938671350479,9.46262168884277,0.510673999786377,0.769822001457214,1.05183601379395,-1125.90002441406,39.9000015258789,-897.300048828125,-0.581386945432968,0.0943969762399233,0.0062393603081009,ST
332.266666666667,0.986337780952454,-0.0580198690295219,9.76229190826416,0.304879993200302,0.365855991840363,1.37958192825317,-1118.70007324219,41.7000007629395,-892.500061035156,-0.584761243245117,0.0990318047447801,0.00575275945133,ST
332.3,1.05811488628387,-0.0699827298521996,9.66000938415527,0.25152599811554,-0.129574000835419,1.6920839548111,-1125.90002441406,41.7000007629395,-892.500061035156,-0.588932737884906,0.107354583486765,0.0068578964464851,ST
332.333333333333,1.27823150157928,-0.174657747149467,9.47518253326416,0.160062000155449,-0.121951997280121,1.73781597614288,-1123.5,40.5,-899.700012207031,-0.594050571564111,0.128822050034156,0.0161670457688129,ST
332.366666666667,1.27882969379425,-0.241051614284515,9.40400409698486,0.0914639979600906,0.121951997280121,1.38720393180847,-1118.70007324219,47.7000007629395,-892.500061035156,-0.598244871975059,0.133635418614776,0.0238481613623556,ST
332.4,1.15680849552155,-0.257201462984085,9.46561241149902,0.0914639979600906,0.205793991684914,1.12805593013763,-1118.70007324219,43.5,-892.500061035156,-0.60118561324885,0.123669698798744,0.0265689914041783,ST
332.433333333333,1.11673295497894,-0.324193477630615,9.85978889465332,0.3125019967556,-0.167683988809586,0.92988395690918,-1123.5,38.1000022888184,-890.100036621094,-0.603974274280805,0.115122070628427,0.0313185484530061,ST
332.466666666667,1.20465993881226,-0.41750380396843,9.45903301239014,0.503051996231079,-0.442075997591019,0.914639949798584,-1111.5,36.9000015258789,-899.700012207031,-0.607396739838875,0.124816274093001,0.0409861915973667,ST
332.5,1.1657806634903,-0.444420218467712,9.39921855926514,0.449698001146317,-0.533540010452271,0.693601965904236,-1118.70007324219,48.9000015258789,-892.500061035156,-0.609782569650407,0.124268553749895,0.0455503765821463,ST
332.533333333333,1.04435765743256,-0.342137783765793,9.36572265625,0.37347799539566,-0.327746003866196,0.861285984516144,-1116.30004882812,45.9000015258789,-890.100036621094,-0.610981817614356,0.114063962153881,0.0379555253559836,ST
332.566666666667,1.1777435541153,-0.330174922943115,9.40041446685791,0.228659987449646,0.0,0.83841997385025,-1111.5,39.9000015258789,-885.300048828125,-0.612671580888726,0.122402937359702,0.0355054914341389,ST
332.6,1.35419571399689,-0.404942780733109,9.28018856048584,-0.0533539988100529,0.0762199983000755,0.823175966739655,-1113.90002441406,32.7000007629395,-885.300048828125,-0.615403339258249,0.140104737565506,0.0421994691181151,ST
332.633333333333,1.32967185974121,-0.361876487731934,9.74554347991943,-0.243903994560242,-0.25152599811554,0.525918006896973,-1118.70007324219,39.9000015258789,-878.100036621094,-0.616132190986726,0.136615714985335,0.0384297174155347,ST
332.666666666667,1.40683221817017,-0.500047504901886,9.60497951507568,-0.350611984729767,-0.693601965904236,0.46494197845459,-1111.5,44.7000007629395,-885.300048828125,-0.618749388158781,0.144439618718555,0.0498614359998325,ST
